-0.00242549 -85.23648834 -0.19268216
2.44696474 -85.23648834 1.12517130
2.77990127 -85.23648834 0.89623421
3.56526113 -85.23648834 0.09544927
3.70814276 -85.23648834 -0.11275852
3.83310962 -85.23648834 -0.30171016
3.92590117 -85.23648834 -0.48769173
3.87992024 -85.23648834 -0.74309099
0.10422319 -85.23648834 -1.07358289
0.10654718 -85.23648834 -0.88599753
0.03537545 -85.23648834 -0.53937840
0.04607724 -85.23648834 0.76487410
0.04933512 -85.23648834 0.94878876
0.09339065 -85.23648834 1.14648414
0.24220346 -85.23648834 1.29093766
0.45056963 -85.23648834 1.29797947
0.79060090 -85.23648834 1.39216840
1.03266191 -85.23648834 1.46792257
1.36174953 -85.23648834 1.46091831
1.57535350 -85.23648834 1.46746063
1.70787311 -85.23648834 1.41818714
1.85333717 -85.23648834 1.36446679
1.99576116 -85.23648834 1.31462371
2.21111774 -85.23648834 1.19095755
2.65564036 -85.24648285 0.96234435
2.86581826 -85.24648285 0.84701121
2.96693587 -85.24648285 0.75948173
3.13725233 -85.24648285 0.69613808
3.32163048 -85.24648285 0.60161263
3.44592357 -85.24648285 0.51133835
3.51430345 -85.24648285 0.24879898
3.59606504 -85.24648285 0.00154024
3.77439785 -85.24648285 -0.19177735
3.88240242 -85.24648285 -0.40059236
3.96922970 -85.24648285 -0.57169706
3.92117238 -85.24648285 -0.66940153
3.81018353 -85.24648285 -0.86286700
3.69527721 -85.24648285 -0.99637324
3.54435992 -85.24648285 -1.13024879
3.37576032 -85.24648285 -1.25141680
3.05864310 -85.24648285 -1.42488968
2.89064980 -85.24648285 -1.44945872
2.82482266 -85.24648285 -1.45500267
2.63090014 -85.24648285 -1.47063351
2.47032833 -85.24648285 -1.48174179
2.31307459 -85.24648285 -1.49249840
2.17401481 -85.24648285 -1.50869668
2.03298855 -85.24648285 -1.52660429
1.87370276 -85.24648285 -1.53612924
1.73979628 -85.24648285 -1.53292871
1.48727095 -85.24648285 -1.54865491
1.26083744 -85.24648285 -1.54921234
1.15946257 -85.24648285 -1.53583002
0.95438921 -85.24648285 -1.52481568
0.79151618 -85.24648285 -1.52295816
0.59575188 -85.24648285 -1.52200532
0.44536176 -85.24648285 -1.52628613
0.37843874 -85.24648285 -1.53043282
0.20576963 -85.24648285 -1.54097807
0.12948234 -85.24648285 -1.54942226
0.10655659 -85.24648285 -1.37663794
0.10601892 -85.24648285 -1.30877841
0.10425112 -85.24648285 -1.15399647
0.10603864 -85.24648285 -0.95830029
0.10950729 -85.24648285 -0.78105485
0.10924517 -85.24648285 -0.69523734
0.03199669 -85.24648285 -0.60723501
0.07137252 -85.24648285 -0.36471415
0.00257435 -85.24648285 -0.12867388
0.07916769 -85.24648285 0.08635958
0.07273176 -85.24648285 0.16324186
0.07338475 -85.24648285 0.22991788
0.03199608 -85.24648285 0.42044696
0.04956765 -85.24648285 0.70092750
0.05580305 -85.24648285 0.87605488
0.06719992 -85.24648285 1.06786692
0.18474223 -85.24648285 1.22660494
0.17881812 -85.24648285 1.29469514
0.37102816 -85.24648285 1.31020439
0.69742399 -85.24648285 1.37052286
0.90103978 -85.24648285 1.47951949
0.97056812 -85.24648285 1.46618152
1.26663899 -85.24648285 1.44349349
1.50598276 -85.24648285 1.48731434
1.63731670 -85.24648285 1.44212174
1.78981233 -85.24648285 1.39220417
1.92517579 -85.24648285 1.33903444
2.07349658 -85.24648285 1.19157779
2.34698820 -85.24648285 1.19081092
2.52191710 -85.24648285 1.07338536
2.57184052 -85.24648285 1.00464988
3.48622084 -85.24648285 0.37271896
3.22502995 -85.24648285 -1.34759891
1.39041352 -85.24648285 -1.54995394
-0.00126466 -85.24648285 -0.25411725
0.04114389 -85.24648285 0.57333499
0.58593875 -85.24648285 1.30449998
1.11760855 -85.24648285 1.49083698
2.07610130 -85.24648285 1.28705800
