0.04396838 50.48064423 -0.69406664
2.84204912 50.48064423 -0.41109207
1.54756331 50.48064423 0.72031713
1.32167935 50.47064972 0.66254997
1.19576669 50.47064972 0.62581122
1.06957591 50.47064972 0.61546415
0.94348776 50.47064972 0.58581531
0.77391315 50.47064972 0.53096789
0.65347099 50.47064972 0.51807022
0.52807224 50.47064972 0.46803501
0.39620367 50.47064972 0.44524917
0.33642259 50.47064972 0.42770794
0.21900988 50.47064972 0.22235559
0.15814783 50.47064972 0.10595295
0.06222743 50.47064972 -0.09865222
0.04970181 50.47064972 -0.18470034
0.06115823 50.47064972 -0.35273477
0.05716741 50.47064972 -0.42640373
0.04647845 50.47064972 -0.56494021
0.05162007 50.47064972 -0.50498754
0.04902553 50.47064972 -0.82854939
0.03361805 50.47064972 -0.75440174
0.08234146 50.47064972 -1.00737607
0.09092386 50.47064972 -1.08875132
0.14828219 50.47064972 -1.21038198
0.15469511 50.47064972 -1.27173412
0.25712219 50.47064972 -1.42359126
0.34571114 50.47064972 -1.43929005
0.51040143 50.47064972 -1.48119414
0.67324370 50.47064972 -1.47323799
0.88181454 50.47064972 -1.46652758
0.96526676 50.47064972 -1.46789598
1.05656791 50.47064972 -1.46125007
1.15410221 50.47064972 -1.47785664
1.26279831 50.47064972 -1.47419798
1.32681775 50.47064972 -1.47962892
1.41486728 50.47064972 -1.48408735
1.49125111 50.47064972 -1.47334623
1.59243286 50.47064972 -1.48445690
1.66655874 50.47064972 -1.48863637
1.76544511 50.47064972 -1.48284721
1.86801541 50.47064972 -1.47250462
1.97503257 50.47064972 -1.46202099
2.10150051 50.47064972 -1.46037090
2.23010659 50.47064972 -1.44278407
2.36933470 50.47064972 -1.39302504
2.54489517 50.47064972 -1.34753752
2.72436380 50.47064972 -1.02377713
2.85723662 50.47064972 -0.87075049
2.91522002 50.47064972 -0.70939088
2.93850851 50.47064972 -0.54920399
2.77845931 50.47064972 -0.28125054
2.71239305 50.47064972 -0.16568756
2.64149427 50.47064972 0.09993672
2.56817937 50.47064972 0.25733984
2.54143000 50.47064972 0.33589330
2.44935822 50.47064972 0.40557230
2.23789763 50.47064972 0.54671794
2.07822633 50.47064972 0.60524392
1.98636901 50.47064972 0.63221109
1.84301376 50.47064972 0.66293603
1.71280003 50.47064972 0.70833999
0.29538298 50.47064972 0.33302566
0.08321698 50.47064972 0.02162999
0.03773381 50.47064972 -0.26283851
0.06009032 50.47064972 -0.93698001
0.16119991 50.47064972 -1.39043999
0.60079771 50.47064972 -1.47286928
0.79010040 50.47064972 -1.45069385
2.66118622 50.47064972 -1.24894321
3.00802708 50.47064972 -0.62397945
2.29993248 50.47064972 0.53230423
1.46816945 50.47064972 0.72518641
