0.10458780 -17.37792206 0.03197986
1.04058909 -17.38791656 0.73720425
1.11798191 -17.38791656 0.75250638
1.19398522 -17.38791656 0.78520507
1.29543877 -17.38791656 0.79898101
1.38378072 -17.38791656 0.82027042
1.44355488 -17.38791656 0.82868713
1.50861776 -17.38791656 0.85668784
1.60718608 -17.38791656 0.82939446
1.71789253 -17.38791656 0.78960949
1.87481105 -17.38791656 0.77379942
2.01753426 -17.38791656 0.76389760
2.41260338 -17.38791656 0.49779600
2.45350075 -17.38791656 0.42640874
2.49395537 -17.38791656 0.37074804
2.51917982 -17.38791656 0.27980670
2.58490062 -17.38791656 0.17250024
2.62040591 -17.38791656 0.10663818
2.65385604 -17.38791656 0.02261666
2.67498326 -17.38791656 -0.04639752
2.66419053 -17.38791656 -0.10991409
2.71482396 -17.38791656 -0.24326026
2.75729108 -17.38791656 -0.39005554
2.69368839 -17.38791656 -0.53358042
2.65311050 -17.38791656 -0.59818810
2.61123610 -17.38791656 -0.73733699
2.58472085 -17.38791656 -0.84061939
2.61504126 -17.38791656 -0.91219801
2.61111951 -17.38791656 -0.99155200
2.55648947 -17.38791656 -1.08351541
2.56131482 -17.38791656 -1.15553784
2.58709836 -17.38791656 -1.25394058
2.53772521 -17.38791656 -1.32284951
2.45995140 -17.38791656 -1.40197515
2.37474608 -17.38791656 -1.42112291
2.31007886 -17.38791656 -1.43908262
2.21794057 -17.38791656 -1.44373500
2.11657810 -17.38791656 -1.44084394
2.03277206 -17.38791656 -1.43523669
1.96164095 -17.38791656 -1.43370223
1.83974612 -17.38791656 -1.43508303
1.77837372 -17.38791656 -1.43634975
1.69402003 -17.38791656 -1.43245971
1.60161853 -17.38791656 -1.42730451
1.52524793 -17.38791656 -1.42765415
1.36204875 -17.38791656 -1.43235314
1.22391570 -17.38791656 -1.43247306
1.13091695 -17.38791656 -1.42517078
1.01012111 -17.38791656 -1.43666768
0.94361192 -17.38791656 -1.44459164
0.83300883 -17.38791656 -1.44191194
0.75316256 -17.38791656 -1.43437660
0.66568303 -17.38791656 -1.42456543
0.57691586 -17.38791656 -1.40891266
0.51710415 -17.38791656 -1.38697708
0.45228475 -17.38791656 -1.39795053
0.34518966 -17.38791656 -1.41416657
0.21776773 -17.38791656 -1.42383742
0.12452601 -17.38791656 -1.41790271
0.02933466 -17.38791656 -1.40253115
-0.05420897 -17.38791656 -1.34369671
-0.10099501 -17.38791656 -1.28826499
-0.11648796 -17.38791656 -1.02798164
-0.08650847 -17.38791656 -0.90069276
-0.05610209 -17.38791656 -0.78540456
-0.04839797 -17.38791656 -0.66437387
-0.03561304 -17.38791656 -0.56582552
0.00718260 -17.38791656 -0.44789153
0.01211892 -17.38791656 -0.38357592
0.02740543 -17.38791656 -0.25061876
0.03031298 -17.38791656 -0.18017372
0.05514530 -17.38791656 -0.09400732
0.08522467 -17.38791656 -0.02938089
0.15937674 -17.38791656 0.10826866
0.22819534 -17.38791656 0.23185693
0.26813805 -17.38791656 0.36893201
0.30324587 -17.38791656 0.46517217
0.39457580 -17.38791656 0.57844120
0.49405220 -17.38791656 0.64640146
0.56807846 -17.38791656 0.66100693
0.67757213 -17.38791656 0.66003269
0.76450199 -17.38791656 0.67779154
0.93829739 -17.38791656 0.73467612
-0.11690016 -17.38791656 -1.17305529
1.29191303 -17.38791656 -1.42880893
1.44968712 -17.38791656 -1.43296289
2.67811847 -17.38791656 -0.65570337
2.15263677 -17.38791656 0.68562239
