-1.03646016 23.70121002 -0.17214511
-0.99764937 23.70121002 -0.37169635
-0.98486996 23.70121002 -0.46623397
-0.83115095 23.70121002 -0.57975751
-0.93855774 23.70121002 -0.52563882
-1.02665722 23.70121002 -0.28018764
-1.28475893 23.70121002 -1.32543063
-1.28791392 23.70121002 -0.05972519
-1.45235455 23.70121002 0.02455324
-1.60532618 23.70121002 0.02207857
-1.53912771 23.70121002 -1.38250792
-1.66160774 23.70121002 0.06623079
-1.99855840 23.70121002 -1.39917004
-2.05346227 23.70121002 0.16552430
-2.09221101 23.70121002 0.21890850
-2.16806102 23.70121002 0.27385804
-2.24371481 23.70121002 0.19821863
-2.36904430 23.70121002 -1.39907372
-2.31423616 23.70121002 0.11327945
-2.44223285 23.70121002 0.02020141
-2.70434594 23.70121002 0.09017792
-3.02824593 23.70121002 0.29347986
-3.16609049 23.70121002 0.33050269
-3.38230324 23.70121002 0.31341955
-3.72719884 23.70121002 0.02438357
-0.62795281 23.70121002 -1.03234065
-0.61408341 23.70121002 -1.11396205
-0.64859962 23.70121002 -0.80750918
-0.63226646 23.70121002 -0.88285094
-0.71766323 23.70121002 -0.66581625
-0.68272775 23.70121002 -0.75416386
-2.82824898 23.70121002 0.17071575
1.52915132 23.69121552 0.80368292
1.63349068 23.69121552 0.79396790
1.79404140 23.69121552 0.81879282
1.86811948 23.69121552 0.80506164
1.98516393 23.69121552 0.80133140
2.13003612 23.69121552 0.81661916
2.21669316 23.69121552 0.82101417
2.34274101 23.69121552 0.78942972
2.44341159 23.69121552 0.73312008
2.54490995 23.69121552 0.72066915
2.65294647 23.69121552 0.63275480
2.76055813 23.69121552 0.54008609
2.92083454 23.69121552 0.43020609
3.05303097 23.69121552 0.36735645
3.14813375 23.69121552 0.28902134
3.20171285 23.69121552 0.16182472
3.22834706 23.69121552 0.10293115
3.25614691 23.69121552 0.03742417
3.29702473 23.69121552 -0.04000868
3.34040308 23.69121552 -0.14302306
3.31676555 23.69121552 -0.23766330
3.28001261 23.69121552 -0.38096672
3.27060580 23.69121552 -0.54560775
3.21975183 23.69121552 -0.79819435
3.19523501 23.69121552 -0.89522386
3.12107158 23.69121552 -0.95831633
3.10473108 23.69121552 -1.04503536
2.99718547 23.69121552 -1.08029485
2.87440252 23.69121552 -1.21023643
2.76598430 23.69121552 -1.23875749
2.63155365 23.69121552 -1.27105296
2.29555488 23.69121552 -1.32885778
2.23461795 23.69121552 -1.33586371
2.17326713 23.69121552 -1.34242868
2.07777524 23.69121552 -1.35412097
2.01286221 23.69121552 -1.36275029
1.86806965 23.69121552 -1.37557042
1.72635043 23.69121552 -1.37903833
1.61129034 23.69121552 -1.38479006
1.51216805 23.69121552 -1.38349950
1.40166128 23.69121552 -1.38043690
1.32937777 23.69121552 -1.37892604
1.15810931 23.69121552 -1.37960589
1.00704670 23.69121552 -1.38627565
0.85501629 23.69121552 -1.40256417
0.69170737 23.69121552 -1.43303442
0.53356457 23.69121552 -1.45075476
0.33936232 23.69121552 -1.44641948
0.12911066 23.69121552 -1.43379700
-0.30444503 23.69121552 -1.36189926
-0.34286019 23.69121552 -1.11469173
-0.36256367 23.69121552 -0.93252027
-0.38194731 23.69121552 -0.73861861
-0.39112875 23.69121552 -0.55820233
-0.39903685 23.69121552 -0.38443667
-0.42456535 23.69121552 -0.14124945
-0.43785471 23.69121552 0.09333295
-0.45993704 23.69121552 0.26249197
-0.47645351 23.69121552 0.33662385
-0.37005612 23.69121552 0.39823195
-0.26806229 23.69121552 0.54652107
-0.15608186 23.69121552 0.66951191
0.01789995 23.69121552 0.85282958
0.12688510 23.69121552 0.90389347
0.33281732 23.69121552 0.87582183
0.48781344 23.69121552 0.85497290
0.55305368 23.69121552 0.83353782
0.66577244 23.69121552 0.81750476
0.73921800 23.69121552 0.80750376
0.86221617 23.69121552 0.75461555
0.93420619 23.69121552 0.77456689
1.03016400 23.69121552 0.77041173
1.09406388 23.69121552 0.77701372
1.16514528 23.69121552 0.77887982
1.24843752 23.69121552 0.74776465
1.32501757 23.69121552 0.73429364
1.45085144 23.69121552 0.79351127
0.06471755 23.69121552 0.91446322
-0.08191025 23.69121552 -1.40060639
2.35981250 23.69121552 -1.32065904
2.97265196 23.69121552 -1.18273962
3.22855568 23.69121552 -0.70742923
2.82528591 23.69121552 0.48958030
1.70521271 23.69121552 0.80779505
-0.90104347 23.69121552 -0.13078637
-0.90308261 23.69121552 -0.22518475
-0.89113337 23.69121552 -0.28662366
-0.83227116 23.69121552 -0.50084323
-0.83438122 23.69121552 -1.12681198
-1.03132915 23.69121552 -1.14563823
-1.11870706 23.69121552 -0.10338166
-1.10861444 23.69121552 -1.15566814
-1.33766437 23.69121552 -1.37702429
-1.22562504 23.69121552 -0.06149834
-1.39487624 23.69121552 0.07697419
-1.42957449 23.69121552 -1.38557589
-1.49271858 23.69121552 0.07539137
-1.54204690 23.69121552 0.11408881
-1.62220871 23.69121552 -1.38645720
-1.66510260 23.69121552 0.15757228
-1.86608076 23.69121552 -1.39619744
-1.89374745 23.69121552 0.20184529
-1.92834711 23.69121552 -1.39917004
-1.95321321 23.69121552 0.21351127
-2.09356523 23.69121552 0.31829193
-2.18085527 23.69121552 -1.40053225
-2.17646241 23.69121552 0.36507121
-2.28284788 23.69121552 0.27071100
-2.37794161 23.69121552 0.16270097
-2.25804400 23.69121552 -1.40460718
-2.44420862 23.69121552 -1.39903593
-2.44180584 23.69121552 0.11562404
-2.62534595 23.69121552 -1.39796233
-2.53660774 23.69121552 0.13840413
-2.63733077 23.69121552 0.19106549
-2.71769071 23.69121552 -1.37946808
-2.87051249 23.69121552 0.29373631
-2.99852705 23.69121552 -1.36242580
-2.96577096 23.69121552 0.30712220
-3.21152449 23.69121552 -1.33866918
-3.10116673 23.69121552 0.34348741
-3.23233175 23.69121552 0.33332819
-3.31481957 23.69121552 0.32469511
-3.27698970 23.69121552 -1.33025849
-3.57564044 23.69121552 -1.27956772
-3.53542328 23.69121552 0.30917645
-3.69420767 23.69121552 -1.13207567
-3.74565601 23.69121552 -1.06799281
-3.63797235 23.69121552 0.07437322
-3.57306600 23.69121552 0.25868055
-3.59191704 23.69121552 0.17590539
-3.80123973 23.69121552 -0.83813673
-3.76905894 23.69121552 -0.97164887
-0.54382950 23.69121552 -1.11595309
-0.56289083 23.69121552 -1.00377762
-0.56612718 23.69121552 -0.89162123
-0.58843786 23.69121552 -0.78870642
-0.63505596 23.69121552 -0.71583813
-0.64796495 23.69121552 -0.63911879
-0.71991283 23.69121552 -0.58360624
-0.52857429 23.69121552 -0.94886792
-3.77608657 23.69121552 -0.04569693
-3.77934146 23.69121552 -0.14716093
-3.78469872 23.69121552 -0.31761712
-3.78718042 23.69121552 -0.39148331
-3.79117346 23.69121552 -0.52188343
-3.79746890 23.69121552 -0.72166741
-2.70434594 23.69347954 0.19531250
