0.25052598 58.80046844 -1.44955564
2.26842546 58.80046844 -0.53990018
-0.42728555 58.80046844 -0.49605042
0.19437179 58.80046844 0.34267461
0.46383199 58.80046844 0.46256790
1.03351796 58.79047394 0.59445888
0.92447430 58.79047394 0.58514017
0.80362386 58.79047394 0.56467640
0.73048240 58.79047394 0.56816018
0.56045300 58.79047394 0.50934261
0.62673765 58.79047394 0.56101924
0.39711952 58.79047394 0.43210098
0.28164589 58.79047394 0.38772491
0.13131794 58.79047394 0.30992159
0.04048578 58.79047394 0.20501901
0.07833099 58.79047394 0.26659265
-0.04450401 58.79047394 0.21194786
-0.25121406 58.79047394 0.00308166
-0.31902975 58.79047394 -0.06560621
-0.36017346 58.79047394 -0.12766159
-0.38843122 58.79047394 -0.21087554
-0.49019438 58.79047394 -0.43906474
-0.47493368 58.79047394 -0.32818079
-0.44040117 58.79047394 -0.65788543
-0.42459100 58.79047394 -0.55880350
-0.38323620 58.79047394 -0.88644171
-0.43547446 58.79047394 -0.73621547
-0.34377751 58.79047394 -1.03697276
-0.37298480 58.79047394 -0.96999216
-0.32931331 58.79047394 -1.09608197
-0.16981803 58.79047394 -1.24415243
-0.24126294 58.79047394 -1.19695747
-0.06851292 58.79047394 -1.35393953
-0.13123876 58.79047394 -1.30815971
0.04946935 58.79047394 -1.42451346
-0.00942436 58.79047394 -1.38337708
0.19089484 58.79047394 -1.44712210
0.11394823 58.79047394 -1.43663275
0.32040286 58.79047394 -1.45430148
0.48255599 58.79047394 -1.46740949
0.57796931 58.79047394 -1.47760439
0.66919613 58.79047394 -1.47932327
0.83882737 58.79047394 -1.48004782
0.91265929 58.79047394 -1.47232401
0.98279119 58.79047394 -1.47155833
1.08300281 58.79047394 -1.48119032
1.15197229 58.79047394 -1.48361433
1.23647392 58.79047394 -1.48534966
1.31792831 58.79047394 -1.48183537
1.39921403 58.79047394 -1.47991848
1.47456574 58.79047394 -1.46871829
1.59398746 58.79047394 -1.49130094
1.71640408 58.79047394 -1.49485588
1.79093039 58.79047394 -1.48215199
1.87053633 58.79047394 -1.46965659
2.02426815 58.79047394 -1.46493661
2.19990778 58.79047394 -1.45200443
2.39271927 58.79047394 -1.31622040
2.36945224 58.79047394 -1.16094780
2.41347432 58.79047394 -1.05924857
2.42416668 58.79047394 -0.98203903
2.42224693 58.79047394 -0.87557799
2.35328794 58.79047394 -0.75334996
2.30879736 58.79047394 -0.63842642
2.24802065 58.79047394 -0.48032647
2.23851180 58.79047394 -0.31545907
2.18419456 58.79047394 -0.12951688
2.15990067 58.79047394 -0.07079338
2.06625772 58.79047394 0.09883226
2.03098226 58.79047394 0.23758715
1.99631083 58.79047394 0.36983365
1.92876339 58.79047394 0.49026540
1.79420412 58.79047394 0.53618574
1.65555859 58.79047394 0.57160372
1.53216863 58.79047394 0.59111238
1.47079504 58.79047394 0.60580647
1.23724365 58.79047394 0.60786903
1.29794610 58.79047394 0.60517293
1.14394593 58.79047394 0.60129160
2.35460949 58.79047394 -1.38221407
0.75651276 58.79047394 -1.48396349
-0.16908419 58.79047394 0.11640014
0.33859941 58.79047394 0.41851479
1.40636551 58.79047394 0.59086239
