0.27717596 -61.57698822 -1.22647429
0.60638386 -61.57698822 0.73074901
0.01781301 -61.58698273 -0.60215569
0.05111874 -61.58698273 -0.70156550
0.10837020 -61.58698273 -0.87923133
0.11692998 -61.58698273 -0.99695736
0.17606388 -61.58698273 -1.09571671
0.25236377 -61.58698273 -1.16674995
0.30204687 -61.58698273 -1.28540862
0.36914665 -61.58698273 -1.37505269
0.46091464 -61.58698273 -1.39108396
0.64964885 -61.58698273 -1.40208399
0.74699795 -61.58698273 -1.42003572
0.80904496 -61.58698273 -1.43173206
0.90833759 -61.58698273 -1.44221938
1.07425368 -61.58698273 -1.45285547
1.21551228 -61.58698273 -1.48224390
1.35739911 -61.58698273 -1.47685599
1.54945290 -61.58698273 -1.48681176
1.72984064 -61.58698273 -1.46448720
1.46961570 -61.58698273 -1.47966051
1.28714776 -61.58698273 -1.47874117
1.15131736 -61.58698273 -1.46878421
0.97501493 -61.58698273 -1.44734514
0.56443179 -61.58698273 -1.39636898
0.04703534 -61.58698273 -0.44997182
2.15183640 -61.58698273 0.60111314
2.32244825 -61.58698273 0.50085753
2.36980319 -61.58698273 0.40762773
2.38724899 -61.58698273 0.24338029
2.39404774 -61.58698273 0.09534148
2.40810561 -61.58698273 -0.04345229
2.44876099 -61.58698273 -0.20228837
2.50905943 -61.58698273 -0.35107052
2.53950715 -61.58698273 -0.52358758
2.52846122 -61.58698273 -0.64059591
2.49386597 -61.58698273 -0.85726714
2.49710679 -61.58698273 -0.99225086
2.45909834 -61.58698273 -1.22270310
2.48223329 -61.58698273 -1.41974640
2.33371973 -61.58698273 -1.43707705
2.15005493 -61.58698273 -1.45085919
1.99234366 -61.58698273 -1.45597410
1.85771000 -61.58698273 -1.45714211
0.11250120 -61.58698273 -0.32304382
0.16499694 -61.58698273 -0.14854893
0.24051820 -61.58698273 0.00868197
0.34945989 -61.58698273 0.11557712
0.46138534 -61.58698273 0.22086863
0.49261349 -61.58698273 0.34165952
0.50392550 -61.58698273 0.56906092
0.56048918 -61.58698273 0.68637443
0.70147425 -61.58698273 0.76883608
0.79891831 -61.58698273 0.86618596
0.91461384 -61.58698273 0.84171158
0.98127574 -61.58698273 0.83672416
1.07555556 -61.58698273 0.82405722
1.28701258 -61.58698273 0.77873462
1.34879291 -61.58698273 0.77298939
1.44161391 -61.58698273 0.77924252
1.55305982 -61.58698273 0.77271008
1.68311596 -61.58698273 0.73450524
1.74103582 -61.58698273 0.71614057
1.93175125 -61.58698273 0.69438821
2.26187038 -61.58698273 0.52983135
