0.06163831 72.58017731 0.14190327
-0.01823241 72.58017731 -0.06114005
1.94776189 72.58017731 -1.52252460
2.14603305 72.57018280 -1.43583798
2.01884389 72.57018280 -1.50728810
1.88753974 72.57018280 -1.53571057
1.74325883 72.57018280 -1.55511582
1.57386041 72.57018280 -1.55945110
1.30686057 72.57018280 -1.54785204
1.16644967 72.57018280 -1.55101800
1.01990092 72.57018280 -1.56787097
0.79965711 72.57018280 -1.56553245
0.67396629 72.57018280 -1.56331253
0.53626901 72.57018280 -1.55991101
0.40661052 72.57018280 -1.55821681
0.27382120 72.57018280 -1.53691685
0.15439810 72.57018280 -1.50658727
0.04752683 72.57018280 -1.39341152
0.05777983 72.57018280 -1.25240350
0.03172616 72.57018280 -0.99548978
0.00967989 72.57018280 -0.79750472
0.00085389 72.57018280 -0.73774987
-0.03014928 72.57018280 -0.63927382
-0.08394183 72.57018280 -0.48395813
-0.10661589 72.57018280 -0.28416568
-0.03807285 72.57018280 -0.11804324
0.02714905 72.57018280 0.07368950
0.07990278 72.57018280 0.20259441
0.34604201 72.57018280 0.36954436
0.11364722 72.57018280 0.31742615
-0.00062620 72.57018280 0.00564186
-0.08709570 72.57018280 -0.18320623
-0.11499387 72.57018280 -0.36531013
-0.03630678 72.57018280 -0.90918911
0.01743851 72.57018280 -1.12055814
0.05398850 72.57018280 -1.45654511
0.95269102 72.57018280 -1.57243741
1.40206468 72.57018280 -1.54757893
1.19814575 72.57018280 0.53850347
1.04993522 72.57018280 0.52671880
1.11974788 72.57018280 0.52640092
0.91916728 72.57018280 0.52925831
0.83194125 72.57018280 0.53871316
0.69536000 72.57018280 0.48177361
0.65483695 72.57018280 0.41855508
0.42438310 72.57018280 0.38745886
0.52365166 72.57018280 0.38316324
2.21802449 72.57018280 -1.28878641
2.22934842 72.57018280 -1.12858641
2.24448156 72.57018280 -0.97917181
2.25502968 72.57018280 -0.86928135
2.23894405 72.57018280 -0.73173857
2.14086509 72.57018280 -0.59016109
2.08813810 72.57018280 -0.46158600
2.05564094 72.57018280 -0.38001654
1.99175286 72.57018280 -0.28286895
1.93999755 72.57018280 -0.19901636
1.90762436 72.57018280 -0.11689336
1.88568211 72.57018280 0.01775692
1.86042404 72.57018280 0.10834125
1.79450512 72.57018280 0.18904236
1.71487772 72.57018280 0.30514893
1.63692033 72.57018280 0.40575793
1.50160956 72.57018280 0.49730462
1.37223554 72.57018280 0.55542976
1.28609037 72.57018280 0.53340024
0.26928711 72.57482910 0.33496091
