0.80834192 46.84072113 0.85347235
1.38192356 46.84072113 0.76812881
1.97345769 46.83072662 0.88625163
2.03786659 46.83072662 0.89061791
2.13815308 46.83072662 0.83014369
2.23709345 46.83072662 0.77792799
2.32920122 46.83072662 0.73718572
2.40562773 46.83072662 0.69403321
2.42212224 46.83072662 0.62782884
2.50334072 46.83072662 0.48194173
2.51141191 46.83072662 0.25429302
2.53792048 46.83072662 0.15738782
2.57753730 46.83072662 0.08864230
2.60890198 46.83072662 0.03576958
2.61421227 46.83072662 -0.09487343
2.61731982 46.83072662 -0.18505529
2.63238239 46.83072662 -0.27796140
2.61513615 46.83072662 -0.39734629
2.57714367 46.83072662 -0.50732505
2.54460979 46.83072662 -0.63765711
2.52922559 46.83072662 -0.79010892
2.50386548 46.83072662 -0.85907412
2.49321246 46.83072662 -0.96881199
2.42847157 46.83072662 -1.16177285
2.33604479 46.83072662 -1.26487470
2.24722481 46.83072662 -1.38843071
2.19232440 46.83072662 -1.46803927
2.11769557 46.83072662 -1.46492100
1.96834326 46.83072662 -1.47269130
1.82342803 46.83072662 -1.48596013
1.62812996 46.83072662 -1.49789035
1.47958481 46.83072662 -1.49129915
1.35534334 46.83072662 -1.49362028
1.18696821 46.83072662 -1.49424314
1.05969322 46.83072662 -1.47437775
0.88658631 46.83072662 -1.48824680
0.71966290 46.83072662 -1.47488427
0.40138438 46.83072662 -1.25135005
0.40042257 46.83072662 -1.15890825
0.30518377 46.83072662 -0.90677744
0.27269825 46.83072662 -0.72331375
0.30134222 46.83072662 -0.57207882
0.29617310 46.83072662 -0.42398402
0.29916856 46.83072662 -0.31386694
0.29932046 46.83072662 -0.19062394
0.30168727 46.83072662 0.03240691
0.33909810 46.83072662 0.15311219
0.40977716 46.83072662 0.29416654
0.44510534 46.83072662 0.37071931
0.49714842 46.83072662 0.45452914
0.56243569 46.83072662 0.57342470
0.69296324 46.83072662 0.68167865
0.69644111 46.83072662 0.77229518
0.74687338 46.83072662 0.86098623
1.09981835 46.83072662 0.69336367
1.16110599 46.83072662 0.74332863
1.23949325 46.83072662 0.72125345
1.31904650 46.83072662 0.74289078
1.90122795 46.83072662 0.88313735
0.49764612 46.83072662 -1.45836282
2.47006369 46.83072662 0.32230237
