1.43215930 -70.93679047 -1.46867704
2.51170754 -70.93679047 -0.50499457
2.34889627 -70.93679047 0.19017959
2.17464685 -70.93679047 0.72088408
0.25525203 -70.93679047 -0.04876210
0.63110143 -70.94678497 0.88020873
0.54415607 -70.94678497 0.83262837
0.48144528 -70.94678497 0.79490018
0.36710799 -70.94678497 0.73731422
0.27849829 -70.94678497 0.68019587
0.24778341 -70.94678497 0.53052247
0.26851219 -70.94678497 0.46122402
0.28825954 -70.94678497 0.38454708
0.30689192 -70.94678497 0.28021359
0.26260859 -70.94678497 0.19243203
0.25291988 -70.94678497 0.11361778
0.26862213 -70.94678497 0.01271166
0.24120466 -70.94678497 -0.11318755
0.26354831 -70.94678497 -0.20481107
0.28210652 -70.94678497 -0.33141926
0.29294804 -70.94678497 -0.40273356
0.28466853 -70.94678497 -0.50352114
0.29019371 -70.94678497 -0.59210944
0.30771351 -70.94678497 -0.68249929
0.30809435 -70.94678497 -0.90118521
0.31039846 -70.94678497 -0.79947239
0.31640133 -70.94678497 -0.96421033
0.32739151 -70.94678497 -1.12693250
0.34222305 -70.94678497 -1.27655828
0.69317615 -70.94678497 -1.39161968
0.60174894 -70.94678497 -1.36903286
0.81999809 -70.94678497 -1.41803861
0.99558073 -70.94678497 -1.44183338
1.08810973 -70.94678497 -1.45251286
1.22687960 -70.94678497 -1.47239614
1.37188709 -70.94678497 -1.47041214
1.52272570 -70.94678497 -1.46562886
1.61891305 -70.94678497 -1.45207894
1.81512165 -70.94678497 -1.46360862
1.96461201 -70.94678497 -1.45849395
2.11977220 -70.94678497 -1.44919419
2.31475735 -70.94678497 -1.45185864
2.42315531 -70.94678497 -1.42841685
2.52669930 -70.94678497 -1.28975415
2.54880977 -70.94678497 -1.17122138
2.51283598 -70.94678497 -1.04336429
2.52310872 -70.94678497 -0.83428586
2.54081440 -70.94678497 -0.64964151
2.50970912 -70.94678497 -0.77422065
2.53079510 -70.94678497 -0.56195337
2.49650717 -70.94678497 -0.42915013
2.45450091 -70.94678497 -0.30812243
2.46612525 -70.94678497 -0.15865807
2.45277929 -70.94678497 -0.24013591
2.44077587 -70.94678497 -0.05526803
2.41610932 -70.94678497 0.03485755
2.38181400 -70.94678497 0.13979055
2.31728101 -70.94678497 0.24441929
2.29356647 -70.94678497 0.32235402
2.26240873 -70.94678497 0.41913441
2.22619081 -70.94678497 0.53882122
2.18514037 -70.94678497 0.62497610
2.09212565 -70.94678497 0.84014684
1.92898846 -70.94678497 0.88242334
2.01637244 -70.94678497 0.90914804
1.81076133 -70.94678497 0.94264454
1.69564855 -70.94678497 0.95115757
1.63139105 -70.94678497 0.95734972
1.54055035 -70.94678497 0.98325878
1.40895605 -70.94678497 1.00507164
1.33510900 -70.94678497 0.98742664
1.22468400 -70.94678497 0.97926241
1.14903188 -70.94678497 0.93772298
0.97928053 -70.94678497 0.89127594
1.03979063 -70.94678497 0.89129198
0.84429407 -70.94678497 0.88520992
0.90696943 -70.94678497 0.89495635
0.73534775 -70.94678497 0.89389020
2.15220642 -70.94678497 0.77961367
2.54311895 -70.94678497 -0.95557040
0.47334448 -70.94678497 -1.35236204
0.22322541 -70.94678497 0.61880875
