2.48875499 -76.91666412 -1.17439997
3.04880500 -76.91666412 -0.01882295
1.52433634 -76.91666412 0.94454551
0.85136664 -76.92665863 0.92589623
0.80117863 -76.92665863 0.88644058
0.73032057 -76.92665863 0.86502397
0.54390496 -76.92665863 0.81949598
0.41654885 -76.92665863 0.82402116
0.23456366 -76.92665863 0.75431603
0.30032897 -76.92665863 0.78986138
0.15859680 -76.92665863 0.71930408
0.06777525 -76.92665863 0.67352456
-0.05387323 -76.92665863 0.61517173
-0.20314425 -76.92665863 0.43400577
-0.13143843 -76.92665863 0.50113332
-0.27899638 -76.92665863 0.36141387
-0.33231464 -76.92665863 0.18932265
-0.30193526 -76.92665863 0.27082399
-0.37309241 -76.92665863 0.10173604
-0.48847952 -76.92665863 -0.20871356
-0.43527371 -76.92665863 -0.28017783
-0.40808791 -76.92665863 -0.39709461
-0.43454081 -76.92665863 -0.48760590
-0.38353011 -76.92665863 -0.68213290
-0.36361951 -76.92665863 -0.85801339
-0.31212425 -76.92665863 -0.90879947
-0.21251976 -76.92665863 -1.06064034
-0.04130148 -76.92665863 -1.24031460
0.10861895 -76.92665863 -1.30696654
0.25604743 -76.92665863 -1.35875642
0.40720761 -76.92665863 -1.39023769
0.56215864 -76.92665863 -1.40503025
0.70608723 -76.92665863 -1.42120123
0.84888995 -76.92665863 -1.43444562
0.97884953 -76.92665863 -1.43948972
1.33224189 -76.92665863 -1.46095312
1.22271729 -76.92665863 -1.46352804
1.46409237 -76.92665863 -1.45754468
1.56962752 -76.92665863 -1.45366609
1.73995495 -76.92665863 -1.44355774
1.88132417 -76.92665863 -1.44381917
2.03010941 -76.92665863 -1.43623400
2.18501234 -76.92665863 -1.41584003
2.32359362 -76.92665863 -1.38020957
2.39096308 -76.92665863 -1.33872938
2.46328688 -76.92665863 -1.23292232
2.58085060 -76.92665863 -1.06992042
2.64619637 -76.92665863 -0.93444526
2.71987748 -76.92665863 -0.83919603
2.79214883 -76.92665863 -0.67428255
2.86988258 -76.92665863 -0.34424981
2.83609176 -76.92665863 -0.54945827
2.94376802 -76.92665863 -0.20937388
3.00870991 -76.92665863 -0.06495905
3.11931682 -76.92665863 0.08875444
3.30862904 -76.92665863 0.42131302
3.17056322 -76.92665863 0.17453857
3.27068186 -76.92665863 0.61141109
3.05088711 -76.92665863 0.71609575
3.17718482 -76.92665863 0.64703280
2.75483966 -76.92665863 0.75027335
2.92483425 -76.92665863 0.73393285
2.52194142 -76.92665863 0.78183228
2.67109251 -76.92665863 0.77241158
2.37449646 -76.92665863 0.83641636
2.44279885 -76.92665863 0.79573888
2.24264216 -76.92665863 0.89131284
2.31678081 -76.92665863 0.86061418
2.17002630 -76.92665863 0.91306478
1.99412000 -76.92665863 0.97721648
2.06354880 -76.92665863 0.95289439
1.92160499 -76.92665863 0.97797966
1.76091874 -76.92665863 0.99329931
1.57936263 -76.92665863 0.97403276
1.64528549 -76.92665863 0.99847287
1.47148967 -76.92665863 0.97141063
1.35060537 -76.92665863 0.97467411
1.26156938 -76.92665863 0.97821724
1.10303414 -76.92665863 0.96160859
1.17518914 -76.92665863 0.96736407
1.02441394 -76.92665863 0.95392126
0.96031862 -76.92665863 0.94093204
0.60124165 -76.92665863 0.84173042
-0.14195144 -76.92665863 0.56030738
-0.45447162 -76.92665863 -0.11136785
3.34793687 -76.92665863 0.50225812
