2.15826678 -70.68679047 0.76306170
2.20659113 -70.68679047 0.65375489
2.25144243 -70.68679047 0.55129629
2.27974629 -70.68679047 0.43732178
2.30106473 -70.68679047 0.33407921
2.32897377 -70.68679047 0.24345151
2.35030866 -70.68679047 0.17621216
2.43374300 -70.68679047 0.08864144
2.45465136 -70.68679047 0.01463145
2.46418834 -70.68679047 -0.06787153
2.47741246 -70.68679047 -0.14590865
2.48541212 -70.68679047 -0.20920505
2.48849630 -70.68679047 -0.31174642
2.50882077 -70.68679047 -0.38324234
2.52526736 -70.68679047 -0.46209309
2.56909227 -70.68679047 -0.59179688
2.58979034 -70.68679047 -0.69496733
2.60725665 -70.68679047 -0.77367085
2.63346028 -70.68679047 -0.90392798
2.61739087 -70.68679047 -0.96347779
2.54420519 -70.68679047 -1.16275060
2.48273373 -70.68679047 -1.31358004
2.43640685 -70.68679047 -1.40011215
2.36985779 -70.68679047 -1.43476117
2.20873713 -70.68679047 -1.45087624
2.02917123 -70.68679047 -1.45924199
1.90448868 -70.68679047 -1.45267117
1.77766061 -70.68679047 -1.45851803
1.61121404 -70.68679047 -1.45563030
1.51345646 -70.68679047 -1.46747673
1.39172995 -70.68679047 -1.47064149
1.27848351 -70.68679047 -1.47401226
1.18255281 -70.68679047 -1.47101772
0.98888284 -70.68679047 -1.43500495
0.91170788 -70.68679047 -1.42847645
0.77476478 -70.68679047 -1.39830685
0.68778294 -70.68679047 -1.37976527
0.53328878 -70.68679047 -1.34927440
0.45607001 -70.68679047 -1.32366121
0.41445309 -70.68679047 -1.26025009
0.37922657 -70.68679047 -1.17165101
0.33371302 -70.68679047 -1.03765559
0.31680381 -70.68679047 -0.91982985
0.29143363 -70.68679047 -0.81708950
0.29032466 -70.68679047 -0.71896166
0.29118049 -70.68679047 -0.61453027
0.29725313 -70.68679047 -0.51403558
0.30505085 -70.68679047 -0.42974770
0.29231519 -70.68679047 -0.33844933
0.28552523 -70.68679047 -0.24133655
0.28340006 -70.68679047 -0.10529690
0.28812265 -70.68679047 0.05781411
0.29426327 -70.68679047 0.14972174
0.31993940 -70.68679047 0.22930324
0.30020401 -70.68679047 0.29869610
0.29841611 -70.68679047 0.36448455
0.29889086 -70.68679047 0.49576920
0.28128898 -70.68679047 0.55638951
0.26262975 -70.68679047 0.64329952
0.33756486 -70.68679047 0.76404887
0.40135461 -70.68679047 0.80041724
0.47839978 -70.68679047 0.84715843
0.54461098 -70.68679047 0.87491000
0.60112649 -70.68679047 0.90638143
0.71611935 -70.68679047 0.92540383
0.78705567 -70.68679047 0.93285418
0.85455877 -70.68679047 0.91791004
0.94883513 -70.68679047 0.92673635
1.01006353 -70.68679047 0.93602651
1.11773074 -70.68679047 0.98181897
1.18226993 -70.68679047 0.98532659
1.33201933 -70.68679047 1.02481294
1.41195047 -70.68679047 0.99766976
1.49724615 -70.68679047 0.99273121
1.59344709 -70.68679047 0.97877169
1.70659292 -70.68679047 0.96871430
1.87515616 -70.68679047 0.96076435
1.93127239 -70.68679047 0.92982483
2.00572276 -70.68679047 0.86623776
2.07355618 -70.68679047 0.80323905
1.24579024 -70.68679047 1.03380740
