2.59932804 -13.99799347 -0.16362640
2.74541998 -13.99799347 -0.41900587
2.58513117 -13.99799347 -1.07043755
2.46957135 -13.99799347 -1.18463540
2.37439108 -13.99799347 -1.28946233
0.10422644 -13.99799347 -1.37198198
-0.15011568 -13.99799347 -1.26209378
-0.08278213 -13.99799347 -0.96754277
0.06829674 -13.99799347 -0.42458776
0.99077475 -13.99799347 0.54622090
1.44607353 -14.00798798 0.49748105
1.51968598 -14.00798798 0.49399900
1.60670722 -14.00798798 0.48049045
1.66796136 -14.00798798 0.46412480
1.73126447 -14.00798798 0.42557648
1.91583872 -14.00798798 0.35710004
2.01930165 -14.00798798 0.32100555
2.11778116 -14.00798798 0.27141815
2.22045875 -14.00798798 0.21738102
2.30338812 -14.00798798 0.14498147
2.49455357 -14.00798798 -0.00120975
2.56444764 -14.00798798 -0.11352415
2.63287020 -14.00798798 -0.21540073
2.67784953 -14.00798798 -0.33359489
2.78660321 -14.00798798 -0.47595832
2.80828476 -14.00798798 -0.56909645
2.79367089 -14.00798798 -0.70085168
2.77142262 -14.00798798 -0.83715343
2.65652895 -14.00798798 -1.00150490
2.52250051 -14.00798798 -1.13397563
2.41839433 -14.00798798 -1.23694539
2.32509303 -14.00798798 -1.34646451
2.25705719 -14.00798798 -1.36080468
1.98489010 -14.00798798 -1.38855708
1.84382308 -14.00798798 -1.39897478
1.73562074 -14.00798798 -1.39818299
1.63074303 -14.00798798 -1.37633085
1.52536488 -14.00798798 -1.41081429
1.42419839 -14.00798798 -1.41252804
1.31829882 -14.00798798 -1.41357350
1.22035944 -14.00798798 -1.41110134
1.14949846 -14.00798798 -1.40160406
1.00721824 -14.00798798 -1.42604887
0.88554543 -14.00798798 -1.42558587
0.64291906 -14.00798798 -1.40742815
0.51767415 -14.00798798 -1.41577542
0.36462143 -14.00798798 -1.42273808
0.16838388 -14.00798798 -1.42079043
-0.11087134 -14.00798798 -1.31100094
-0.14675932 -14.00798798 -1.19541216
-0.10498050 -14.00798798 -1.02914464
-0.02220467 -14.00798798 -0.85946709
-0.02460693 -14.00798798 -0.73502135
0.01851228 -14.00798798 -0.61094797
0.05118141 -14.00798798 -0.49463466
0.09847879 -14.00798798 -0.32254910
0.13102931 -14.00798798 -0.20142348
0.14196761 -14.00798798 -0.08382031
0.23502187 -14.00798798 -0.01245464
0.21590769 -14.00798798 0.09386092
0.23425248 -14.00798798 0.19726403
0.50255239 -14.00798798 0.32955146
0.55646729 -14.00798798 0.37993684
0.67204714 -14.00798798 0.45055255
0.78303778 -14.00798798 0.45026356
0.85725051 -14.00798798 0.51326311
1.18993533 -14.00798798 0.51618922
1.27310228 -14.00798798 0.50551742
1.36612010 -14.00798798 0.48942065
1.81284487 -14.00798798 0.36384580
2.38564968 -14.00798798 0.07689945
2.73889828 -14.00798798 -0.89686370
2.13201904 -14.00798798 -1.38708067
0.79807645 -14.00798798 -1.41755331
0.28461388 -14.00798798 0.30095622
0.36005622 -14.00798798 0.36362803
0.93223566 -14.00798798 0.55508989
