0.62598830 -77.69664764 1.02305055
-0.32130349 -77.69664764 0.14383326
3.35401464 -77.69664764 -0.13540290
3.51373124 -77.69664764 0.54052263
3.37748384 -77.69664764 0.67747682
2.60373545 -77.69664764 1.16219819
2.29779434 -77.69664764 1.14952970
1.61750877 -77.70664215 1.16853130
1.68662941 -77.70664215 1.19819236
1.75175452 -77.70664215 1.21633303
1.82606483 -77.70664215 1.18557131
1.87239563 -77.70664215 1.14546490
2.04574680 -77.70664215 1.14786720
2.12995911 -77.70664215 1.15622973
2.22715306 -77.70664215 1.14387047
2.41858840 -77.70664215 1.19472301
2.54075193 -77.70664215 1.16032720
2.76804829 -77.70664215 1.16719031
2.88796949 -77.70664215 1.09376800
3.02449417 -77.70664215 1.04752791
3.21130466 -77.70664215 0.95088160
3.33168840 -77.70664215 0.72527653
3.47473454 -77.70664215 0.59308910
3.47792029 -77.70664215 0.42845061
3.46466947 -77.70664215 0.34815988
3.39893937 -77.70664215 0.13520963
3.36873603 -77.70664215 -0.04067982
3.33100510 -77.70664215 -0.23432316
3.32621980 -77.70664215 -0.31599036
3.27641821 -77.70664215 -0.48837823
3.27254677 -77.70664215 -0.55837178
3.24219203 -77.70664215 -0.67722917
3.20674562 -77.70664215 -0.72805852
3.10575342 -77.70664215 -0.89576095
3.02732134 -77.70664215 -1.00773108
3.02456999 -77.70664215 -1.14400625
2.99049687 -77.70664215 -1.19732916
2.93552971 -77.70664215 -1.23403120
2.87558746 -77.70664215 -1.24814737
2.79258323 -77.70664215 -1.28149879
2.71234417 -77.70664215 -1.35808575
2.63598204 -77.70664215 -1.36973739
2.54697537 -77.70664215 -1.38684058
2.47215104 -77.70664215 -1.40103841
2.37855935 -77.70664215 -1.41292787
2.29364395 -77.70664215 -1.42549431
2.11501050 -77.70664215 -1.44914639
2.04267645 -77.70664215 -1.45837259
1.95953369 -77.70664215 -1.46581995
1.88055670 -77.70664215 -1.46975541
1.79796576 -77.70664215 -1.46720171
1.66147768 -77.70664215 -1.46723759
1.50759935 -77.70664215 -1.47273815
1.42816675 -77.70664215 -1.47207725
1.34214175 -77.70664215 -1.47074533
1.26367402 -77.70664215 -1.46797252
1.19221163 -77.70664215 -1.46531093
1.11528802 -77.70664215 -1.45775235
1.01421702 -77.70664215 -1.44618070
0.93455464 -77.70664215 -1.43984401
0.83891511 -77.70664215 -1.42961586
0.74964607 -77.70664215 -1.41503477
0.65519536 -77.70664215 -1.40267956
0.57448030 -77.70664215 -1.39256227
0.47860759 -77.70664215 -1.37526989
0.39391550 -77.70664215 -1.34879732
0.29594976 -77.70664215 -1.31579328
0.09349761 -77.70664215 -1.17114890
-0.01146250 -77.70664215 -1.08747852
-0.10180338 -77.70664215 -1.02280545
-0.17511590 -77.70664215 -0.97569180
-0.24332261 -77.70664215 -0.93742383
-0.26571015 -77.70664215 -0.85071594
-0.33334163 -77.70664215 -0.61830109
-0.34050137 -77.70664215 -0.49447703
-0.35413250 -77.70664215 -0.42684326
-0.38664421 -77.70664215 -0.27959827
-0.38490200 -77.70664215 -0.21163726
-0.37862462 -77.70664215 -0.11970378
-0.37166736 -77.70664215 -0.05742964
-0.34120500 -77.70664215 0.07284390
-0.07613292 -77.70664215 0.33682275
0.00216279 -77.70664215 0.38927808
0.09945834 -77.70664215 0.47696379
0.14859277 -77.70664215 0.51285881
0.24517015 -77.70664215 0.58811772
0.27402863 -77.70664215 0.64638966
0.33756247 -77.70664215 0.72266883
0.48985842 -77.70664215 0.87719607
0.58931124 -77.70664215 0.95851398
0.69683933 -77.70664215 1.10236633
0.90983623 -77.70664215 1.16972458
0.97754169 -77.70664215 1.19512272
1.09786928 -77.70664215 1.17323530
1.20659983 -77.70664215 1.17507720
1.30692828 -77.70664215 1.20856988
1.40603399 -77.70664215 1.17818511
1.49560690 -77.70664215 1.18633568
0.80765373 -77.70664215 1.08763051
0.41444075 -77.70664215 0.82163495
-0.27725616 -77.70664215 0.23695953
-0.32664093 -77.70664215 -0.71311575
0.20802079 -77.70664215 -1.25582564
2.19562697 -77.70664215 -1.43920445
3.14517736 -77.70664215 -0.80247235
3.31564307 -77.70664215 -0.00764824
3.28084350 -77.70664215 0.83925027
