0.15765260 -7.75812531 -0.54978627
0.08840604 -7.75812531 -1.04360449
0.78115427 -7.75812531 -1.38811886
0.90836936 -7.75812531 -1.39265716
1.04717946 -7.75812531 -1.39304709
0.98956835 -7.76811981 0.44787538
0.92433226 -7.76811981 0.41341805
0.82636869 -7.76811981 0.37743038
0.76639301 -7.76811981 0.34853280
0.67959934 -7.76811981 0.34288403
0.60237163 -7.76811981 0.31108627
0.52621579 -7.76811981 0.25958747
0.37590307 -7.76811981 0.17311794
0.34395856 -7.76811981 0.11964218
0.33047783 -7.76811981 0.01789029
0.31634155 -7.76811981 -0.06472697
0.31366310 -7.76811981 -0.12478067
0.28990805 -7.76811981 -0.20409557
0.25034848 -7.76811981 -0.34477210
0.24604136 -7.76811981 -0.42560458
0.11838675 -7.76811981 -0.62606788
0.11284506 -7.76811981 -0.75915813
0.10816485 -7.76811981 -0.91442609
0.08862200 -7.76811981 -1.10509968
0.06950261 -7.76811981 -1.25529015
0.12959859 -7.76811981 -1.32640922
0.24871595 -7.76811981 -1.34505498
0.41699404 -7.76811981 -1.32539511
0.54947656 -7.76811981 -1.36091435
0.69054312 -7.76811981 -1.37433839
0.84408098 -7.76811981 -1.39786446
0.97916806 -7.76811981 -1.38655972
1.16798341 -7.76811981 -1.40677834
1.31296062 -7.76811981 -1.41356778
1.40507829 -7.76811981 -1.41529977
1.50009418 -7.76811981 -1.40318811
2.15169263 -7.76811981 0.38328925
1.96109927 -7.76811981 0.43863174
1.85619879 -7.76811981 0.44799861
1.79774249 -7.76811981 0.48327014
1.66694975 -7.76811981 0.54374039
1.60942805 -7.76811981 0.57007432
1.45648909 -7.76811981 0.60007781
1.34423184 -7.76811981 0.62510520
1.19236004 -7.76811981 0.56023890
1.12866795 -7.76811981 0.53497446
1.04815662 -7.76811981 0.48353022
1.60103834 -7.76811981 -1.40857100
2.41582489 -7.76811981 0.13015746
2.18038964 -7.76811981 0.27035400
1.74084604 -7.76811981 0.50682545
1.51958406 -7.76811981 0.61036819
1.28091526 -7.76811981 0.66773224
1.23371065 -7.76811981 0.61376363
1.69128025 -7.76811981 -1.41357088
1.82998228 -7.76811981 -1.41530561
1.97606313 -7.76811981 -1.41573524
2.10251927 -7.76811981 -1.40171075
2.19464064 -7.76811981 -1.37326407
2.21069503 -7.76811981 -1.26573706
2.28461385 -7.76811981 -1.14577854
2.32372475 -7.76811981 -1.00673795
2.31511045 -7.76811981 -0.82983822
2.33776069 -7.76811981 -0.69883901
2.35773277 -7.76811981 -0.59261161
2.36746979 -7.76811981 -0.48204604
2.36152387 -7.76811981 -0.36441004
2.42600393 -7.76811981 -0.19019867
2.40989733 -7.76811981 -0.00422089
2.26025391 -7.76342821 0.20922850
