1.10875750 76.74008942 0.59916139
0.46665597 76.74008942 0.48457420
0.27816179 76.74008942 0.47243285
0.09006485 76.74008942 0.21649714
-0.05847475 76.74008942 -0.86141777
0.88771033 76.74008942 -1.55570579
1.04308856 76.73009491 0.58250207
1.25758719 76.73009491 0.59395623
1.37101245 76.73009491 0.55947298
1.39905715 76.73009491 -1.53787017
1.29215062 76.73009491 -1.54687500
1.16729534 76.73009491 -1.54801488
1.08403671 76.73009491 -1.54769504
0.95384049 76.73009491 -1.54700279
0.81402385 76.73009491 -1.56456268
0.71138036 76.73009491 -1.57262301
0.59240949 76.73009491 -1.57856953
0.47248936 76.73009491 -1.56702363
0.34601098 76.73009491 -1.54844069
0.19187783 76.73009491 -1.53615916
0.07893349 76.73009491 -1.48734617
0.03817035 76.73009491 -1.37188017
-0.05031745 76.73009491 -1.10598230
-0.05142615 76.73009491 -0.92303813
-0.05914571 76.73009491 -0.77842051
-0.03955341 76.73009491 -0.49770913
-0.02500129 76.73009491 -0.36845779
0.01217034 76.73009491 -0.08289779
0.05025992 76.73009491 0.07122004
0.07175727 76.73009491 0.12951200
0.10994039 76.73009491 0.37186843
0.13865866 76.73009491 0.45045638
0.19994791 76.73009491 0.47312635
0.38838139 76.73009491 0.46781412
0.56481093 76.73009491 0.50531971
0.65682870 76.73009491 0.53552103
0.76934576 76.73009491 0.49870163
0.94467688 76.73009491 0.53982592
-0.02990368 76.73009491 -0.23445100
-0.05965412 76.73009491 -0.64742166
-0.05620984 76.73009491 -1.02130306
-0.00317461 76.73009491 -1.24026561
1.47310722 76.73009491 -1.53927898
1.43279231 76.73009491 0.54020405
1.57454097 76.73009491 -1.54526472
1.66246295 76.73009491 -1.53891706
1.76878595 76.73009491 -1.52559376
1.86375856 76.73009491 -1.52736533
1.98178303 76.73009491 -1.50078583
2.08741403 76.73009491 -1.46002543
2.14447117 76.73009491 -1.48359144
2.26007342 76.73009491 -1.35765970
2.32937789 76.73009491 -1.28811252
2.38747406 76.73009491 -1.14093542
2.43088222 76.73009491 -1.03079391
2.43664765 76.73009491 -0.80646938
2.47763801 76.73009491 -0.75237674
2.45923328 76.73009491 -0.68315029
2.44706297 76.73009491 -0.49092466
2.41988254 76.73009491 -0.31542578
2.37662435 76.73009491 -0.26368585
2.32646751 76.73009491 -0.15037237
2.28197241 76.73009491 -0.08021622
2.18293381 76.73009491 0.08856462
2.16414666 76.73009491 0.36005819
2.16660857 76.73009491 0.24123351
2.11043310 76.73009491 0.51505101
1.79690194 76.73009491 0.50266820
1.67111921 76.73009491 0.48981926
1.52820516 76.73009491 0.51064020
1.88212931 76.73009491 0.55127758
