0.33775041 -31.41762543 -0.50116169
2.20346975 -31.41762543 -1.44663751
2.57269144 -31.41762543 0.94036180
0.64889771 -31.42761993 0.34713477
0.58947557 -31.42761993 0.27365595
0.50773460 -31.42761993 0.16950364
0.45167300 -31.42761993 0.05338755
0.41269943 -31.42761993 -0.05384077
0.38665339 -31.42761993 -0.20826910
0.37409219 -31.42761993 -0.14192228
0.37492535 -31.42761993 -0.29954058
0.37309250 -31.42761993 -0.40395764
0.32946417 -31.42761993 -0.56603652
0.32503286 -31.42761993 -0.73473978
0.32250547 -31.42761993 -0.66873497
0.25869942 -31.42761993 -0.89765328
0.33168530 -31.42761993 -1.10975742
0.31687221 -31.42761993 -1.00865531
0.42262027 -31.42761993 -1.35349190
0.62441099 -31.42761993 -1.46458364
0.52857947 -31.42761993 -1.46828258
0.82407892 -31.42761993 -1.45437253
0.75314248 -31.42761993 -1.45539737
1.03497946 -31.42761993 -1.45614779
0.96649623 -31.42761993 -1.45335078
1.24283862 -31.42761993 -1.44628310
1.17429066 -31.42761993 -1.44867897
1.32285726 -31.42761993 -1.45745349
1.49339795 -31.42761993 -1.45447779
1.42841315 -31.42761993 -1.45664966
1.56707954 -31.42761993 -1.45384336
1.74978614 -31.42761993 -1.44525659
1.95323336 -31.42761993 -1.44110036
1.86490130 -31.42761993 -1.44428730
2.06203365 -31.42761993 -1.43750536
2.26890421 -31.42761993 -1.44958711
2.34446764 -31.42761993 -1.45697999
2.51580191 -31.42761993 -1.46381617
2.58711028 -31.42761993 -1.46273851
3.25786495 -31.42761993 -1.51111805
2.99673295 -31.42761993 -1.49711895
3.42622113 -31.42761993 -1.51347923
3.45468760 -31.42761993 -1.45353138
3.68163848 -31.42761993 -1.13203025
3.64233327 -31.42761993 -1.23320758
3.74301910 -31.42761993 -0.94722658
3.80975246 -31.42761993 -0.83055073
3.75981188 -31.42761993 -0.87544429
3.82207584 -31.42761993 -0.69300026
3.86114883 -31.42761993 -0.43691912
3.81739068 -31.42761993 -0.12254389
3.84369612 -31.42761993 -0.20963471
3.79253030 -31.42761993 0.01557179
3.79171038 -31.42761993 0.19192940
3.72978592 -31.42761993 0.50866717
3.73308945 -31.42761993 0.41614348
3.64163470 -31.42761993 0.64143026
3.53365541 -31.42761993 0.76266289
3.53328037 -31.42761993 0.83049363
3.28255129 -31.42761993 0.91428018
3.34162426 -31.42761993 0.90064067
3.12318826 -31.42761993 0.97220945
3.18868446 -31.42761993 0.97281176
2.88606739 -31.42761993 1.01174188
2.78275895 -31.42761993 1.00974810
2.50707746 -31.42761993 0.92645007
2.42526722 -31.42761993 0.89284849
2.22828412 -31.42761993 0.82797760
2.13652778 -31.42761993 0.79530388
1.22998035 -31.42761993 0.54899919
1.70435941 -31.42761993 0.68987793
1.92803812 -31.42761993 0.72953802
1.87164688 -31.42761993 0.64872539
1.81194639 -31.42761993 0.65480208
1.13647223 -31.42761993 0.53350604
1.03636706 -31.42761993 0.56406754
0.93801296 -31.42761993 0.57284266
0.80169576 -31.42761993 0.58536232
0.72575754 -31.42761993 0.54521787
0.70672297 -31.42761993 0.47666183
0.35579455 -31.42761993 -1.17098522
0.42100748 -31.42761993 -1.45632303
3.57538462 -31.42761993 -1.42983532
3.86876178 -31.42761993 -0.34587422
3.02396059 -31.42761993 1.01948905
2.33639884 -31.42761993 0.86515093
2.03695726 -31.42761993 0.76381975
