2.64413476 -13.47800446 -0.42723453
2.57425046 -13.47800446 -0.06182919
0.66858172 -13.47800446 0.54959023
1.59360993 -13.48799896 0.52923065
1.65849555 -13.48799896 0.50663799
1.75810790 -13.48799896 0.46962827
1.84506357 -13.48799896 0.41949877
1.93759096 -13.48799896 0.40805933
2.01394844 -13.48799896 0.38031054
2.13744259 -13.48799896 0.32108247
2.19235921 -13.48799896 0.28524730
2.25699735 -13.48799896 0.25045803
2.33734131 -13.48799896 0.15701175
2.43344522 -13.48799896 0.06109416
2.52313018 -13.48799896 0.00225452
2.61082006 -13.48799896 -0.18821825
2.62715840 -13.48799896 -0.25054833
2.68281841 -13.48799896 -0.50904012
2.63401604 -13.48799896 -0.65771085
2.67341948 -13.48799896 -0.84954053
2.67537856 -13.48799896 -0.93094826
2.61519527 -13.48799896 -0.99765158
2.51158595 -13.48799896 -1.14551055
2.49227786 -13.48799896 -1.22346413
2.49552226 -13.48799896 -1.34343135
2.43327188 -13.48799896 -1.42090082
2.31948400 -13.48799896 -1.41970181
2.14661813 -13.48799896 -1.41687560
2.00474548 -13.48799896 -1.41387355
1.87439239 -13.48799896 -1.40642822
1.76415360 -13.48799896 -1.41140366
1.67599916 -13.48799896 -1.40981615
1.60322082 -13.48799896 -1.41178071
1.48667812 -13.48799896 -1.40829742
1.39194751 -13.48799896 -1.40853572
1.31392956 -13.48799896 -1.40731406
1.15513599 -13.48799896 -1.39014935
1.09341919 -13.48799896 -1.40085542
1.00884998 -13.48799896 -1.42382801
0.94687581 -13.48799896 -1.42122686
0.77326119 -13.48799896 -1.41294098
0.70453781 -13.48799896 -1.41067016
0.55370843 -13.48799896 -1.40948141
0.47313645 -13.48799896 -1.39954042
0.38775477 -13.48799896 -1.40906584
0.27885419 -13.48799896 -1.42653680
0.16804561 -13.48799896 -1.41982615
-0.01932124 -13.48799896 -1.38824499
-0.15069765 -13.48799896 -1.33527112
-0.14091741 -13.48799896 -1.27255774
-0.12486890 -13.48799896 -1.17099738
-0.09704193 -13.48799896 -1.07648003
-0.05350827 -13.48799896 -0.96823633
-0.04759289 -13.48799896 -0.89588463
-0.02828566 -13.48799896 -0.80899793
-0.00840172 -13.48799896 -0.69173098
0.01060621 -13.48799896 -0.60612226
0.02283291 -13.48799896 -0.53460848
0.03763627 -13.48799896 -0.46848413
0.04777371 -13.48799896 -0.40928546
0.07244202 -13.48799896 -0.29844791
0.08850019 -13.48799896 -0.20285258
0.11718466 -13.48799896 -0.07585706
0.13440841 -13.48799896 0.02626741
0.14819226 -13.48799896 0.08699620
0.21648566 -13.48799896 0.18302302
0.21403098 -13.48799896 0.24694091
0.23060176 -13.48799896 0.34741274
0.22493583 -13.48799896 0.41928667
0.23591958 -13.48799896 0.48608795
0.23893887 -13.48799896 0.57512224
0.40890619 -13.48799896 0.56796485
0.53319454 -13.48799896 0.53952950
0.60375029 -13.48799896 0.53440797
0.73896372 -13.48799896 0.54261929
0.85522622 -13.48799896 0.50092393
0.95046359 -13.48799896 0.47132689
1.12628257 -13.48799896 0.52389109
1.19008827 -13.48799896 0.52595693
1.25878656 -13.48799896 0.53839165
1.33871305 -13.48799896 0.52797419
1.40612876 -13.48799896 0.54917252
1.50882936 -13.48799896 0.53881818
2.65127611 -13.48799896 -0.33740407
1.23134100 -13.48799896 -1.40527678
0.87204474 -13.48799896 -1.41855395
0.62409973 -13.48799896 -1.41119790
-0.11884911 -13.48799896 -1.38944674
0.34489477 -13.48799896 0.55772549
1.03592741 -13.48799896 0.49884513
