0.31857467 31.76103973 -1.25516403
0.39863250 31.76103973 -0.44542378
0.39032340 31.76103973 0.00434746
1.48838389 31.75104523 0.58639103
1.55781138 31.75104523 0.57977837
1.64272666 31.75104523 0.59006160
1.72021806 31.75104523 0.59439868
1.77254045 31.75104523 0.63528001
1.84052527 31.75104523 0.62366307
2.02038503 31.75104523 0.63374937
2.11289167 31.75104523 0.66086847
2.20155120 31.75104523 0.64568454
2.32826710 31.75104523 0.62875777
2.44419098 31.75104523 0.55312574
2.55539083 31.75104523 0.41568297
2.59478641 31.75104523 0.23345955
2.60340834 31.75104523 0.08911049
2.61390352 31.75104523 -0.08051671
2.61401129 31.75104523 -0.21598506
2.57714868 31.75104523 -0.34782323
2.57122827 31.75104523 -0.45157939
2.55983472 31.75104523 -0.51635993
2.54121947 31.75104523 -0.70613676
2.49969316 31.75104523 -0.81863344
2.48380160 31.75104523 -0.93404299
2.48161960 31.75104523 -1.05845976
2.46887207 31.75104523 -1.12366712
2.41788983 31.75104523 -1.20701051
2.42283487 31.75104523 -1.28176701
2.34167099 31.75104523 -1.42327654
2.17610502 31.75104523 -1.42582691
2.03306627 31.75104523 -1.45812821
1.91022170 31.75104523 -1.46439242
1.82702899 31.75104523 -1.46523201
1.76629639 31.75104523 -1.46887672
1.63531005 31.75104523 -1.47300112
1.50992811 31.75104523 -1.45882511
1.42127466 31.75104523 -1.45073807
1.34021652 31.75104523 -1.45186818
1.23313880 31.75104523 -1.45269167
1.11714995 31.75104523 -1.44417691
1.04243290 31.75104523 -1.44679856
0.94751757 31.75104523 -1.44939566
0.88173944 31.75104523 -1.44772124
0.80179632 31.75104523 -1.44230735
0.72577780 31.75104523 -1.43872845
0.63961613 31.75104523 -1.43110204
0.55903924 31.75104523 -1.42519903
0.48127884 31.75104523 -1.42399395
0.38355419 31.75104523 -1.40782046
0.31614897 31.75104523 -1.31466222
0.29688418 31.75104523 -1.18941486
0.26639354 31.75104523 -1.03337467
0.29821980 31.75104523 -0.90653068
0.36812103 31.75104523 -0.78169024
0.38387710 31.75104523 -0.70772016
0.38777277 31.75104523 -0.63780957
0.39136714 31.75104523 -0.57782352
0.40322334 31.75104523 -0.51088285
0.38753179 31.75104523 -0.35941836
0.37614027 31.75104523 -0.14724287
0.38165733 31.75104523 -0.05522032
0.41808778 31.75104523 0.06348298
0.42268497 31.75104523 0.15768176
0.43888333 31.75104523 0.22893029
0.46618861 31.75104523 0.31170592
0.49151924 31.75104523 0.39605761
0.52383995 31.75104523 0.46666026
0.54952133 31.75104523 0.54123658
0.58471000 31.75104523 0.62712806
0.64603955 31.75104523 0.64928603
0.71558696 31.75104523 0.64830053
0.83240283 31.75104523 0.65843880
1.01688623 31.75104523 0.64595103
1.09918380 31.75104523 0.65446192
1.21061754 31.75104523 0.61751473
1.28239655 31.75104523 0.60873711
1.42312193 31.75104523 0.58675367
1.91696310 31.75104523 0.61166990
2.50779414 31.75104523 0.51335615
2.59860659 31.75104523 0.31027406
2.61601019 31.75104523 -0.15501206
0.38108617 31.75104523 -0.29203323
0.90218002 31.75104523 0.65644550
1.34627879 31.75104523 0.64513856
