0.33065197 20.32128143 -0.68551195
2.06870699 20.32128143 0.55527681
1.73997021 20.32128143 0.67782527
0.44693080 20.32128143 0.56897122
0.31951943 20.31128693 -0.51182038
0.31218570 20.31128693 -0.42875895
0.31974509 20.31128693 -0.61579353
0.33462891 20.31128693 -0.74477631
0.27190557 20.31128693 -0.86783814
0.31567773 20.31128693 -0.93883365
0.28549975 20.31128693 -1.07081842
0.27999264 20.31128693 -1.20211029
0.25973064 20.31128693 -1.32494116
0.39836171 20.31128693 -1.35070038
0.52609998 20.31128693 -1.36343992
0.61409408 20.31128693 -1.36178875
0.82889932 20.31128693 -1.36926818
0.75431120 20.31128693 -1.36727929
0.92071593 20.31128693 -1.37066936
1.06877744 20.31128693 -1.37514007
1.13631296 20.31128693 -1.38082063
1.25657880 20.31128693 -1.37165153
1.34118521 20.31128693 -1.37274957
1.43858671 20.31128693 -1.37483895
1.51693141 20.31128693 -1.36709821
1.63909161 20.31128693 -1.38951516
1.73982775 20.31128693 -1.38552344
1.84851992 20.31128693 -1.37731278
1.96106493 20.31128693 -1.36389756
2.09782124 20.31128693 -1.32606018
2.19023228 20.31128693 -1.28569055
2.24236989 20.31128693 -1.06354487
2.20745635 20.31128693 -1.20288157
2.26445937 20.31128693 -0.91793019
2.26197743 20.31128693 -0.98899484
2.26633787 20.31128693 -0.80712283
2.25105023 20.31128693 -0.71882564
2.25028896 20.31128693 -0.63062793
2.25277257 20.31128693 -0.51965088
2.26390004 20.31128693 -0.42479515
2.23448563 20.31128693 -0.30504853
2.23017621 20.31128693 -0.13966019
2.23624849 20.31128693 -0.22189492
2.22733521 20.31128693 -0.04257264
2.23872757 20.31128693 0.06551335
2.20676160 20.31128693 0.20844281
2.22846818 20.31128693 0.12518877
2.14677787 20.31128693 0.37430355
2.17075682 20.31128693 0.30291006
2.09106731 20.31128693 0.49472749
2.11830187 20.31128693 0.43420386
2.04180098 20.31128693 0.61120170
1.95420706 20.31128693 0.68129742
1.80237615 20.31128693 0.69383264
1.86834073 20.31128693 0.69859433
1.67995059 20.31128693 0.67913395
1.58196938 20.31128693 0.69794911
1.47142494 20.31128693 0.69389874
1.41788232 20.31128693 0.73590153
1.34169614 20.31128693 0.73039979
1.19863355 20.31128693 0.69361484
1.25259733 20.31128693 0.72449005
1.09543693 20.31128693 0.67016423
0.98887020 20.31128693 0.64498079
0.88110799 20.31128693 0.61789459
0.76072645 20.31128693 0.59870142
0.64685279 20.31128693 0.56849486
0.51181322 20.31128693 0.57069707
0.58028376 20.31128693 0.56545335
0.38058788 20.31128693 0.56357014
0.30408654 20.31128693 0.50948071
0.24533777 20.31128693 0.42243940
0.25166848 20.31128693 0.26716346
0.22963762 20.31128693 0.35715267
0.29186803 20.31128693 0.08780839
0.27075791 20.31128693 0.16503260
0.30602044 20.31128693 0.02340800
0.31601211 20.31128693 -0.06286141
0.32541233 20.31128693 -0.16316195
0.27506319 20.31128693 -0.32894126
0.33336672 20.31128693 -0.24230549
