1.81783664 41.38083649 0.15705341
1.70446157 41.37084198 0.25056607
1.78521478 41.37084198 0.20696923
1.88361359 41.37084198 0.04971211
1.91241002 41.37084198 -0.00939409
1.94351709 41.37084198 -0.06792129
2.01776409 41.37084198 -0.20777059
2.02965355 41.37084198 -0.28545812
2.02813411 41.37084198 -0.38942316
2.04388738 41.37084198 -0.53532761
2.08682990 41.37084198 -0.62666172
2.11046696 41.37084198 -0.75356859
2.13227725 41.37084198 -0.82346177
2.15100121 41.37084198 -0.91554958
2.16666484 41.37084198 -1.00817227
2.19062948 41.37084198 -1.12027884
2.20956802 41.37084198 -1.22988284
2.23502326 41.37084198 -1.34590364
2.19445372 41.37084198 -1.41113329
2.18363690 41.37084198 -1.48520350
2.05803156 41.37084198 -1.51639009
1.97023630 41.37084198 -1.51712489
1.88359606 41.37084198 -1.52052796
1.81670892 41.37084198 -1.52386665
1.75529253 41.37084198 -1.53849995
1.69479203 41.37084198 -1.54221964
1.56493390 41.37084198 -1.52655804
1.46726465 41.37084198 -1.52583647
1.37473476 41.37084198 -1.52361655
1.29704452 41.37084198 -1.52240264
1.22183526 41.37084198 -1.51831913
1.15093470 41.37084198 -1.51553917
1.07906377 41.37084198 -1.52423918
1.01792848 41.37084198 -1.52417183
0.86040372 41.37084198 -1.54490030
0.78775042 41.37084198 -1.54688156
0.71451372 41.37084198 -1.54427874
0.58789802 41.37084198 -1.53548968
0.50440419 41.37084198 -1.52415645
0.42159957 41.37084198 -1.51828372
0.31242210 41.37084198 -1.50907087
0.22637583 41.37084198 -1.51244342
0.15759556 41.37084198 -1.50403857
-0.05987421 41.37084198 -1.37712145
-0.11251863 41.37084198 -1.33680463
-0.17248937 41.37084198 -1.23522508
-0.18073034 41.37084198 -1.17180550
-0.18858755 41.37084198 -1.10140467
-0.17581968 41.37084198 -1.03080797
-0.16822490 41.37084198 -0.92339045
-0.14089929 41.37084198 -0.80219257
-0.12662968 41.37084198 -0.59818101
-0.11784392 41.37084198 -0.49203190
-0.11723173 41.37084198 -0.40365678
-0.09701500 41.37084198 -0.34573746
-0.04235511 41.37084198 -0.19167192
0.01002943 41.37084198 -0.12602746
0.04815860 41.37084198 -0.07167529
0.07473321 41.37084198 0.01874310
0.10399854 41.37084198 0.10342343
0.13039783 41.37084198 0.16241793
0.13841718 41.37084198 0.25513318
0.12756659 41.37084198 0.33375603
0.15309387 41.37084198 0.40306339
0.25255695 41.37084198 0.42416286
0.35313734 41.37084198 0.40068161
0.43069702 41.37084198 0.40900901
0.50305218 41.37084198 0.41566011
0.56855226 41.37084198 0.43934628
0.64944011 41.37084198 0.45019227
0.71342677 41.37084198 0.44458637
0.82902777 41.37084198 0.45062399
0.99053144 41.37084198 0.45118412
1.07609284 41.37084198 0.45141414
1.13622236 41.37084198 0.42235509
1.26196337 41.37084198 0.41227764
1.34462559 41.37084198 0.39191672
1.46614921 41.37084198 0.37671211
1.56817079 41.37084198 0.33458078
-0.13608082 41.37084198 -0.73294580
0.01945723 41.37084198 -1.43263674
0.92323905 41.37084198 -1.53640604
1.63618374 41.37084198 0.30298448
