2.15061808 -18.41790009 -1.43508744
2.51387835 -18.41790009 -0.71620208
2.51288533 -18.41790009 -0.45102781
1.28515899 -18.41790009 0.89675844
0.16547956 -18.41790009 -0.12386408
0.12069470 -18.41790009 -0.30941698
0.89411211 -18.42789459 0.94486284
1.10427177 -18.42789459 0.94422311
1.20160007 -18.42789459 0.91805214
1.54933202 -18.42789459 0.84757674
1.84215939 -18.42789459 0.80894554
1.90365064 -18.42789459 0.79660630
1.97429097 -18.42789459 0.76485258
2.12287498 -18.42789459 0.59265733
2.24063563 -18.42789459 0.49021518
2.28675985 -18.42789459 0.42765635
2.37936473 -18.42789459 0.29828200
2.47120428 -18.42789459 0.09448770
2.51256561 -18.42789459 -0.02184377
2.49472404 -18.42789459 -0.16038971
2.46674299 -18.42789459 -0.28386196
2.50811768 -18.42789459 -0.38955346
2.50809383 -18.42789459 -0.54479820
2.50850749 -18.42789459 -0.64437914
2.51227593 -18.42789459 -0.78642547
2.44281769 -18.42789459 -0.87790245
2.50752497 -18.42789459 -1.00236332
2.51742363 -18.42789459 -1.18867087
2.43245578 -18.42789459 -1.34449351
2.34326220 -18.42789459 -1.40866959
2.22446847 -18.42789459 -1.43428099
2.08441639 -18.42789459 -1.43555784
1.95382774 -18.42789459 -1.43747306
1.85891390 -18.42789459 -1.44145000
1.76094246 -18.42789459 -1.44206583
1.68488836 -18.42789459 -1.43944550
1.59890473 -18.42789459 -1.43151164
1.45452511 -18.42789459 -1.45286286
1.37025762 -18.42789459 -1.45123494
1.29056036 -18.42789459 -1.44911492
1.17616034 -18.42789459 -1.44009209
1.05991483 -18.42789459 -1.42138433
0.97553384 -18.42789459 -1.43345618
0.79532075 -18.42789459 -1.43334496
0.59728569 -18.42789459 -1.41806614
0.49017930 -18.42789459 -1.39097989
0.33146963 -18.42789459 -1.37175608
0.13518788 -18.42789459 -1.40371370
0.00543020 -18.42789459 -1.31953299
-0.04727728 -18.42789459 -1.27584994
-0.09100442 -18.42789459 -1.15559518
-0.11006188 -18.42789459 -1.05425858
-0.06519653 -18.42789459 -0.93475360
-0.05594447 -18.42789459 -0.79946929
-0.02552405 -18.42789459 -0.73926657
0.00562752 -18.42789459 -0.59478951
0.02593309 -18.42789459 -0.48145014
0.10281891 -18.42789459 -0.37830800
0.15404768 -18.42789459 -0.18656780
0.16311243 -18.42789459 -0.06419113
0.16577345 -18.42789459 0.10357237
0.17610840 -18.42789459 0.17299438
0.24884725 -18.42789459 0.48811224
0.28302264 -18.42789459 0.60729414
0.28691941 -18.42789459 0.68782198
0.34591097 -18.42789459 0.71426266
0.41471416 -18.42789459 0.73812693
0.51695895 -18.42789459 0.78613096
0.67971015 -18.42789459 0.85054588
0.76448888 -18.42789459 0.88364857
2.49482369 -18.42789459 -1.27915561
2.53304982 -18.42789459 -1.12273490
2.44302988 -18.42789459 0.20204000
2.05189848 -18.42789459 0.75037438
1.63713419 -18.42789459 0.84085006
0.99166822 -18.42789459 1.00124371
0.17353773 -18.42789459 0.27016577
0.71654069 -18.42789459 -1.43167245
0.91210544 -18.42789459 -1.43685091
