0.03294012 -57.93706512 -0.08151501
-0.02427360 -57.93706512 -0.18987004
-0.14254394 -57.93706512 -0.36540332
-0.05758831 -57.93706512 -1.23222208
0.70587540 -57.93706512 -1.42521608
0.84123379 -57.93706512 -1.43338311
0.15281324 -57.93706512 0.10723756
2.36095524 -57.93706512 0.36337018
1.53589749 -57.93706512 0.61586589
1.26014304 -57.94705963 0.58197367
1.19964242 -57.94705963 0.58303398
1.11012614 -57.94705963 0.57208908
1.03077805 -57.94705963 0.56894022
0.93252963 -57.94705963 0.54982942
0.86436492 -57.94705963 0.54558873
0.69121581 -57.94705963 0.56006253
0.61971790 -57.94705963 0.56337160
0.48546699 -57.94705963 0.48760101
0.35673150 -57.94705963 0.39339247
0.31246406 -57.94705963 0.32896662
0.19285797 -57.94705963 0.18965629
0.15280610 -57.94705963 0.04612638
0.07417012 -57.94705963 -0.03262698
-0.00147266 -57.94705963 -0.13153201
-0.10027468 -57.94705963 -0.29069760
-0.19608800 -57.94705963 -0.49783170
-0.16902483 -57.94705963 -0.42157799
-0.23834650 -57.94705963 -0.67256534
-0.22160982 -57.94705963 -0.57686394
-0.21630459 -57.94705963 -0.74688834
-0.16201836 -57.94705963 -1.01384461
-0.17342579 -57.94705963 -0.94025213
-0.12485614 -57.94705963 -1.10741997
-0.08580247 -57.94705963 -1.17723870
0.12589513 -57.94705963 -1.39256597
0.04930475 -57.94705963 -1.36037326
0.30849576 -57.94705963 -1.41624057
0.50076336 -57.94705963 -1.41978836
0.39978686 -57.94705963 -1.41843557
0.64392811 -57.94705963 -1.42144048
0.77846223 -57.94705963 -1.42818749
0.92879999 -57.94705963 -1.44146013
1.04157603 -57.94705963 -1.44156969
1.20204961 -57.94705963 -1.47206676
1.10875201 -57.94705963 -1.45195782
1.29820836 -57.94705963 -1.47951865
1.41618598 -57.94705963 -1.47901428
1.53511679 -57.94705963 -1.46489561
1.68612778 -57.94705963 -1.43702352
1.80072284 -57.94705963 -1.43873310
1.91945541 -57.94705963 -1.42942691
2.06175566 -57.94705963 -1.42342925
1.99875557 -57.94705963 -1.42757678
2.12453413 -57.94705963 -1.40356731
2.18483853 -57.94705963 -1.39761329
2.32617211 -57.94705963 -1.23789334
2.32264185 -57.94705963 -1.15822947
2.34092188 -57.94705963 -1.03492129
2.39428759 -57.94705963 -0.94166577
2.45750237 -57.94705963 -0.84921587
2.48662972 -57.94705963 -0.77379340
2.50997901 -57.94705963 -0.66393191
2.45689321 -57.94705963 -0.45402566
2.43961430 -57.94705963 -0.38167566
2.42260861 -57.94705963 -0.28307903
2.42370486 -57.94705963 -0.20571207
2.39705133 -57.94705963 -0.07348564
2.39512944 -57.94705963 -0.01161528
2.37582088 -57.94705963 0.15961166
2.34541440 -57.94705963 0.44226044
2.29385090 -57.94705963 0.54095113
2.07376814 -57.94705963 0.60096896
2.16398144 -57.94705963 0.60843199
1.73563159 -57.94705963 0.64918286
1.63225508 -57.94705963 0.64120686
1.47585118 -57.94705963 0.61657709
1.33721292 -57.94705963 0.58388776
0.79946947 -57.94705963 0.54450339
0.51944566 -57.94705963 0.55226004
0.43203047 -57.94705963 0.43988174
0.26099122 -57.94705963 0.26204053
-0.06703010 -57.94705963 -0.23495121
-0.19657904 -57.94705963 -0.86188310
2.26964569 -57.94705963 -1.33511150
2.49635649 -57.94705963 -0.53672367
2.41861081 -57.94705963 0.07899177
1.95519316 -57.94705963 0.63377053
1.87977207 -57.94705963 0.64642417
