2.26604366 -44.15735626 0.39058656
0.49864927 -44.15735626 -1.44893658
0.31502044 -44.15735626 -1.44670081
-0.04557681 -44.15735626 -1.27283132
-0.10358397 -44.15735626 -0.28880438
1.40734875 -44.16735077 0.87257862
1.49811459 -44.16735077 0.87715918
1.57093501 -44.16735077 0.87774330
1.67504513 -44.16735077 0.85684776
1.89678907 -44.16735077 0.80237919
1.97636902 -44.16735077 0.76726013
2.03257465 -44.16735077 0.73499602
2.09062147 -44.16735077 0.71836746
2.12771940 -44.16735077 0.66307884
2.12708378 -44.16735077 0.59276402
2.33437896 -44.16735077 0.30127293
2.43333101 -44.16735077 0.19093342
2.44916153 -44.16735077 0.13062677
2.47022748 -44.16735077 0.06971794
2.48205090 -44.16735077 0.00932729
2.49794579 -44.16735077 -0.08120953
2.48932123 -44.16735077 -0.16432399
2.53608727 -44.16735077 -0.26328814
2.60500002 -44.16735077 -0.37747061
2.58453250 -44.16735077 -0.44407535
2.55317187 -44.16735077 -0.51504236
2.53431821 -44.16735077 -0.62651533
2.53039384 -44.16735077 -0.68817765
2.51815510 -44.16735077 -0.76369494
2.51843166 -44.16735077 -0.83951086
2.55790830 -44.16735077 -0.97770286
2.55348611 -44.16735077 -1.06064737
2.54323268 -44.16735077 -1.13515687
2.51300788 -44.16735077 -1.20160532
2.45523596 -44.16735077 -1.30122638
2.39001322 -44.16735077 -1.37436283
2.29586983 -44.16735077 -1.40573645
2.22952223 -44.16735077 -1.42359388
2.14357042 -44.16735077 -1.41645610
2.07043076 -44.16735077 -1.41009855
1.97271132 -44.16735077 -1.41189730
1.90698135 -44.16735077 -1.41308069
1.81120801 -44.16735077 -1.41459203
1.72308135 -44.16735077 -1.41736913
1.65731752 -44.16735077 -1.41860962
1.52411449 -44.16735077 -1.43290091
1.40569019 -44.16735077 -1.43888783
1.32682693 -44.16735077 -1.44113183
1.21746242 -44.16735077 -1.44453871
1.14086306 -44.16735077 -1.44257879
0.97098994 -44.16735077 -1.44019544
0.86432493 -44.16735077 -1.44180632
0.77208209 -44.16735077 -1.44246173
0.61269629 -44.16735077 -1.43829942
0.43378404 -44.16735077 -1.45475972
0.25384867 -44.16735077 -1.44457757
-0.00002546 -44.16735077 -1.41813731
-0.02516657 -44.16735077 -1.32922637
-0.06417789 -44.16735077 -1.13553631
-0.08480844 -44.16735077 -1.07343149
-0.11145161 -44.16735077 -0.91205382
-0.16260773 -44.16735077 -0.75283641
-0.17470279 -44.16735077 -0.55195349
-0.16093419 -44.16735077 -0.45417055
-0.13207334 -44.16735077 -0.34201804
-0.03747969 -44.16735077 -0.18800384
0.09443663 -44.16735077 -0.03974882
0.13168935 -44.16735077 0.06274746
0.24973121 -44.16735077 0.19276880
0.26598945 -44.16735077 0.28480470
0.30385116 -44.16735077 0.38105229
0.40998536 -44.16735077 0.50461185
0.54373121 -44.16735077 0.56973869
0.62671453 -44.16735077 0.63692182
0.68593121 -44.16735077 0.70551139
0.81968009 -44.16735077 0.78846198
0.89852309 -44.16735077 0.82808858
1.02729940 -44.16735077 0.83006376
1.11782897 -44.16735077 0.85002798
1.21240413 -44.16735077 0.84713781
1.27932715 -44.16735077 0.88231832
1.81593943 -44.16735077 0.82086694
2.20940495 -44.16735077 0.41915792
0.06403051 -44.16735077 -1.43656635
0.34166694 -44.16735077 0.43909627
0.74353582 -44.16735077 0.74222338
