0.32181424 -74.83670807 0.49621123
1.17451572 -74.84670258 0.64084554
1.23947108 -74.84670258 0.68712068
1.32822490 -74.84670258 0.67767560
1.42192471 -74.84670258 0.68929762
1.49134970 -74.84670258 0.68014795
1.58825958 -74.84670258 0.69318748
1.65162456 -74.84670258 0.71826589
1.77049661 -74.84670258 0.70934451
1.87122715 -74.84670258 0.69827455
2.00946951 -74.84670258 0.57678670
2.15680528 -74.84670258 0.46149004
2.19436979 -74.84670258 0.35798582
2.24746370 -74.84670258 0.25251436
2.31991577 -74.84670258 0.13207814
2.38030291 -74.84670258 0.03051109
2.48149776 -74.84670258 -0.07825606
2.54849100 -74.84670258 -0.17315088
2.64710283 -74.84670258 -0.34698799
2.66950941 -74.84670258 -0.43418458
2.70850587 -74.84670258 -0.64872110
2.68876600 -74.84670258 -0.79903448
2.66434455 -74.84670258 -0.96270037
2.64458275 -74.84670258 -1.12407792
2.57431889 -74.84670258 -1.32151735
2.41794658 -74.84670258 -1.36925530
2.19278693 -74.84670258 -1.40709054
2.03563023 -74.84670258 -1.41621172
1.89999139 -74.84670258 -1.42891026
1.72662950 -74.84670258 -1.42351282
1.60828102 -74.84670258 -1.42891955
1.48942173 -74.84670258 -1.42994010
1.35455751 -74.84670258 -1.43268919
1.24507630 -74.84670258 -1.43093073
1.05787349 -74.84670258 -1.40981376
0.93598777 -74.84670258 -1.40746057
0.82868642 -74.84670258 -1.40292978
0.71551830 -74.84670258 -1.39595163
0.58687651 -74.84670258 -1.39239824
0.45500633 -74.84670258 -1.40005386
0.30573654 -74.84670258 -1.36997330
0.15919961 -74.84670258 -1.34247959
0.02359462 -74.84670258 -1.31295884
-0.12077952 -74.84670258 -1.22594273
-0.20162046 -74.84670258 -1.13906109
-0.26529121 -74.84670258 -0.81451231
-0.26265231 -74.84670258 -0.68307418
-0.27987692 -74.84670258 -0.56986713
-0.26856723 -74.84670258 -0.44875666
-0.25501558 -74.84670258 -0.31739950
-0.23423667 -74.84670258 -0.22896755
-0.14484468 -74.84670258 -0.11036676
-0.03103584 -74.84670258 -0.00612974
0.07182516 -74.84670258 0.07946879
0.06040810 -74.84670258 0.17876062
0.21498901 -74.84670258 0.27959669
0.25483206 -74.84670258 0.32603255
0.24595410 -74.84670258 0.39471343
0.29680470 -74.84670258 0.44107816
0.39368793 -74.84670258 0.51989484
0.49904552 -74.84670258 0.54053676
0.56901485 -74.84670258 0.55023348
0.65166098 -74.84670258 0.54967105
0.71679574 -74.84670258 0.57346600
0.81109166 -74.84670258 0.59137064
0.91306895 -74.84670258 0.58522898
0.98281968 -74.84670258 0.60214764
1.07147670 -74.84670258 0.61082715
-0.22721007 -74.84670258 -0.95601970
