-0.18871301 52.82059479 -0.49302211
0.63941616 52.82059479 0.52565676
1.13552797 52.82059479 0.51125133
1.78603029 52.82059479 0.49408025
2.24037266 52.82059479 -0.07747919
2.19864392 52.82059479 -0.37402609
2.09073281 52.82059479 -1.02439117
0.02053658 52.82059479 0.46667370
0.29968661 52.82059479 0.48699370
1.05887032 52.81060028 0.49441722
0.89554495 52.81060028 0.47496015
0.81976354 52.81060028 0.49381611
0.55623025 52.81060028 0.52704614
0.36222827 52.81060028 0.50787389
0.44981959 52.81060028 0.53042644
0.23983710 52.81060028 0.50484985
0.02844216 52.81060028 0.53396422
0.01500196 52.81060028 0.39741504
0.00599035 52.81060028 0.28941578
0.00019643 52.81060028 0.21090756
0.00641557 52.81060028 -0.02343267
0.02164037 52.81060028 0.04947771
-0.03200135 52.81060028 -0.10268682
-0.09169321 52.81060028 -0.20751853
-0.12905009 52.81060028 -0.36820489
-0.12096357 52.81060028 -0.27157137
-0.17467922 52.81060028 -0.43172237
-0.17600419 52.81060028 -0.55210745
-0.17566116 52.81060028 -0.73967624
-0.16875884 52.81060028 -0.66087711
-0.16372819 52.81060028 -0.80941325
-0.13960887 52.81060028 -1.01898313
-0.14983729 52.81060028 -0.92745042
-0.15620437 52.81060028 -1.16787493
-0.14311562 52.81060028 -1.07989073
-0.07024268 52.81060028 -1.37781024
-0.16969538 52.81060028 -1.26235533
-0.00126772 52.81060028 -1.44328630
0.21785930 52.81060028 -1.49158216
0.11014269 52.81060028 -1.48901689
0.39667803 52.81060028 -1.48650455
0.29936963 52.81060028 -1.48974597
0.54910028 52.81060028 -1.50159383
0.48340809 52.81060028 -1.49213433
0.67370939 52.81060028 -1.51365602
0.61038631 52.81060028 -1.50732851
0.73513561 52.81060028 -1.51211584
0.85952574 52.81060028 -1.50364661
1.13582397 52.81060028 -1.46427381
1.05646145 52.81060028 -1.47642958
1.20885336 52.81060028 -1.46611607
1.30713928 52.81060028 -1.46686947
1.42080641 52.81060028 -1.46451330
1.60117590 52.81060028 -1.47897458
1.68908310 52.81060028 -1.48387384
1.80447495 52.81060028 -1.46030867
1.99019051 52.81060028 -1.40461481
2.04057980 52.81060028 -1.35034633
2.10003328 52.81060028 -0.96225649
2.08872843 52.81060028 -0.90260047
2.09650397 52.81060028 -0.81895727
2.18876958 52.81060028 -0.72669560
2.20771480 52.81060028 -0.58716285
2.19540405 52.81060028 -0.31055146
2.22267699 52.81060028 -0.25024843
2.24748635 52.81060028 -0.00953576
2.20817590 52.81060028 0.16043530
2.19245791 52.81060028 0.27899361
2.17645192 52.81060028 0.40586305
1.49455118 52.81060028 0.55658305
1.36137915 52.81060028 0.55386698
1.25736439 52.81060028 0.55038708
0.99861521 52.81060028 0.51907057
0.94900399 52.81060028 -1.49365973
-0.01290314 52.81060028 0.10985875
0.11357405 52.81060028 0.52869624
