0.05949793 11.48146820 0.16367199
1.59661174 11.47147369 0.51001680
1.67916143 11.47147369 0.48390061
1.74279630 11.47147369 0.45019868
1.84075570 11.47147369 0.38057381
1.90182722 11.47147369 0.32541615
1.93233311 11.47147369 0.26233128
1.99649155 11.47147369 0.15675631
2.06267667 11.47147369 0.05902604
2.11157870 11.47147369 -0.01099417
2.17773342 11.47147369 -0.11546517
2.23153448 11.47147369 -0.17786056
2.30579042 11.47147369 -0.23949821
2.34196663 11.47147369 -0.31508416
2.39668894 11.47147369 -0.35498530
2.48252869 11.47147369 -0.45723158
2.52821326 11.47147369 -0.53081477
2.65481925 11.47147369 -0.76096874
2.69605803 11.47147369 -0.86610854
2.73202634 11.47147369 -1.00255919
2.69193435 11.47147369 -1.12677276
2.71365786 11.47147369 -1.20391154
2.66451025 11.47147369 -1.29994595
2.54360652 11.47147369 -1.34512448
2.38941240 11.47147369 -1.37886345
2.29582810 11.47147369 -1.39491236
2.14151263 11.47147369 -1.40270591
2.06055212 11.47147369 -1.41353118
1.93515170 11.47147369 -1.41966319
1.86949790 11.47147369 -1.42104065
1.71812999 11.47147369 -1.43109357
1.58942664 11.47147369 -1.42099679
1.49122870 11.47147369 -1.42754602
1.41095901 11.47147369 -1.43179429
1.32059038 11.47147369 -1.42445207
1.25663888 11.47147369 -1.43198407
1.19306386 11.47147369 -1.43297887
1.10156250 11.47147369 -1.41545784
0.98739821 11.47147369 -1.41699195
0.92112672 11.47147369 -1.41907299
0.85777795 11.47147369 -1.41729736
0.78575248 11.47147369 -1.41331112
0.71768212 11.47147369 -1.41159141
0.64665169 11.47147369 -1.40164185
0.57732904 11.47147369 -1.39541149
0.47513536 11.47147369 -1.38655269
0.37792307 11.47147369 -1.39358938
0.26534459 11.47147369 -1.38839054
0.16925190 11.47147369 -1.36053908
0.10483176 11.47147369 -1.32399559
0.06530359 11.47147369 -1.22141886
0.02925409 11.47147369 -1.09644330
-0.00164910 11.47147369 -0.97847950
-0.03566920 11.47147369 -0.91727835
-0.06069425 11.47147369 -0.84736216
-0.08618098 11.47147369 -0.72661835
-0.09471375 11.47147369 -0.65746355
-0.14652574 11.47147369 -0.53902131
-0.15948421 11.47147369 -0.45675251
-0.09487597 11.47147369 -0.33721778
-0.06476504 11.47147369 -0.27743217
-0.00003248 11.47147369 -0.17949395
0.01702047 11.47147369 -0.09305009
0.04265847 11.47147369 0.01014443
0.06082904 11.47147369 0.10363260
0.09169681 11.47147369 0.25842607
0.09448311 11.47147369 0.32713085
0.15398856 11.47147369 0.39902383
0.18006322 11.47147369 0.46688244
0.33634016 11.47147369 0.53966349
0.39677304 11.47147369 0.54112321
0.45201698 11.47147369 0.57578605
0.54886502 11.47147369 0.57260120
0.63520187 11.47147369 0.58798897
0.72965908 11.47147369 0.59868163
0.81503803 11.47147369 0.60069996
0.93300140 11.47147369 0.61984360
1.01836610 11.47147369 0.61549067
1.11199689 11.47147369 0.60364527
1.22067487 11.47147369 0.60032195
1.30351436 11.47147369 0.60865891
1.39055145 11.47147369 0.60769808
1.46334529 11.47147369 0.59635341
1.53773034 11.47147369 0.54091454
0.22664253 11.47147369 0.52412474
