1.60065305 -54.29714203 -1.42272711
0.20100653 -54.29714203 -0.95458537
0.21490593 -54.29714203 -0.56934196
0.22574142 -54.29714203 -0.34364620
0.22115684 -54.29714203 -0.17030559
0.19928129 -54.29714203 0.08758966
0.27541852 -54.29714203 0.39885151
0.35247660 -54.30713654 0.56702131
0.32446888 -54.30713654 0.51379395
0.22862200 -54.30713654 0.27489507
0.19471639 -54.30713654 0.14783886
0.20302056 -54.30713654 0.01491804
0.21504487 -54.30713654 -0.09653571
0.22310904 -54.30713654 -0.23908004
0.22212480 -54.30713654 -0.44796202
0.20289589 -54.30713654 -0.65283251
0.16759680 -54.30713654 -0.78117967
0.19308741 -54.30713654 -1.01768076
0.22076538 -54.30713654 -1.12510657
0.26044720 -54.30713654 -1.27780199
0.38079554 -54.30713654 -1.31686020
0.51814133 -54.30713654 -1.37201083
0.65471447 -54.30713654 -1.38716745
0.75486982 -54.30713654 -1.40516746
0.88240558 -54.30713654 -1.42216241
0.98948854 -54.30713654 -1.43079793
1.17642725 -54.30713654 -1.44813991
1.28140914 -54.30713654 -1.44461954
1.36400020 -54.30713654 -1.44465625
1.53747964 -54.30713654 -1.42985535
1.70079935 -54.30713654 -1.41235399
1.80576599 -54.30713654 -1.40362561
1.90420794 -54.30713654 -1.39383936
1.47176099 -54.30713654 -1.44208729
1.10670960 -54.30713654 -1.44798076
0.18955711 -54.30713654 -0.87626296
2.33868194 -54.30713654 0.40573949
2.37725616 -54.30713654 0.33817333
2.37886190 -54.30713654 0.22056091
2.40376377 -54.30713654 0.02568882
2.40646577 -54.30713654 -0.07743429
2.41703391 -54.30713654 -0.19134723
2.44042826 -54.30713654 -0.31578159
2.45377588 -54.30713654 -0.40003031
2.45947719 -54.30713654 -0.49769789
2.51050282 -54.30713654 -0.62452483
2.53676105 -54.30713654 -0.71991515
2.54522848 -54.30713654 -0.81466377
2.51795626 -54.30713654 -0.93621200
2.43833303 -54.30713654 -1.11074698
2.41515017 -54.30713654 -1.27929008
2.32335949 -54.30713654 -1.30876648
2.21453166 -54.30713654 -1.35809314
2.10946274 -54.30713654 -1.36744082
1.99691153 -54.30713654 -1.37935531
0.42865914 -54.30713654 0.67774284
0.56365317 -54.30713654 0.74993068
0.64741057 -54.30713654 0.77697623
0.74871337 -54.30713654 0.78121656
0.88604677 -54.30713654 0.83540577
0.98180020 -54.30713654 0.84842241
1.12154078 -54.30713654 0.84285450
1.21516573 -54.30713654 0.83442885
1.34941447 -54.30713654 0.81736040
1.48698640 -54.30713654 0.78772187
1.62340856 -54.30713654 0.76213205
1.71380711 -54.30713654 0.75608081
1.84070599 -54.30713654 0.76703560
2.01057363 -54.30713654 0.66491640
2.10697603 -54.30713654 0.61806220
2.17535830 -54.30713654 0.57622987
2.23848391 -54.30713654 0.53906429
2.31822610 -54.30713654 0.46362412
