0.00772377 38.78089142 0.38222304
1.15512252 38.78089142 0.75068003
1.84945595 38.77089691 0.53670716
1.92723906 38.77089691 0.51468003
2.02577519 38.77089691 0.47537979
2.21062064 38.77089691 0.37580967
2.34831214 38.77089691 0.23805572
2.34845424 38.77089691 0.15415686
2.33366466 38.77089691 -0.00530595
2.32546782 38.77089691 -0.11983690
2.31536365 38.77089691 -0.20811971
2.30629611 38.77089691 -0.28260687
2.30731726 38.77089691 -0.34360009
2.29047775 38.77089691 -0.51948738
2.28211713 38.77089691 -0.63465500
2.27345753 38.77089691 -0.71906960
2.21139956 38.77089691 -0.77073008
2.21400666 38.77089691 -0.83551240
2.24524999 38.77089691 -1.06148148
2.22889781 38.77089691 -1.19719768
2.20165038 38.77089691 -1.28869379
2.15755248 38.77089691 -1.35306799
2.07609153 38.77089691 -1.46431065
1.97217906 38.77089691 -1.49963808
1.90983093 38.77089691 -1.50618732
1.71444631 38.77089691 -1.52066553
1.54048777 38.77089691 -1.52286804
1.35901499 38.77089691 -1.52183533
1.28628623 38.77089691 -1.52430630
1.20648766 38.77089691 -1.52360916
1.11617017 38.77089691 -1.51308203
1.01470196 38.77089691 -1.51715624
0.87709391 38.77089691 -1.53656745
0.77122766 38.77089691 -1.53424716
0.66389287 38.77089691 -1.52286184
0.60180348 38.77089691 -1.51458049
0.51198405 38.77089691 -1.50882983
0.36212808 38.77089691 -1.51836312
0.28514996 38.77089691 -1.49961710
0.19073105 38.77089691 -1.48055363
0.16232702 38.77089691 -1.39528358
0.16725609 38.77089691 -1.28836632
0.16606450 38.77089691 -1.14735115
0.07410681 38.77089691 -1.08699608
0.05623564 38.77089691 -1.02385342
0.03731739 38.77089691 -0.96089637
-0.00160041 38.77089691 -0.83023077
-0.01869119 38.77089691 -0.74855638
-0.04912272 38.77089691 -0.63410300
-0.05764923 38.77089691 -0.56422555
-0.04742852 38.77089691 -0.49636683
-0.05882725 38.77089691 -0.41564977
-0.10467466 38.77089691 -0.36243531
-0.08621258 38.77089691 -0.19861619
-0.08249924 38.77089691 -0.11388129
-0.02407629 38.77089691 -0.07397905
-0.07649093 38.77089691 0.00635375
-0.06940458 38.77089691 0.12037706
-0.03684627 38.77089691 0.21898702
-0.01951585 38.77089691 0.32949266
0.05351751 38.77089691 0.46788311
0.10223968 38.77089691 0.51952428
0.15927285 38.77089691 0.59681791
0.33353809 38.77089691 0.62772822
0.41044354 38.77089691 0.66672468
0.49321592 38.77089691 0.67680967
0.58659023 38.77089691 0.71487594
0.65698099 38.77089691 0.73336649
0.76459962 38.77089691 0.71312988
0.83655745 38.77089691 0.73106354
0.93524748 38.77089691 0.77290881
1.02784514 38.77089691 0.78300041
1.09917593 38.77089691 0.77027690
1.25375199 38.77089691 0.73670143
1.32060909 38.77089691 0.68319547
1.39413643 38.77089691 0.65770739
1.45650089 38.77089691 0.67272592
1.54308224 38.77089691 0.61962467
1.64387345 38.77089691 0.55173564
1.70910168 38.77089691 0.53290772
2.13799834 38.77089691 0.43478847
2.33847928 38.77089691 0.32597840
2.29868221 38.77089691 -0.41192478
2.23095441 38.77089691 -0.92099935
2.16234136 38.77089691 -1.42737556
1.83561349 38.77089691 -1.51114297
1.44192064 38.77089691 -1.52023101
0.26014179 38.77089691 0.62620783
1.76633358 38.77089691 0.56950080
