1.66974390 -63.91693878 -1.49010229
1.81366229 -63.91693878 -1.48791599
1.95112789 -63.91693878 -1.48027909
2.08654022 -63.91693878 -1.46380055
2.22762275 -63.91693878 -1.44719076
0.20141669 -63.92693329 -1.11678982
0.26311564 -63.92693329 -1.20146298
0.40539131 -63.92693329 -1.29530978
0.50438446 -63.92693329 -1.34207213
0.72186399 -63.92693329 -1.41007912
0.84360397 -63.92693329 -1.43358266
0.93743050 -63.92693329 -1.44628429
1.04887009 -63.92693329 -1.45849597
1.17979097 -63.92693329 -1.48300624
1.29547477 -63.92693329 -1.49393272
1.41781247 -63.92693329 -1.49957657
1.74183786 -63.92693329 -1.48709261
1.87731791 -63.92693329 -1.48826313
2.02041388 -63.92693329 -1.47273934
2.15912080 -63.92693329 -1.45452225
2.32098937 -63.92693329 -1.43789959
2.43855572 -63.92693329 -1.40846515
2.49430919 -63.92693329 -1.20598960
0.16052645 -63.92693329 -0.98116463
0.26186320 -63.92693329 -1.26223540
0.60874444 -63.92693329 -1.37703168
1.54303181 -63.92693329 -1.49993360
0.78414112 -63.92693329 0.41139609
0.68714380 -63.92693329 0.31251779
0.59170491 -63.92693329 0.24520774
0.54336643 -63.92693329 0.19020884
0.50016159 -63.92693329 0.08962227
0.50288469 -63.92693329 -0.02445383
0.46021429 -63.92693329 -0.08485264
0.41670859 -63.92693329 -0.15312386
0.34070173 -63.92693329 -0.26800328
0.32594442 -63.92693329 -0.43096238
0.33280969 -63.92693329 -0.35351747
0.31495845 -63.92693329 -0.52441591
0.25144377 -63.92693329 -0.63207990
0.20039143 -63.92693329 -0.75574309
0.17363438 -63.92693329 -0.88568032
2.60280752 -63.92693329 -0.77332687
2.51579547 -63.92693329 -0.58863086
2.43669581 -63.92693329 -0.45876053
2.38951516 -63.92693329 -0.34268019
2.34270692 -63.92693329 -0.24677122
2.26497483 -63.92693329 -0.07612105
2.29271841 -63.92693329 -0.14948256
2.21262217 -63.92693329 -0.00935424
2.12400770 -63.92693329 0.18920122
2.15584302 -63.92693329 0.09351179
2.11742210 -63.92693329 0.29184139
2.08268523 -63.92693329 0.38605264
2.05802035 -63.92693329 0.47428879
1.89116108 -63.92693329 0.55259126
1.98730052 -63.92693329 0.52283210
1.80360270 -63.92693329 0.56984168
1.64112353 -63.92693329 0.57369888
1.52560532 -63.92693329 0.57365394
1.45622671 -63.92693329 0.58037978
1.35342991 -63.92693329 0.55056393
1.28105998 -63.92693329 0.54200691
1.12992835 -63.92693329 0.48602203
1.20935917 -63.92693329 0.50388229
1.06741500 -63.92693329 0.45632085
0.98618275 -63.92693329 0.43989423
0.89112824 -63.92693329 0.41541585
1.72993720 -63.92693329 0.57721555
