-0.11630790 24.74118805 -1.26842391
-0.08189542 24.74118805 -0.81800961
-0.04479423 24.74118805 -0.56642461
-0.01706636 24.74118805 -0.23582120
0.07305826 24.74118805 0.16295978
0.18755928 24.74118805 0.40253839
1.48986173 24.74118805 -1.41145802
1.13013995 24.73119354 -1.41771829
0.94981563 24.73119354 -1.43752074
0.82464892 24.73119354 -1.42819488
0.72213370 24.73119354 -1.44890344
0.57948291 24.73119354 -1.46957505
0.43507117 24.73119354 -1.47653854
0.17267640 24.73119354 -1.47282445
0.00113915 24.73119354 -1.43382668
-0.07272004 24.73119354 -1.34254813
-0.18027300 24.73119354 -1.08944631
-0.22340545 24.73119354 -1.03002572
-0.11016309 24.73119354 -0.87916547
-0.08053654 24.73119354 -0.73669684
-0.08282231 24.73119354 -0.61632788
0.04509918 24.73119354 -0.40163720
-0.01765243 24.73119354 -0.30412975
-0.00919388 24.73119354 -0.11943648
0.00552108 24.73119354 -0.02129445
0.11182943 24.73119354 0.26541987
0.20538798 24.73119354 0.32847103
0.32465699 24.73119354 0.64328432
0.44435295 24.73119354 0.63628298
0.30074498 24.73119354 -1.48441517
-0.07207872 24.73119354 -1.40815961
0.00781951 24.73119354 -0.48809111
0.02803409 24.73119354 0.08412508
0.16750644 24.73119354 0.48110229
0.20709287 24.73119354 0.56124723
0.25836638 24.73119354 0.62955368
0.98306489 24.73119354 0.68153548
1.09271801 24.73119354 0.66781992
1.25143588 24.73119354 0.66567034
1.31745768 24.73119354 0.66653895
1.42420423 24.73119354 0.65997422
1.57962394 24.73119354 0.67464614
1.61303878 24.73119354 0.61011255
1.70405650 24.73119354 0.55737835
1.77507198 24.73119354 0.48939961
1.85373914 24.73119354 0.43233079
1.90987468 24.73119354 0.36943993
1.98797107 24.73119354 0.24686772
2.06781316 24.73119354 0.18064089
2.13303781 24.73119354 0.10029388
2.14141321 24.73119354 -0.00699595
2.17780447 24.73119354 -0.13608308
2.21397519 24.73119354 -0.28315118
2.27746964 24.73119354 -0.49125740
2.32268786 24.73119354 -0.60671759
2.32488108 24.73119354 -0.70177269
2.36781526 24.73119354 -0.85880727
2.39234495 24.73119354 -1.00234997
2.34854126 24.73119354 -1.14150381
2.32329559 24.73119354 -1.28375208
2.18850136 24.73119354 -1.32924736
2.05832863 24.73119354 -1.37676620
1.90432465 24.73119354 -1.39747787
1.77295244 24.73119354 -1.40551722
1.65465844 24.73119354 -1.41303158
1.42974758 24.73119354 -1.41727471
1.30068111 24.73119354 -1.41728377
1.21521580 24.73119354 -1.41568887
0.67166728 24.73119354 0.61830980
0.81216127 24.73119354 0.67113781
0.57788092 24.73340034 0.60864258
