0.93112117 -42.07740021 -1.42792070
1.31493258 -42.07740021 -1.44593787
1.37098181 -42.08739471 0.55191892
1.43674123 -42.08739471 0.55124444
1.57047796 -42.08739471 0.55801016
1.65777373 -42.08739471 0.53348517
1.71935380 -42.08739471 0.54682744
1.77836120 -42.08739471 0.53216451
1.83860266 -42.08739471 0.53291470
1.93609047 -42.08739471 0.53061420
2.00601292 -42.08739471 0.53425109
2.08436608 -42.08739471 0.53818905
2.26062703 -42.08739471 0.40660787
2.29477406 -42.08739471 0.35276461
2.34452295 -42.08739471 0.28112459
2.38867450 -42.08739471 0.20507872
2.39911032 -42.08739471 0.14182797
2.43034697 -42.08739471 0.07824857
2.47871423 -42.08739471 -0.00651619
2.50548220 -42.08739471 -0.13281037
2.53290772 -42.08739471 -0.22602209
2.55091858 -42.08739471 -0.28711739
2.58180833 -42.08739471 -0.35422271
2.61645341 -42.08739471 -0.42329252
2.62153578 -42.08739471 -0.50310433
2.63483596 -42.08739471 -0.62731850
2.63486600 -42.08739471 -0.69722766
2.63251567 -42.08739471 -0.77793682
2.67439222 -42.08739471 -0.89601272
2.69229698 -42.08739471 -1.00173831
2.65425730 -42.08739471 -1.13622189
2.62493181 -42.08739471 -1.19174445
2.53689146 -42.08739471 -1.31961083
2.43153286 -42.08739471 -1.37613308
2.30205417 -42.08739471 -1.41336524
2.18808150 -42.08739471 -1.40627265
2.12653613 -42.08739471 -1.40625632
2.01549268 -42.08739471 -1.41414857
1.93099177 -42.08739471 -1.41585147
1.81294692 -42.08739471 -1.42071378
1.73071992 -42.08739471 -1.42212892
1.67074537 -42.08739471 -1.41322517
1.50720680 -42.08739471 -1.43725598
1.39095533 -42.08739471 -1.44562900
1.25546229 -42.08739471 -1.44474876
1.19536555 -42.08739471 -1.44662309
1.03870380 -42.08739471 -1.43018079
0.86977613 -42.08739471 -1.42613018
0.77943373 -42.08739471 -1.43257320
0.66448784 -42.08739471 -1.44176567
0.55221277 -42.08739471 -1.44576752
0.46305278 -42.08739471 -1.43583679
0.35380375 -42.08739471 -1.40169704
0.25558972 -42.08739471 -1.28356624
0.23372199 -42.08739471 -1.22583425
0.20762523 -42.08739471 -1.10595810
0.18109132 -42.08739471 -1.00747514
0.08972149 -42.08739471 -0.90495682
0.09478838 -42.08739471 -0.77714890
0.08863341 -42.08739471 -0.70056742
0.01181498 -42.08739471 -0.64567006
0.04578258 -42.08739471 -0.54065722
0.05206882 -42.08739471 -0.45810363
0.11589917 -42.08739471 -0.36998636
0.16568673 -42.08739471 -0.27868372
0.18465030 -42.08739471 -0.21229984
0.21316186 -42.08739471 -0.15253685
0.25654855 -42.08739471 -0.04982881
0.29384658 -42.08739471 0.03294330
0.31152341 -42.08739471 0.17309798
0.32851985 -42.08739471 0.24222803
0.39845070 -42.08739471 0.34016538
0.47623929 -42.08739471 0.36820656
0.52867526 -42.08739471 0.43117034
0.68294448 -42.08739471 0.48715150
0.74542940 -42.08739471 0.53935111
0.81025290 -42.08739471 0.52889574
0.90125668 -42.08739471 0.51499295
0.97230113 -42.08739471 0.52874798
1.05246043 -42.08739471 0.53836155
1.12060642 -42.08739471 0.55897158
1.20679510 -42.08739471 0.56099808
1.28301466 -42.08739471 0.56110680
0.29648325 -42.08739471 -1.37250352
0.61425573 -42.08739471 0.49620649
2.19154429 -42.08739471 0.52615428
