2.47177434 -65.99689484 -1.09201825
2.51421165 -65.99689484 -0.98216224
2.46129560 -65.99689484 -1.27980113
2.35611773 -65.99689484 -1.42093372
2.20229864 -65.99689484 -1.44363105
2.05025220 -65.99689484 -1.44851267
1.89111149 -65.99689484 -1.45918131
1.72481835 -65.99689484 -1.47098899
1.12487280 -65.99689484 -1.47711527
0.38425720 -65.99689484 -1.22822666
0.33646008 -65.99689484 -0.81265634
2.62353277 -66.00688934 -0.66225958
2.61043978 -66.00688934 -0.80106401
2.53798318 -66.00688934 -0.92259049
2.44206667 -66.00688934 -1.17088521
2.48048592 -66.00688934 -1.37426138
2.42552590 -66.00688934 -1.40049350
2.26581621 -66.00688934 -1.44552803
2.11348701 -66.00688934 -1.44239819
1.95797527 -66.00688934 -1.45737791
1.78829420 -66.00688934 -1.46223557
1.63315070 -66.00688934 -1.48374057
1.55969405 -66.00688934 -1.48642814
1.39986205 -66.00688934 -1.48245430
1.25128245 -66.00688934 -1.49300122
1.19057620 -66.00688934 -1.48867309
1.01138747 -66.00688934 -1.46191096
0.90359068 -66.00688934 -1.45361745
0.75281876 -66.00688934 -1.42775238
0.64939594 -66.00688934 -1.40517592
0.54176515 -66.00688934 -1.36642456
0.44868535 -66.00688934 -1.32220721
0.33320665 -66.00688934 -1.15269578
0.27784795 -66.00688934 -1.06547844
0.25523067 -66.00688934 -0.96614242
0.36402193 -66.00688934 -0.75122595
0.32090721 -66.00688934 -0.57337618
0.41546771 -66.00688934 -0.38383994
0.39379942 -66.00688934 -0.30374220
0.36495551 -66.00688934 -0.24368891
2.62531424 -66.00688934 -0.59378260
0.38918871 -66.00688934 -0.63078260
0.37281027 -66.00688934 -0.15433173
1.53389275 -66.00688934 0.63171083
1.61967099 -66.00688934 0.61798692
1.68004084 -66.00688934 0.61266005
1.89179838 -66.00688934 0.59554809
1.95013988 -66.00688934 0.57755709
1.96461797 -66.00688934 0.49204963
2.13830352 -66.00688934 0.38017377
2.20649767 -66.00688934 0.30609787
2.43690753 -66.00688934 0.13853356
2.50351238 -66.00688934 -0.03910929
2.55450845 -66.00688934 -0.26528180
2.57975793 -66.00688934 -0.39258409
2.62703681 -66.00688934 -0.52230328
0.37534916 -66.00688934 -0.01787012
0.37578043 -66.00688934 0.05048352
0.38934717 -66.00688934 0.13765150
0.48684207 -66.00688934 0.18118826
0.46567798 -66.00688934 0.34564674
0.49648812 -66.00688934 0.43012232
0.52887326 -66.00688934 0.51745695
0.59407061 -66.00688934 0.57438272
0.58730996 -66.00688934 0.67744142
0.64400929 -66.00688934 0.71037143
0.70471072 -66.00688934 0.71713126
0.80350810 -66.00688934 0.71835470
0.88712633 -66.00688934 0.72076309
1.26084363 -66.00688934 0.65425277
1.32497060 -66.00688934 0.60036445
1.42015386 -66.00688934 0.54842991
2.52574944 -66.00688934 -0.15201621
