2.54498935 -61.83698273 -0.69110137
0.20896415 -61.84697723 -0.29707775
0.22640516 -61.84697723 -0.42152417
0.17974754 -61.84697723 -0.35480174
0.24747361 -61.84697723 -0.59068632
0.18191496 -61.84697723 -0.81458563
0.22469373 -61.84697723 -0.67967767
0.22816586 -61.84697723 -0.95529777
0.30608642 -61.84697723 -1.10413969
0.34954366 -61.84697723 -1.26610589
0.43442997 -61.84697723 -1.37913084
0.35194042 -61.84697723 -1.35610437
0.56225914 -61.84697723 -1.38012445
0.70027572 -61.84697723 -1.40405297
0.80358422 -61.84697723 -1.43860650
0.90002453 -61.84697723 -1.44293094
1.00020432 -61.84697723 -1.45196927
1.18259370 -61.84697723 -1.48206782
1.29532027 -61.84697723 -1.47850370
1.46687055 -61.84697723 -1.48587775
1.56003034 -61.84697723 -1.49877274
1.75001514 -61.84697723 -1.46430862
1.87080431 -61.84697723 -1.45462739
1.98404837 -61.84697723 -1.45516133
2.07136178 -61.84697723 -1.43909383
2.22961950 -61.84697723 -1.43424118
2.36979389 -61.84697723 -1.39876127
2.39030147 -61.84697723 -1.25690496
2.45463514 -61.84697723 -1.10416651
2.51694536 -61.84697723 -0.97634643
2.51697922 -61.84697723 -0.82711339
2.51685405 -61.84697723 -0.89911920
2.53550243 -61.84697723 -0.75117636
2.54294086 -61.84697723 -0.61452401
2.50399566 -61.84697723 -0.50254148
2.48157740 -61.84697723 -0.39401180
2.46121097 -61.84697723 -0.29816377
2.43738604 -61.84697723 -0.23893917
2.36959410 -61.84697723 0.01987144
2.39958954 -61.84697723 -0.09628560
2.35041857 -61.84697723 0.12606975
2.34261346 -61.84697723 0.25175253
2.36133957 -61.84697723 0.34633699
2.36689544 -61.84697723 0.49439850
2.36592913 -61.84697723 0.41889915
2.25380635 -61.84697723 0.60727370
2.31069732 -61.84697723 0.56344837
2.17927432 -61.84697723 0.62648863
2.04973054 -61.84697723 0.68242007
1.93297350 -61.84697723 0.71665114
1.71078336 -61.84697723 0.74723715
1.82288408 -61.84697723 0.72814989
1.55076289 -61.84697723 0.77228421
1.64787006 -61.84697723 0.76015729
1.46340239 -61.84697723 0.77819592
1.24188161 -61.84697723 0.76054704
1.34725761 -61.84697723 0.77165383
1.12627387 -61.84697723 0.78565747
0.97702712 -61.84697723 0.80428308
0.76172948 -61.84697723 0.77682084
0.86352199 -61.84697723 0.80178070
0.71020955 -61.84697723 0.73274279
0.63285917 -61.84697723 0.66747463
0.54480290 -61.84697723 0.46954867
0.55923337 -61.84697723 0.54258394
0.54529756 -61.84697723 0.40897885
0.49488354 -61.84697723 0.16712680
0.52595967 -61.84697723 0.28738448
0.34730700 -61.84697723 0.01550360
0.39713490 -61.84697723 0.07219987
0.30443516 -61.84697723 -0.04145490
0.27809495 -61.84697723 -0.17552197
