0.17213492 34.88097382 0.83418638
-0.29617387 34.88097382 -0.24434641
2.22715378 34.88097382 0.75419527
2.78975224 34.87097931 -0.16013682
2.77088571 34.87097931 -0.40806618
2.65543604 34.87097931 -0.88284951
2.60762382 34.87097931 -1.04594350
2.51475310 34.87097931 -1.43546307
2.40189385 34.87097931 -1.45521569
2.32911587 34.87097931 -1.45740664
2.03110218 34.87097931 -1.45695519
1.79629421 34.87097931 -1.45514762
1.67378199 34.87097931 -1.46827555
1.56260228 34.87097931 -1.46587944
1.38999689 34.87097931 -1.45760667
1.28490722 34.87097931 -1.45608258
1.15178609 34.87097931 -1.45564127
1.07219625 34.87097931 -1.44842291
1.01138043 34.87097931 -1.44737124
0.91566634 34.87097931 -1.45485651
0.83680797 34.87097931 -1.45013809
0.77426523 34.87097931 -1.44925535
0.63734573 34.87097931 -1.43663406
0.51234847 34.87097931 -1.42984807
0.45129901 34.87097931 -1.42149210
0.34834170 34.87097931 -1.41982567
0.27072126 34.87097931 -1.40635419
0.15975487 34.87097931 -1.40202308
0.00357967 34.87097931 -1.36170697
-0.13225116 34.87097931 -1.36587358
-0.22269043 34.87097931 -1.36074197
-0.28808567 34.87097931 -1.32268047
-0.32471162 34.87097931 -1.21344745
-0.33220577 34.87097931 -1.13221407
-0.31783658 34.87097931 -1.02605152
-0.30578956 34.87097931 -0.93153036
-0.30873927 34.87097931 -0.81219983
-0.31312472 34.87097931 -0.73156917
-0.29862839 34.87097931 -0.64289790
-0.28395888 34.87097931 -0.55574322
-0.28540513 34.87097931 -0.44888109
-0.27216327 34.87097931 -0.36959934
-0.28793025 34.87097931 -0.30888778
-0.30697590 34.87097931 -0.12385194
-0.29259846 34.87097931 -0.01212278
-0.28541264 34.87097931 0.17996603
-0.22989102 34.87097931 0.34251294
-0.17070891 34.87097931 0.53013128
-0.01944695 34.87097931 0.65314364
0.01611758 34.87097931 0.75743639
0.11168953 34.87097931 0.81067294
0.30179822 34.87097931 0.83990288
0.40345669 34.87097931 0.80938530
0.61714005 34.87097931 0.82736164
0.67723888 34.87097931 0.83598566
0.96734035 34.87097931 0.84114814
1.03151512 34.87097931 0.81400651
1.15547526 34.87097931 0.81443965
1.27056587 34.87097931 0.76966399
1.58301795 34.87097931 0.71631306
1.76983237 34.87097931 0.77382106
1.88969278 34.87097931 0.76348615
2.16688514 34.87097931 0.75684899
2.49341631 34.87097931 0.70964068
2.67550945 34.87097931 0.55431068
2.74787998 34.87097931 0.30871278
2.76946115 34.87097931 0.06774104
1.50123668 34.87097931 0.72839165
1.39568067 34.87097931 0.73054928
1.33807874 34.87097931 0.75115001
0.89193422 34.87097931 0.84523296
0.81240451 34.87097931 0.83088541
0.51801723 34.87097931 0.81381011
-0.08101717 34.87097931 0.57959956
-0.25833473 34.87097931 0.26806509
-0.30362171 34.87097931 0.10327664
1.93656540 34.87097931 -1.44453573
2.20624280 34.87097931 -1.46013737
2.59318256 34.87097931 -1.31319344
2.57976818 34.87097931 -1.15144026
2.68599772 34.87097931 -0.68289441
2.74330997 34.87097931 -0.60403365
2.77319479 34.87097931 -0.34500569
2.73214221 34.87097931 0.20046918
2.71589494 34.87097931 0.42939162
2.64033437 34.87097931 0.64355767
2.35777283 34.87097931 0.76460302
2.06430840 34.87097931 0.73394740
1.68329239 34.87097931 0.70813763
