0.82719237 38.26090240 0.67976934
0.02852571 38.26090240 0.27898210
0.02884584 38.26090240 -0.70028639
0.04408365 38.26090240 -0.82937294
2.30625820 38.26090240 0.41722012
2.08773756 38.26090240 0.78923035
1.61068869 38.26090240 0.72172827
1.31134546 38.26090240 0.66085601
1.07022667 38.25090790 0.67574072
1.39396906 38.25090790 0.70054936
1.49197924 38.25090790 0.70525408
1.70191848 38.25090790 0.71973109
1.95745909 38.25090790 0.74663699
2.01992393 38.25090790 0.75764304
2.30744505 38.25090790 0.20927700
2.30769563 38.25090790 0.10255303
2.31500411 38.25090790 -0.11212891
2.31346083 38.25090790 -0.21765690
2.31166315 38.25090790 -0.44487503
2.30938458 38.25090790 -0.56831789
2.29583716 38.25090790 -0.69926590
2.30259609 38.25090790 -0.84449667
2.29113650 38.25090790 -0.98225707
2.28891873 38.25090790 -1.22546887
2.27825570 38.25090790 -1.29196417
2.23744035 38.25090790 -1.39611948
2.01209831 38.25090790 -1.49750876
1.84895706 38.25090790 -1.51582313
1.70002472 38.25090790 -1.52493644
1.47713137 38.25090790 -1.50968242
1.38292873 38.25090790 -1.50848222
1.22128749 38.25090790 -1.50542128
1.08263481 38.25090790 -1.50734699
0.88813138 38.25090790 -1.51481402
0.71111399 38.25090790 -1.52087140
0.63687342 38.25090790 -1.51911008
0.54907572 38.25090790 -1.50629187
0.46653515 38.25090790 -1.49624288
0.28114942 38.25090790 -1.47241342
0.18885334 38.25090790 -1.42126882
0.17448278 38.25090790 -1.30380440
0.09822795 38.25090790 -1.27037764
0.04624848 38.25090790 -1.09372365
0.05321853 38.25090790 -0.97895807
0.03738477 38.25090790 -0.89718395
0.02631730 38.25090790 -0.76490784
0.00086382 38.25090790 -0.58072871
-0.01673541 38.25090790 -0.36974642
-0.02874337 38.25090790 -0.21709408
-0.01381688 38.25090790 -0.13984065
-0.02575781 38.25090790 -0.02259166
-0.03515099 38.25090790 0.04566400
0.02021615 38.25090790 0.14626361
0.01146590 38.25090790 0.20841806
0.05902155 38.25090790 0.37706777
0.14704812 38.25090790 0.44594342
0.17711587 38.25090790 0.50490427
0.32223153 38.25090790 0.51999426
0.46113783 38.25090790 0.54338151
0.58198404 38.25090790 0.58930320
0.75460082 38.25090790 0.67213899
0.95287299 38.25090790 0.74868751
1.00874698 38.25090790 0.71249199
0.90104890 38.25090790 0.71246642
0.69953275 38.25090790 0.63641781
0.52703243 38.25090790 0.56186008
0.02355735 38.25090790 -0.45920041
0.08992801 38.25090790 -1.15780234
0.38282120 38.25090790 -1.49254477
0.81659889 38.25090790 -1.51464677
2.16823554 38.25090790 -1.51062977
2.27279496 38.25090790 -1.11078870
2.31380010 38.25090790 -0.30004990
2.31706643 38.25090790 0.00763829
2.29610443 38.25090790 0.32385775
2.30017853 38.25090790 0.54567051
2.29021716 38.25090790 0.67133331
2.27953529 38.25090790 0.79955882
1.25635278 38.25090790 0.63508093
1.15971541 38.25090790 0.67275953
