0.87766564 66.34030914 0.67181683
1.01227069 66.33031464 0.67497021
1.10004294 66.33031464 0.66251332
0.94182318 66.33031464 0.68381733
0.81911528 66.33031464 0.65848702
0.73831987 66.33031464 0.64352179
0.60221040 66.33031464 0.61410326
0.50675911 66.33031464 0.56925398
0.45628640 66.33031464 0.53472620
0.35055199 66.33031464 0.48678243
0.18044992 66.33031464 0.37742284
0.27701300 66.33031464 0.43687823
0.10994525 66.33031464 0.36097836
0.07368388 66.33031464 0.30229756
-0.00332009 66.33031464 0.16742446
0.01579897 66.33031464 0.23454995
-0.00440152 66.33031464 0.09764980
-0.07036150 66.33031464 -0.00356710
-0.08749468 66.33031464 -0.10505588
-0.11625735 66.33031464 -0.18715326
-0.12144139 66.33031464 -0.26040196
-0.24941899 66.33031464 -0.42788652
-0.20982881 66.33031464 -0.36562198
-0.23526619 66.33031464 -0.48774704
-0.24267061 66.33031464 -0.55017245
-0.34735432 66.33031464 -0.72809434
-0.34349933 66.33031464 -0.66524285
-0.30751792 66.33031464 -0.77903420
-0.31126815 66.33031464 -0.84162718
-0.21424727 66.33031464 -1.05281949
-0.26314288 66.33031464 -0.94787848
-0.21449822 66.33031464 -1.14312291
-0.17878692 66.33031464 -1.28771818
-0.14581810 66.33031464 -1.34623587
-0.06374399 66.33031464 -1.43428075
0.03581784 66.33031464 -1.47485137
0.16337131 66.33031464 -1.47694600
0.10008831 66.33031464 -1.47101986
0.27152801 66.33031464 -1.48635018
0.37069190 66.33031464 -1.50862777
0.45370394 66.33031464 -1.51516819
0.54175019 66.33031464 -1.51541972
0.64687419 66.33031464 -1.51476789
0.74597871 66.33031464 -1.50906217
0.82108909 66.33031464 -1.50111020
0.93229699 66.33031464 -1.48613346
1.01542604 66.33031464 -1.49729550
1.11134148 66.33031464 -1.49733865
1.20592356 66.33031464 -1.49575937
1.37840760 66.33031464 -1.48798573
1.52278090 66.33031464 -1.52666044
1.45810664 66.33031464 -1.51284730
1.59843147 66.33031464 -1.51332593
1.72104537 66.33031464 -1.50129223
1.82909286 66.33031464 -1.47953594
1.93708825 66.33031464 -1.44249749
1.93139696 66.33031464 -1.37998712
1.96170497 66.33031464 -1.25313759
1.97990799 66.33031464 -1.14683604
2.02218223 66.33031464 -1.01348019
2.01600909 66.33031464 -0.94497198
1.98266351 66.33031464 -0.60993797
1.97691238 66.33031464 -0.67227650
1.94711483 66.33031464 -0.44568351
1.93717134 66.33031464 -0.38163379
1.92291391 66.33031464 -0.29776660
1.87331140 66.33031464 -0.02999087
1.87003171 66.33031464 0.06700144
1.85178149 66.33031464 0.20290628
1.79452384 66.33031464 0.30929208
1.70369661 66.33031464 0.46232608
1.49562812 66.33031464 0.57824087
1.56119490 66.33031464 0.55747771
1.41424119 66.33031464 0.61006069
1.35311925 66.33031464 0.64051044
1.23232293 66.33031464 0.63338012
1.91524279 66.33031464 -0.19787237
1.97752512 66.33031464 -0.54226768
2.01719332 66.33031464 -0.79333150
1.28267145 66.33031464 -1.49507022
1.64171791 66.33031464 0.54519135
