2.17278624 49.43067169 0.54073197
2.23972011 49.43067169 0.53866965
2.31847453 49.43067169 0.53832006
2.40314960 49.43067169 0.50779253
2.53437376 49.43067169 0.46361470
2.59142303 49.43067169 0.43896562
2.67461467 49.43067169 0.36371949
2.81950998 49.43067169 0.17605709
2.84896398 49.43067169 0.12090109
2.90480232 49.43067169 0.08510292
2.90427351 49.43067169 0.01331367
2.88842511 49.43067169 -0.06219367
2.91183758 49.43067169 -0.18479025
2.92319441 49.43067169 -0.28071299
2.90988350 49.43067169 -0.34806609
2.92205620 49.43067169 -0.52149868
2.93731308 49.43067169 -0.64816988
2.97859073 49.43067169 -0.73724556
2.92354941 49.43067169 -0.79600817
2.89787340 49.43067169 -0.88054484
2.84476972 49.43067169 -1.00258195
2.82801127 49.43067169 -1.07294083
2.80188966 49.43067169 -1.15196061
2.78129745 49.43067169 -1.21412814
2.75147676 49.43067169 -1.36025000
2.78005505 49.43067169 -1.47238636
2.71809292 49.43067169 -1.51410055
2.62200165 49.43067169 -1.53489935
2.56052065 49.43067169 -1.54024827
2.40233397 49.43067169 -1.53552115
2.25729632 49.43067169 -1.52762997
2.10751200 49.43067169 -1.48178351
1.99741280 49.43067169 -1.46469176
1.89897978 49.43067169 -1.46805537
1.80239320 49.43067169 -1.47740448
1.68599081 49.43067169 -1.48412049
1.59325945 49.43067169 -1.47295773
1.42269826 49.43067169 -1.46419942
1.32589912 49.43067169 -1.46951842
1.22104824 49.43067169 -1.46886897
1.11677802 49.43067169 -1.47158217
1.01076233 49.43067169 -1.45947659
0.88339442 49.43067169 -1.45782244
0.72118115 49.43067169 -1.47566783
0.56521326 49.43067169 -1.45258641
0.40681177 49.43067169 -1.42225111
0.27831000 49.43067169 -1.36633933
0.29194877 49.43067169 -1.18019688
0.25735500 49.43067169 -1.07490349
0.26977062 49.43067169 -0.98922276
0.27725506 49.43067169 -0.84957331
0.26239341 49.43067169 -0.77798921
0.29708338 49.43067169 -0.68357664
0.25647992 49.43067169 -0.55841935
0.26212141 49.43067169 -0.29602656
0.26836956 49.43067169 -0.18858540
0.33613127 49.43067169 -0.06909016
0.31462625 49.43067169 0.05860336
0.28615907 49.43067169 0.20713997
0.31203094 49.43067169 0.34370095
0.33843967 49.43067169 0.42894450
0.35607791 49.43067169 0.49767068
0.52406919 49.43067169 0.58334887
0.68059093 49.43067169 0.59141994
0.74341637 49.43067169 0.57623476
0.83634567 49.43067169 0.59121954
1.01257157 49.43067169 0.61269051
1.12122524 49.43067169 0.58074516
1.25023651 49.43067169 0.58305722
1.34554744 49.43067169 0.61576086
1.43976736 49.43067169 0.59191984
1.51432896 49.43067169 0.62808686
1.60956299 49.43067169 0.61024666
1.69280291 49.43067169 0.64897746
1.76724505 49.43067169 0.62352455
1.83334446 49.43067169 0.60272324
1.98206389 49.43067169 0.58354330
2.05685854 49.43067169 0.59032971
0.41115525 49.43067169 0.52234852
0.26168108 49.43067169 -0.49776837
2.72256780 49.43067169 0.32670146
