1.86819577 -23.61779022 0.48462260
2.47477603 -23.61779022 -0.90994096
2.45876932 -23.61779022 -1.17415869
2.29848194 -23.61779022 -1.38792729
1.13203013 -23.62778473 0.57841200
1.25138366 -23.62778473 0.58608669
1.47548437 -23.62778473 0.62821531
1.59235525 -23.62778473 0.61565334
1.73045933 -23.62778473 0.53754312
1.81083930 -23.62778473 0.50194710
1.95289361 -23.62778473 0.43068925
2.03710961 -23.62778473 0.40849164
2.08755589 -23.62778473 0.35448226
2.14901137 -23.62778473 0.33530658
2.29495049 -23.62778473 0.18480566
2.36479092 -23.62778473 0.06882518
2.42955232 -23.62778473 -0.07663852
2.44643354 -23.62778473 -0.14001256
2.42577219 -23.62778473 -0.31744251
2.48713875 -23.62778473 -0.43930912
2.47489095 -23.62778473 -0.51070148
2.50472546 -23.62778473 -0.63302940
2.47813797 -23.62778473 -0.79030365
2.49274516 -23.62778473 -0.96719295
2.52980781 -23.62778473 -1.03420055
2.46085858 -23.62778473 -1.23373199
2.24390435 -23.62778473 -1.42804158
2.17146754 -23.62778473 -1.44020379
1.99155807 -23.62778473 -1.42993128
1.81939971 -23.62778473 -1.43468249
1.64474475 -23.62778473 -1.44982147
1.53854072 -23.62778473 -1.45724201
1.43144786 -23.62778473 -1.47199810
1.29533875 -23.62778473 -1.45711803
1.12680554 -23.62778473 -1.44271421
0.99229449 -23.62778473 -1.43937373
0.87412030 -23.62778473 -1.43797958
0.75382650 -23.62778473 -1.43240678
0.63449770 -23.62778473 -1.42812979
0.50957447 -23.62778473 -1.43894613
0.35913715 -23.62778473 -1.46167922
0.20944667 -23.62778473 -1.45057249
0.08279114 -23.62778473 -1.43775773
0.03378654 -23.62778473 -1.08587503
-0.00388821 -23.62778473 -1.00751317
0.03417921 -23.62778473 -0.91691464
0.02113362 -23.62778473 -0.80296355
0.00551199 -23.62778473 -0.68385226
-0.01644503 -23.62778473 -0.56754464
-0.02175590 -23.62778473 -0.49018949
-0.00485243 -23.62778473 -0.38734588
-0.00860678 -23.62778473 -0.28984231
0.02117708 -23.62778473 -0.20410922
0.07606037 -23.62778473 -0.09928619
0.12134982 -23.62778473 -0.03743178
0.13911563 -23.62778473 0.07435445
0.16913165 -23.62778473 0.17573535
0.24558610 -23.62778473 0.33951300
0.25610787 -23.62778473 0.44189414
0.27496719 -23.62778473 0.52271998
0.36951327 -23.62778473 0.59478068
0.44268134 -23.62778473 0.62257254
0.54602271 -23.62778473 0.61855894
0.70047891 -23.62778473 0.62586057
0.82150120 -23.62778473 0.62094069
0.89704365 -23.62778473 0.62570053
0.96171623 -23.62778473 0.62953252
1.02175617 -23.62778473 0.63349211
1.07194424 -23.62778473 0.56197357
1.32369840 -23.62778473 0.58464652
0.03924626 -23.62778473 -1.28317237
