2.14024234 84.79991913 -0.65240979
0.12986548 84.78992462 0.28567180
0.02353841 84.78992462 0.22594842
-0.12909308 84.78992462 0.13615453
-0.05867254 84.78992462 0.18202023
-0.19169228 84.78992462 0.08053657
-0.22878410 84.78992462 0.01955855
-0.25629830 84.78992462 -0.07477642
-0.30406204 84.78992462 -0.22086638
-0.34270892 84.78992462 -0.40853322
-0.31883585 84.78992462 -0.33500749
-0.35375112 84.78992462 -0.53066862
-0.37003759 84.78992462 -0.60532153
-0.38516149 84.78992462 -0.74533671
-0.39310929 84.78992462 -0.86193103
-0.38715598 84.78992462 -0.97842145
-0.40020385 84.78992462 -1.10702884
-0.38034776 84.78992462 -1.21955240
-0.34375331 84.78992462 -1.29585731
-0.25110602 84.78992462 -1.44068980
-0.13026299 84.78992462 -1.48874938
-0.00898498 84.78992462 -1.52182007
0.11530772 84.78992462 -1.59604001
0.22612278 84.78992462 -1.55054462
0.33128747 84.78992462 -1.55585337
0.43297720 84.78992462 -1.55743790
0.52966166 84.78992462 -1.55812454
0.62789512 84.78992462 -1.56341982
0.74094307 84.78992462 -1.56061220
0.83321905 84.78992462 -1.59137058
0.99445128 84.78992462 -1.60742319
1.06511164 84.78992462 -1.52679443
1.11863399 84.78992462 -1.58405733
1.31820774 84.78992462 -1.60430229
1.20494986 84.78992462 -1.60174859
1.43903220 84.78992462 -1.59772682
1.64625883 84.78992462 -1.60085893
1.85871971 84.78992462 -1.56930280
1.75834072 84.78992462 -1.58109117
1.99755621 84.78992462 -1.53236091
2.09676003 84.78992462 -1.35411775
2.10236168 84.78992462 -1.44378173
2.13347054 84.78992462 -1.24318552
2.12558484 84.78992462 -1.09320617
2.14653158 84.78992462 -1.17170370
2.14726043 84.78992462 -0.96802032
2.11441827 84.78992462 -1.01897359
2.12990189 84.78992462 -0.82287329
2.12398887 84.78992462 -0.88318026
2.13710237 84.78992462 -0.71174872
2.16005754 84.78992462 -0.47033966
2.14929032 84.78992462 -0.58212799
2.19006801 84.78992462 -0.21271169
2.19881368 84.78992462 -0.27652523
2.18839383 84.78992462 -0.14127132
2.10493946 84.78992462 0.10407019
2.13163924 84.78992462 0.02205511
2.07670546 84.78992462 0.19447249
1.97911978 84.78992462 0.37168661
1.89535534 84.78992462 0.47086573
1.91886342 84.78992462 0.40908626
1.87508965 84.78992462 0.53317106
1.78366876 84.78992462 0.58973241
1.68250835 84.78992462 0.61905032
1.55535209 84.78992462 0.65619928
1.61560750 84.78992462 0.66096181
1.30871081 84.78992462 0.64591795
1.37298703 84.78992462 0.63087183
1.15928447 84.78992462 0.63389754
1.24821258 84.78992462 0.63565463
1.03905678 84.78992462 0.65472829
0.91432130 84.78992462 0.62175435
0.75652063 84.78992462 0.58879930
0.81538922 84.78992462 0.60442042
0.66966784 84.78992462 0.55560917
0.54306412 84.78992462 0.53705639
0.43332440 84.78992462 0.51328856
0.34065321 84.78992462 0.42298466
0.40105647 84.78992462 0.43547791
0.23212843 84.78992462 0.31019381
1.45440614 84.78992462 0.63925576
2.01257491 84.78992462 0.28043368
2.21440434 84.78992462 -0.34615403
2.08443570 84.78992462 -1.50487900
1.52224565 84.78992462 -1.60062408
-0.31359246 84.78992462 -1.43092477
