2.62271786 -70.15680695 -1.02915895
2.53888297 -70.15680695 -1.20558167
0.38466921 -70.15680695 -1.21221232
0.35995135 -70.15680695 -1.07220936
0.29317188 -70.15680695 -0.86038542
0.30197302 -70.15680695 -0.23779930
2.69688368 -70.16680145 -0.77906775
2.66657686 -70.16680145 -0.92340750
2.59523988 -70.16680145 -1.09452701
2.49410677 -70.16680145 -1.30369079
2.42647934 -70.16680145 -1.36920547
2.37116599 -70.16680145 -1.39644516
2.25222182 -70.16680145 -1.43415689
2.00639892 -70.16680145 -1.44429576
1.89661956 -70.16680145 -1.44603932
1.78755856 -70.16680145 -1.45010531
1.61274648 -70.16680145 -1.45626807
1.51104093 -70.16680145 -1.47345316
1.40196633 -70.16680145 -1.47581542
1.30485237 -70.16680145 -1.47411668
1.11058152 -70.16680145 -1.46066248
1.00763261 -70.16680145 -1.44677794
0.87419438 -70.16680145 -1.42483306
0.75411111 -70.16680145 -1.40480626
0.63990968 -70.16680145 -1.37322390
0.49535364 -70.16680145 -1.34528601
0.41388986 -70.16680145 -1.30286622
0.36014256 -70.16680145 -1.13910711
0.35960296 -70.16680145 -1.00186408
0.26379463 -70.16680145 -0.80613369
0.23187144 -70.16680145 -0.55962741
2.67476392 -70.16680145 -0.85185385
2.56277514 -70.16680145 -1.14611816
2.13325763 -70.16680145 -1.44867790
1.20506310 -70.16680145 -1.47770751
0.21180481 -70.16680145 -0.72671700
0.27203125 -70.16680145 -0.46280792
0.21077201 -70.16680145 0.13237107
0.26201004 -70.16680145 0.24736649
0.28430480 -70.16680145 0.50621098
0.28930336 -70.16680145 0.69133925
0.26809675 -70.16680145 0.77647728
0.39042830 -70.16680145 0.82950622
0.47635558 -70.16680145 0.86529183
0.62134808 -70.16680145 0.93461800
0.75127280 -70.16680145 0.98427194
0.92140299 -70.16680145 0.99588072
1.04760981 -70.16680145 0.98795384
1.17014277 -70.16680145 0.95253026
1.32480669 -70.16680145 0.95351571
1.42897904 -70.16680145 0.91231662
1.57743847 -70.16680145 0.91609186
1.71627653 -70.16680145 0.92722964
1.84212339 -70.16680145 0.94823444
1.95251739 -70.16680145 0.92984748
2.04080153 -70.16680145 0.90269864
2.13717008 -70.16680145 0.86471742
2.18484426 -70.16680145 0.78608954
2.23601842 -70.16680145 0.69894999
2.32253814 -70.16680145 0.58609319
2.42381239 -70.16680145 0.40365025
2.42260218 -70.16680145 0.30289483
2.54642916 -70.16680145 0.18643633
2.59334397 -70.16680145 0.10083119
2.58669925 -70.16680145 0.02966313
2.58578825 -70.16680145 -0.06034159
2.58996177 -70.16680145 -0.17828912
2.58338332 -70.16680145 -0.26303041
2.58900976 -70.16680145 -0.44131905
2.60325074 -70.16680145 -0.53654498
2.65045929 -70.16680145 -0.65540141
0.28441283 -70.16680145 -0.12483703
0.22670490 -70.16680145 0.00039620
