0.17841318 45.80074310 0.17869066
2.37476039 45.80074310 0.22162235
1.38057923 45.79074860 0.55109060
1.47811985 45.79074860 0.56129986
1.91283500 45.79074860 0.48476407
1.99161875 45.79074860 0.52138537
2.19970202 45.79074860 0.46327493
2.31121159 45.79074860 0.32389840
2.33311629 45.79074860 0.26505369
2.43019128 45.79074860 0.14290793
2.48412943 45.79074860 0.06522347
2.60801768 45.79074860 -0.09598368
2.62749887 45.79074860 -0.19575001
2.65154767 45.79074860 -0.31373540
2.66192865 45.79074860 -0.51085389
2.67810488 45.79074860 -0.65176028
2.67723393 45.79074860 -0.74830216
2.68214583 45.79074860 -0.85043889
2.66543770 45.79074860 -1.01517653
2.66272974 45.79074860 -1.14544845
2.68896413 45.79074860 -1.21151114
2.68511486 45.79074860 -1.29615188
2.60967875 45.79074860 -1.35036194
2.55786800 45.79074860 -1.38102269
2.47853088 45.79074860 -1.43223989
2.41028237 45.79074860 -1.44921601
2.30693388 45.79074860 -1.48855829
2.23242784 45.79074860 -1.51996255
2.11088681 45.79074860 -1.52965045
2.03798723 45.79074860 -1.51555312
1.96164775 45.79074860 -1.51681602
1.77820230 45.79074860 -1.53650343
1.66041446 45.79074860 -1.55296695
1.57524037 45.79074860 -1.53637862
1.42636359 45.79074860 -1.51978385
1.34482956 45.79074860 -1.52152634
1.25493550 45.79074860 -1.51985443
1.19180489 45.79074860 -1.51961935
1.10608661 45.79074860 -1.51420355
1.01039076 45.79074860 -1.51483941
0.92614639 45.79074860 -1.51391041
0.86330098 45.79074860 -1.51441073
0.79727465 45.79074860 -1.51198268
0.71813756 45.79074860 -1.51220655
0.61200202 45.79074860 -1.51216733
0.53754532 45.79074860 -1.51013792
0.45974004 45.79074860 -1.50847030
0.37642905 45.79074860 -1.50955021
0.24074571 45.79074860 -1.49173903
0.19078149 45.79074860 -1.39659107
0.16917811 45.79074860 -1.33451736
0.11322093 45.79074860 -1.23628831
0.06281602 45.79074860 -1.12548256
0.02427119 45.79074860 -1.03627217
-0.03603826 45.79074860 -0.95232964
-0.11187769 45.79074860 -0.83082694
-0.17298079 45.79074860 -0.78140593
-0.23095709 45.79074860 -0.74079305
-0.22912164 45.79074860 -0.63779688
-0.20366769 45.79074860 -0.53793865
-0.19052748 45.79074860 -0.47627053
-0.16076854 45.79074860 -0.38532549
-0.11930273 45.79074860 -0.30105025
-0.07530268 45.79074860 -0.23892675
-0.03998712 45.79074860 -0.16255085
-0.00940898 45.79074860 -0.11061523
0.03709043 45.79074860 -0.04128525
0.08401413 45.79074860 0.01541457
0.15518527 45.79074860 0.12316611
0.20932291 45.79074860 0.27972525
0.28347287 45.79074860 0.36546174
0.39048123 45.79074860 0.42422497
0.44748086 45.79074860 0.46795183
0.50456101 45.79074860 0.50997084
0.60037088 45.79074860 0.55062872
0.64616746 45.79074860 0.58955574
0.70837772 45.79074860 0.61101216
0.78230810 45.79074860 0.59583133
0.87678635 45.79074860 0.60664004
0.99208373 45.79074860 0.61876506
1.10198593 45.79074860 0.62954432
1.20043373 45.79074860 0.60711473
1.27975249 45.79074860 0.60399806
1.31451833 45.79074860 0.54912627
1.67783391 45.79074860 0.53498554
1.75173151 45.79074860 0.52561015
1.83261216 45.79074860 0.50597942
2.07887554 45.79074860 0.51347727
2.29770136 45.79074860 0.40230373
2.54605198 45.79074860 0.00350850
2.65141296 45.79074860 -0.38600916
1.57756341 45.79074860 0.56042618
