-0.07089636 25.78116608 -0.62191820
-0.09846591 25.78116608 -0.74952751
-0.19259414 25.78116608 -1.26491737
0.50474393 25.78116608 -1.43127251
0.96114600 25.78116608 -1.41778398
1.02970862 25.77117157 0.66174549
1.08997369 25.77117157 0.65507096
0.95993406 25.77117157 0.65020204
0.91284668 25.77117157 0.70438880
0.73172849 25.77117157 0.73785108
0.79492933 25.77117157 0.69406569
0.57965088 25.77117157 0.73842227
0.42301857 25.77117157 0.70539498
0.49107823 25.77117157 0.69919741
0.26680595 25.77117157 0.75604993
0.34296209 25.77117157 0.74911278
0.20370501 25.77117157 0.73582989
0.10070295 25.77117157 0.57853073
0.14234805 25.77117157 0.63226521
0.16553849 25.77117157 0.37709168
0.11873885 25.77117157 0.50290251
0.13923426 25.77117157 0.22456717
0.15634459 25.77117157 0.28249654
0.10542082 25.77117157 0.13449909
0.04996535 25.77117157 -0.00922651
0.02573855 25.77117157 -0.20881860
0.03029258 25.77117157 -0.10258707
-0.02356314 25.77117157 -0.38613716
0.00238922 25.77117157 -0.31399384
-0.04061918 25.77117157 -0.45728454
-0.06470532 25.77117157 -0.55409849
-0.07214606 25.77117157 -0.68175864
-0.13476291 25.77117157 -0.87828249
-0.12328134 25.77117157 -0.80637985
-0.16237366 25.77117157 -0.96185803
-0.18195435 25.77117157 -1.11354148
-0.18208280 25.77117157 -1.02860880
-0.19792771 25.77117157 -1.17868030
-0.15878700 25.77117157 -1.31417918
-0.13872665 25.77117157 -1.38262367
0.05278154 25.77117157 -1.41025615
-0.06221879 25.77117157 -1.40305638
0.19676155 25.77117157 -1.41647220
0.11903302 25.77117157 -1.41433644
0.32122809 25.77117157 -1.42263508
0.44270593 25.77117157 -1.43177283
0.56419522 25.77117157 -1.42733765
0.66386330 25.77117157 -1.42412901
0.76895791 25.77117157 -1.42139721
0.90082920 25.77117157 -1.42066967
1.02860045 25.77117157 -1.42791700
1.12569511 25.77117157 -1.44020057
1.21802890 25.77117157 -1.44576955
1.32646298 25.77117157 -1.44703150
1.40433681 25.77117157 -1.44180286
1.48655796 25.77117157 -1.42816675
1.62063193 25.77117157 -1.45597291
1.76901925 25.77117157 -1.45310104
1.90509415 25.77117157 -1.42744052
2.00053811 25.77117157 -1.40921116
2.10972667 25.77117157 -1.38949311
2.26564407 25.77117157 -1.15567088
2.25825763 25.77117157 -0.99781311
2.26030111 25.77117157 -0.86112809
2.29384470 25.77117157 -0.71998662
2.26321483 25.77117157 -0.57405430
2.25195122 25.77117157 -0.45270893
2.21981788 25.77117157 -0.33892563
2.18246269 25.77117157 -0.22241203
2.12970662 25.77117157 -0.05376751
2.13895440 25.77117157 -0.11574814
2.10503483 25.77117157 0.02571080
2.05988741 25.77117157 0.16298878
2.05155849 25.77117157 0.22631729
2.03710389 25.77117157 0.40070173
1.97249162 25.77117157 0.56035632
1.99756587 25.77117157 0.49789768
1.59582710 25.77117157 0.70856267
1.75993598 25.77117157 0.71036702
1.40515745 25.77117157 0.68148571
1.29160285 25.77117157 0.66533631
1.18131173 25.77117157 0.64834392
0.64072585 25.77117157 0.73825318
1.50694501 25.77117157 0.71117252
1.88853812 25.77117157 0.70609361
1.92587316 25.77117157 0.65034926
2.26931381 25.77117157 -1.33597767
