0.66378582 63.22037506 -1.51388466
0.24916050 63.22037506 -1.48292613
-0.05981538 63.22037506 -1.09862685
-0.01130587 63.22037506 -0.91420150
0.36118320 63.22037506 0.38956761
1.11333907 63.21038055 0.63775581
0.93668061 63.21038055 -1.48224092
0.83281112 63.21038055 -1.50747931
0.73182267 63.21038055 -1.51295376
0.57888556 63.21038055 -1.51400602
0.44620839 63.21038055 -1.49886870
0.31125283 63.21038055 -1.49710464
0.13691132 63.21038055 -1.44578004
0.05421277 63.21038055 -1.41074109
-0.01139236 63.21038055 -1.35676134
-0.06166923 63.21038055 -1.16416347
-0.02304879 63.21038055 -0.99848139
-0.01956786 63.21038055 -0.78564954
-0.01112969 63.21038055 -0.70426226
0.01739300 63.21038055 -0.60824758
0.04619635 63.21038055 -0.49794832
0.04889588 63.21038055 -0.34115258
0.05074312 63.21038055 -0.24867837
0.06092106 63.21038055 -0.07874333
0.04760678 63.21038055 0.01429193
0.04119014 63.21038055 0.08990583
0.13578305 63.21038055 0.26708102
0.17372327 63.21038055 0.32685763
0.30808470 63.21038055 0.35832751
0.43586743 63.21038055 0.42814067
0.50535190 63.21038055 0.49944144
0.66152805 63.21038055 0.60538042
0.72452998 63.21038055 0.61314243
0.82513070 63.21038055 0.62401605
0.91697419 63.21038055 0.64202291
1.01532030 63.21038055 0.62840021
1.03343391 63.21038055 -1.47730076
-0.05387860 63.21038055 -1.25794446
0.10538729 63.21038055 0.20159720
0.57618380 63.21038055 0.54982370
1.20879972 63.21038055 0.63225770
1.35381031 63.21038055 0.63997537
1.43877196 63.21038055 0.64123011
1.54820323 63.21038055 0.64765847
1.61492109 63.21038055 0.64510363
1.72350371 63.21038055 0.59617865
1.86988032 63.21038055 0.54545212
1.95361304 63.21038055 0.46165311
1.99715734 63.21038055 0.41199052
2.11190319 63.21038055 0.29357666
2.16333628 63.21038055 0.20205572
2.20022321 63.21038055 0.09840912
2.22272801 63.21038055 0.01171841
2.24196124 63.21038055 -0.07527001
2.24504423 63.21038055 -0.16943102
2.25617790 63.21038055 -0.30458215
2.25044322 63.21038055 -0.36468953
2.24972463 63.21038055 -0.52512151
2.25969601 63.21038055 -0.62857598
2.29089761 63.21038055 -0.73351711
2.29282475 63.21038055 -0.84501177
2.32402515 63.21038055 -0.99350750
2.20674443 63.21038055 -1.18640864
2.16917753 63.21038055 -1.31181169
1.99143171 63.21038055 -1.45729363
1.86986136 63.21038055 -1.48245752
1.73494864 63.21038055 -1.46352816
1.63214004 63.21038055 -1.47867882
1.52727568 63.21038055 -1.48155618
1.37684250 63.21038055 -1.47662878
1.31376791 63.21038055 -1.48486304
1.13129914 63.21038055 -1.47883356
