1.75926936 -60.02701569 0.61683196
1.83732367 -60.02701569 0.57628739
1.93462062 -60.02701569 0.53128946
2.05146837 -60.02701569 0.45783719
2.12398577 -60.02701569 0.44390285
2.18722892 -60.02701569 0.41036296
2.22440171 -60.02701569 0.32285336
2.25222445 -60.02701569 0.16241406
2.30022073 -60.02701569 0.09826942
2.31583810 -60.02701569 0.03413987
2.36038971 -60.02701569 -0.03982127
2.47390389 -60.02701569 -0.22208436
2.48644471 -60.02701569 -0.33426854
2.51051402 -60.02701569 -0.39458150
2.49060488 -60.02701569 -0.50446051
2.48935461 -60.02701569 -0.61472917
2.51067996 -60.02701569 -0.69265538
2.46807313 -60.02701569 -0.76223141
2.47698832 -60.02701569 -0.82353383
2.45074844 -60.02701569 -0.99160457
2.48562455 -60.02701569 -1.07314885
2.46855974 -60.02701569 -1.18423998
2.45749879 -60.02701569 -1.28626633
2.26653099 -60.02701569 -1.43227983
2.12065029 -60.02701569 -1.46294785
1.96155310 -60.02701569 -1.46028113
1.84347713 -60.02701569 -1.46141183
1.74443388 -60.02701569 -1.46691835
1.62722898 -60.02701569 -1.46953535
1.54526544 -60.02701569 -1.47813249
1.46745896 -60.02701569 -1.48733163
1.40135205 -60.02701569 -1.48315406
1.33881307 -60.02701569 -1.48265231
1.26057994 -60.02701569 -1.47605503
1.18357062 -60.02701569 -1.46733105
1.10036790 -60.02701569 -1.45192945
0.98860288 -60.02701569 -1.44602740
0.86074024 -60.02701569 -1.43080008
0.79597765 -60.02701569 -1.42452323
0.71918005 -60.02701569 -1.41131866
0.60063392 -60.02701569 -1.39063191
0.47402546 -60.02701569 -1.37671447
0.39312789 -60.02701569 -1.35378206
0.32229477 -60.02701569 -1.31064856
0.20876639 -60.02701569 -1.21967685
0.17538117 -60.02701569 -1.10379601
0.15182017 -60.02701569 -1.01175320
0.13584587 -60.02701569 -0.91410750
0.17484045 -60.02701569 -0.85025471
0.18562827 -60.02701569 -0.75309819
0.18660960 -60.02701569 -0.65128553
0.19389731 -60.02701569 -0.57028323
0.18677074 -60.02701569 -0.50048620
0.18224834 -60.02701569 -0.39198664
0.20023189 -60.02701569 -0.32881939
0.23342119 -60.02701569 -0.24530739
0.26803505 -60.02701569 -0.18630250
0.30036068 -60.02701569 -0.10610992
0.36340252 -60.02701569 0.12215873
0.39546978 -60.02701569 0.26964641
0.45141032 -60.02701569 0.40325540
0.51025933 -60.02701569 0.46743774
0.55695760 -60.02701569 0.53318071
0.64988011 -60.02701569 0.60532516
0.74380314 -60.02701569 0.65496576
0.81412303 -60.02701569 0.67280143
0.91706699 -60.02701569 0.68671161
1.12731719 -60.02701569 0.68497342
1.28929019 -60.02701569 0.68058592
1.50402141 -60.02701569 0.67884868
1.62305713 -60.02701569 0.65975618
2.24679947 -60.02701569 0.23435460
2.40409374 -60.02701569 -0.13520274
2.36080551 -60.02701569 -1.42430854
0.31277376 -60.02701569 -0.01200430
0.98503327 -60.02701569 0.69282246
1.19707000 -60.02701569 0.70025688
