1.11958778 36.70093536 0.75685537
1.04015350 36.69094086 0.76018924
0.97974449 36.69094086 0.76560891
0.84121788 36.69094086 0.79475451
0.89728355 36.69094086 0.75615615
0.71545690 36.69094086 0.85668194
0.77146238 36.69094086 0.82446659
0.65837544 36.69094086 0.80069774
0.58621889 36.69094086 0.75414711
0.47907758 36.69094086 0.70754778
0.37241817 36.69094086 0.60967422
0.42194855 36.69094086 0.65828508
0.20220008 36.69094086 0.50584131
0.28340089 36.69094086 0.57255107
0.14990717 36.69094086 0.43978262
0.12813872 36.69094086 0.34984204
0.11582429 36.69094086 0.19899416
0.06775707 36.69094086 0.08960447
0.07078403 36.69094086 0.01904191
0.09207122 36.69094086 -0.12285252
0.06396993 36.69094086 -0.23151343
0.02023311 36.69094086 -0.35393143
0.05456591 36.69094086 -0.46546218
0.07964011 36.69094086 -0.55146867
0.10792215 36.69094086 -0.82580519
0.06242310 36.69094086 -0.72693974
0.04633377 36.69094086 -1.13898027
0.11309803 36.69094086 -0.91542828
0.03432251 36.69094086 -1.25971842
0.18920095 36.69094086 -1.39539444
0.19867231 36.69094086 -1.45762575
0.54704940 36.69094086 -1.48906803
0.69446254 36.69094086 -1.50140226
0.84110230 36.69094086 -1.50410426
0.98904788 36.69094086 -1.49936819
1.24231040 36.69094086 -1.47505128
1.07471836 36.69094086 -1.48953617
1.40517366 36.69094086 -1.47956657
1.31033349 36.69094086 -1.47749293
1.50155008 36.69094086 -1.47851324
1.69930768 36.69094086 -1.49948013
1.57523298 36.69094086 -1.48794961
1.86029232 36.69094086 -1.48857617
1.77491343 36.69094086 -1.49454200
2.04962063 36.69094086 -1.46290886
1.96246290 36.69094086 -1.47884047
2.25939608 36.69094086 -1.48881149
2.16080236 36.69094086 -1.47810304
2.37505269 36.69094086 -1.47075248
2.39939880 36.69094086 -1.37741566
2.42040610 36.69094086 -1.07930231
2.40022397 36.69094086 -1.15533888
2.45478082 36.69094086 -0.97487766
2.47423553 36.69094086 -0.79834861
2.47390699 36.69094086 -0.87047917
2.44281030 36.69094086 -0.61264038
2.46981788 36.69094086 -0.68891418
2.38909793 36.69094086 -0.41488621
2.34872031 36.69094086 -0.48591545
2.40369630 36.69094086 -0.32451588
2.33960295 36.69094086 -0.14063019
2.37198520 36.69094086 -0.23936370
2.36173344 36.69094086 0.07811517
2.26783895 36.69094086 0.21225242
2.32748270 36.69094086 0.15231583
2.22714019 36.69094086 0.30395466
2.12840557 36.69094086 0.36971548
2.01715469 36.69094086 0.49617147
1.94069529 36.69094086 0.61758226
1.76976967 36.69094086 0.68417710
1.69856632 36.69094086 0.71648067
1.62409163 36.69094086 0.70719850
1.52288413 36.69094086 0.75902241
1.42540300 36.69094086 0.77129853
1.34614897 36.69094086 0.77727580
1.98431182 36.69094086 0.57306725
2.32640648 36.69094086 0.00061086
0.37633148 36.69094086 -1.48660016
