1.45085216 -45.45732880 0.60700804
0.97589839 -45.45732880 0.55262434
0.62562734 -45.45732880 0.56487733
0.45569831 -45.45732880 0.60649347
-0.06061934 -45.45732880 -0.30782774
2.02266860 -45.45732880 -1.40335095
2.15689588 -45.45732880 -1.38510001
2.28848863 -45.45732880 -1.34719050
2.48541451 -45.45732880 -1.25890148
2.63264275 -45.45732880 -1.00342894
2.58190489 -45.45732880 -0.80240822
2.55957508 -45.45732880 -0.66850334
2.53689313 -45.45732880 -0.40092832
2.48234677 -45.45732880 -0.26360002
2.40921736 -45.45732880 -0.09134881
2.17147899 -45.45732880 0.29361930
1.81931043 -45.45732880 0.54428101
1.63927388 -45.45732880 0.60334790
1.75795496 -45.46732330 0.56659520
1.97100222 -45.46732330 0.49536416
2.04452729 -45.46732330 0.44178244
2.11000991 -45.46732330 0.35605800
2.24924803 -45.46732330 0.21115413
2.29857373 -45.46732330 0.14993596
2.36807084 -45.46732330 -0.00188006
2.45214653 -45.46732330 -0.18860033
2.50838852 -45.46732330 -0.33161640
2.55907559 -45.46732330 -0.45718786
2.53042579 -45.46732330 -0.57346708
2.60015297 -45.46732330 -0.61532587
2.52707648 -45.46732330 -0.72128540
2.61822987 -45.46732330 -0.87169033
2.63475418 -45.46732330 -1.09952688
2.64402103 -45.46732330 -1.22867501
2.34720492 -45.46732330 -1.32388306
2.21820307 -45.46732330 -1.37353623
1.93732333 -45.46732330 -1.40886068
1.81156635 -45.46732330 -1.41574526
1.69598889 -45.46732330 -1.42317832
1.59476483 -45.46732330 -1.42870998
1.51922965 -45.46732330 -1.46099699
1.43083715 -45.46732330 -1.45988345
1.33771682 -45.46732330 -1.44967449
1.24711800 -45.46732330 -1.45254493
1.18536222 -45.46732330 -1.45131791
1.10367048 -45.46732330 -1.44855475
0.96331006 -45.46732330 -1.44083571
0.88851839 -45.46732330 -1.44713175
0.81334859 -45.46732330 -1.44171154
0.71029156 -45.46732330 -1.43724442
0.62008649 -45.46732330 -1.43518043
0.51031578 -45.46732330 -1.43655229
0.37635547 -45.46732330 -1.45691943
0.23194078 -45.46732330 -1.46254158
0.09078063 -45.46732330 -1.43716908
-0.04515439 -45.46732330 -1.41662681
-0.10461219 -45.46732330 -1.36189365
-0.10963812 -45.46732330 -1.29926431
-0.17653637 -45.46732330 -1.15768719
-0.17791882 -45.46732330 -1.06916201
-0.17527632 -45.46732330 -0.94714355
-0.15903628 -45.46732330 -0.81167144
-0.11193678 -45.46732330 -0.57051843
-0.10398737 -45.46732330 -0.47806010
-0.08620747 -45.46732330 -0.38117740
-0.02074626 -45.46732330 -0.18485881
-0.00044413 -45.46732330 -0.09182651
0.00847785 -45.46732330 0.03372731
-0.00193373 -45.46732330 0.18589982
0.01647200 -45.46732330 0.31710103
0.07185506 -45.46732330 0.42581150
0.10831729 -45.46732330 0.49904734
0.39168683 -45.46732330 0.61276484
0.56152821 -45.46732330 0.56759834
0.80610985 -45.46732330 0.54531139
0.91323900 -45.46732330 0.54467767
1.07906258 -45.46732330 0.56272519
1.15730286 -45.46732330 0.57276469
1.39095664 -45.46732330 0.59228015
1.53405762 -45.46732330 0.63296914
1.29773521 -45.46732330 0.58289337
0.69835871 -45.46732330 0.55297887
0.24044418 -45.46732330 0.61212415
-0.12277991 -45.46732330 -0.69282538
2.08575988 -45.46732330 -1.39905345
1.88246191 -45.46732330 0.51895964
