1.19274247 57.24050140 -1.48537636
0.08502425 57.23050690 -1.26489842
0.11920523 57.23050690 -1.37232041
0.18327209 57.23050690 -1.44985902
1.25311899 57.23050690 0.51846713
1.05221367 57.23050690 0.56958008
0.93297118 57.23050690 0.59098846
0.85411394 57.23050690 0.59587401
0.63093150 57.23050690 0.55976933
0.70385176 57.23050690 0.57679206
0.50145364 57.23050690 0.57749933
0.33923987 57.23050690 0.51792574
0.12277503 57.23050690 0.38676304
0.21739110 57.23050690 0.45223120
0.07180239 57.23050690 0.35169625
0.01068830 57.23050690 0.29661456
-0.05543309 57.23050690 0.18244192
-0.05682025 57.23050690 0.02432721
-0.05316737 57.23050690 -0.12459207
-0.03425321 57.23050690 -0.24417914
-0.04789367 57.23050690 -0.35008559
-0.03134339 57.23050690 -0.46037850
-0.03072144 57.23050690 -0.60098100
-0.00422009 57.23050690 -0.74190122
-0.03352249 57.23050690 -0.83886433
-0.02247538 57.23050690 -0.93081695
0.01534635 57.23050690 -1.02392602
0.08151408 57.23050690 -1.18394041
0.41633484 57.23050690 -1.48321176
0.30445936 57.23050690 -1.47290599
0.59133571 57.23050690 -1.49921834
0.50785649 57.23050690 -1.49083292
0.68017137 57.23050690 -1.50118232
0.75864679 57.23050690 -1.50042355
0.84695655 57.23050690 -1.49601221
0.91102165 57.23050690 -1.49063456
0.97158945 57.23050690 -1.47352231
1.07024097 57.23050690 -1.48490679
1.13322711 57.23050690 -1.48627615
1.27308977 57.23050690 -1.48677039
1.35191047 57.23050690 -1.48213351
1.42266560 57.23050690 -1.48467720
1.59346366 57.23050690 -1.48457158
1.48771489 57.23050690 -1.47646880
1.69019389 57.23050690 -1.47905231
1.79821646 57.23050690 -1.45855188
1.91324914 57.23050690 -1.43330693
2.02425623 57.23050690 -1.39165878
2.08995938 57.23050690 -1.35857069
2.12323427 57.23050690 -1.29474664
2.13109708 57.23050690 -1.18475699
2.14093399 57.23050690 -1.11212599
2.17584848 57.23050690 -0.93787003
2.18802190 57.23050690 -0.84874564
2.20194483 57.23050690 -0.71547174
2.21385407 57.23050690 -0.62387455
2.20973015 57.23050690 -0.52298760
2.20697713 57.23050690 -0.36680982
2.20572042 57.23050690 -0.45929980
2.20184922 57.23050690 -0.29192168
2.21156168 57.23050690 -0.15249078
2.20790148 57.23050690 -0.06179218
2.16853356 57.23050690 0.02067649
1.93902540 57.23050690 0.33113351
2.00443316 57.23050690 0.20818476
1.86308289 57.23050690 0.40677345
1.77304530 57.23050690 0.42520985
1.55473471 57.23050690 0.56268716
1.68867576 57.23050690 0.50588477
1.49815917 57.23050690 0.52260822
1.35570395 57.23050690 0.50485516
