0.63830173 27.86112213 0.46312457
1.21807337 27.86112213 0.50971061
1.76255763 27.86112213 0.63227946
0.13204056 27.86112213 -0.82343280
0.08438509 27.86112213 -0.24148059
0.16974875 27.86112213 0.02866265
1.31916296 27.85112762 0.52528244
1.12733436 27.85112762 0.48833418
0.94100952 27.85112762 0.48215187
0.81031805 27.85112762 0.49858460
0.70255429 27.85112762 0.48285061
0.58044994 27.85112762 0.44555661
0.45277771 27.85112762 0.38803414
0.31699446 27.85112762 0.31420094
0.25147584 27.85112762 0.22309601
0.21074578 27.85112762 0.09388946
0.13461468 27.85112762 -0.02278624
0.11266110 27.85112762 -0.11267174
0.06751426 27.85112762 -0.29904211
0.01012164 27.85112762 -0.36474952
0.04432146 27.85112762 -0.52187371
0.08655713 27.85112762 -0.63657057
0.10774017 27.85112762 -0.75759286
0.14567354 27.85112762 -0.88439363
0.15507855 27.85112762 -1.00322938
0.11907117 27.85112762 -1.08046579
0.16044392 27.85112762 -1.25357509
0.18475169 27.85112762 -1.35149062
0.25852528 27.85112762 -1.36391139
0.44323516 27.85112762 -1.40353227
0.56453925 27.85112762 -1.41910052
0.67440975 27.85112762 -1.42549324
0.79624361 27.85112762 -1.42710173
0.88320726 27.85112762 -1.42490029
0.96859097 27.85112762 -1.42950034
1.04813027 27.85112762 -1.41292143
1.12184834 27.85112762 -1.41791713
1.19047308 27.85112762 -1.42061031
1.25320077 27.85112762 -1.42291713
1.35318279 27.85112762 -1.41915190
1.41399157 27.85112762 -1.42373312
1.47834909 27.85112762 -1.41905653
1.59446442 27.85112762 -1.43607342
1.68288910 27.85112762 -1.45144594
1.77713096 27.85112762 -1.46096957
1.88093579 27.85112762 -1.45884335
1.98668897 27.85112762 -1.44660139
2.09930468 27.85112762 -1.42646015
2.31662536 27.85112762 -1.38928819
2.32653117 27.85112762 -1.32488716
2.34652734 27.85112762 -1.19201112
2.34668756 27.85112762 -1.11157846
2.38713980 27.85112762 -0.91252536
2.41454244 27.85112762 -0.73583931
2.39006686 27.85112762 -0.61892480
2.31704187 27.85112762 -0.44659996
2.30768085 27.85112762 -0.35946798
2.29461145 27.85112762 -0.14306174
2.30297780 27.85112762 -0.01966226
2.21004486 27.85112762 0.18865705
2.07305574 27.85112762 0.31706235
1.99959362 27.85112762 0.40363035
1.92791915 27.85112762 0.51337135
1.82496607 27.85112762 0.59343350
1.70791924 27.85112762 0.66364712
1.63899624 27.85112762 0.68891066
1.42517221 27.85112762 0.56200659
1.04246962 27.85112762 0.48146093
1.55752718 27.85112762 0.62734848
2.26022172 27.85112762 0.13580458
2.36793709 27.85112762 -1.00917161
2.23025203 27.85112762 -1.40082395
0.34816933 27.85112762 -1.39104712
-0.00541164 27.85112762 -0.42980999
0.36869445 27.85112762 0.35175079
