0.48466718 59.06046295 0.49976048
1.94009995 59.06046295 0.55369961
1.41415346 59.06046295 0.56049210
1.65435565 59.05046844 0.59054154
1.74109316 59.05046844 0.59439439
1.87883079 59.05046844 0.57762015
2.00865316 59.05046844 0.46061912
2.07402134 59.05046844 0.34989521
2.10086679 59.05046844 0.21275881
2.15709949 59.05046844 -0.01458816
2.18761969 59.05046844 -0.17176475
2.20825696 59.05046844 -0.22867185
2.27022791 59.05046844 -0.35471460
2.27382636 59.05046844 -0.41793451
2.33334899 59.05046844 -0.51963407
2.38272071 59.05046844 -0.67250788
2.44743371 59.05046844 -0.82572669
2.44569278 59.05046844 -0.95867109
2.43524981 59.05046844 -1.11234260
2.43560624 59.05046844 -1.20055735
2.42405629 59.05046844 -1.34755421
2.30416965 59.05046844 -1.42551827
2.21197367 59.05046844 -1.45620263
2.14215302 59.05046844 -1.46039867
2.04432011 59.05046844 -1.47037864
1.98036563 59.05046844 -1.47201347
1.81825507 59.05046844 -1.47556365
1.71425402 59.05046844 -1.49371028
1.61556339 59.05046844 -1.50782990
1.54438937 59.05046844 -1.48934627
1.45021868 59.05046844 -1.47690821
1.37736225 59.05046844 -1.48308182
1.29082382 59.05046844 -1.48556602
1.20879543 59.05046844 -1.48693609
1.09203923 59.05046844 -1.48365951
0.99796581 59.05046844 -1.47534168
0.93112510 59.05046844 -1.47609138
0.85278738 59.05046844 -1.48140800
0.77707767 59.05046844 -1.48446298
0.68821752 59.05046844 -1.48223567
0.59881443 59.05046844 -1.48239827
0.50402391 59.05046844 -1.47476745
0.39886236 59.05046844 -1.46360266
0.27994585 59.05046844 -1.45410621
0.15152608 59.05046844 -1.44549406
0.00791225 59.05046844 -1.41511667
-0.08035039 59.05046844 -1.37122703
-0.17118730 59.05046844 -1.24060845
-0.19298691 59.05046844 -1.16273248
-0.23058349 59.05046844 -1.08671844
-0.24082367 59.05046844 -1.02269816
-0.26631150 59.05046844 -0.95339972
-0.28333813 59.05046844 -0.82248998
-0.30755422 59.05046844 -0.65314788
-0.31547150 59.05046844 -0.56819850
-0.31643543 59.05046844 -0.48566389
-0.42748374 59.05046844 -0.34494352
-0.39700285 59.05046844 -0.27300084
-0.37208176 59.05046844 -0.20094098
-0.37282270 59.05046844 -0.11944363
-0.31214195 59.05046844 -0.00788979
-0.28113684 59.05046844 0.09924290
-0.21426390 59.05046844 0.20218912
-0.03616309 59.05046844 0.28473607
0.01990123 59.05046844 0.33227807
0.19280623 59.05046844 0.41283560
0.28854942 59.05046844 0.46504813
0.36386725 59.05046844 0.46521711
0.42412567 59.05046844 0.48234537
0.57368326 59.05046844 0.54267657
0.63690537 59.05046844 0.54848671
0.72429305 59.05046844 0.56613415
0.82873982 59.05046844 0.55949587
0.91169673 59.05046844 0.57374716
0.97592229 59.05046844 0.57775307
1.10242629 59.05046844 0.58386296
1.21808660 59.05046844 0.57984865
1.34611320 59.05046844 0.56802869
1.47538602 59.05046844 0.57159871
0.06792405 59.05046844 0.40536216
-0.14266357 59.05046844 0.28733200
-0.29327643 59.05046844 -0.74353737
1.88756120 59.05046844 -1.46671522
2.45974183 59.05046844 -1.29060256
2.46099639 59.05046844 -1.02669168
2.37436318 59.05046844 -0.58336943
2.17242408 59.05046844 -0.10598039
2.14077592 59.05046844 0.13012671
