2.43712473 -61.31699371 -1.44324183
0.03133285 -61.31699371 -0.85854828
0.00912460 -61.31699371 -0.57659739
1.69621658 -61.31699371 0.67627239
2.48369288 -61.32698822 -0.73304939
2.46901679 -61.32698822 -0.94519621
2.49362755 -61.32698822 -1.06433034
2.49197721 -61.32698822 -1.29799116
2.49642634 -61.32698822 -1.44155180
2.27178383 -61.32698822 -1.44790351
2.08150506 -61.32698822 -1.44981968
1.95273221 -61.32698822 -1.46233463
1.82575321 -61.32698822 -1.46639574
1.64953458 -61.32698822 -1.47060800
1.53277862 -61.32698822 -1.48185015
1.40024889 -61.32698822 -1.47825921
1.33983564 -61.32698822 -1.47978270
1.26835680 -61.32698822 -1.47749090
1.19472873 -61.32698822 -1.47228539
1.13478649 -61.32698822 -1.45795774
1.01005340 -61.32698822 -1.45145893
0.93787187 -61.32698822 -1.44133365
0.86528295 -61.32698822 -1.43556428
0.79743212 -61.32698822 -1.42266047
0.72153807 -61.32698822 -1.41323996
0.63444561 -61.32698822 -1.40630043
0.53868353 -61.32698822 -1.39372027
0.41357800 -61.32698822 -1.38939178
0.31393260 -61.32698822 -1.35546923
0.23440869 -61.32698822 -1.29493201
0.16030142 -61.32698822 -1.21446157
0.04929847 -61.32698822 -1.04751372
0.04450245 -61.32698822 -0.94119865
0.01686449 -61.32698822 -0.74124032
-0.00218518 -61.32698822 -0.66036081
0.02383828 -61.32698822 -0.50722104
0.05214761 -61.32698822 -0.39443272
2.49070907 -61.32698822 -1.17455125
1.74708092 -61.32698822 -1.47706091
1.46247506 -61.32698822 -1.48072875
0.07317682 -61.32698822 -1.13681698
0.08629754 -61.32698822 -0.28723115
0.17162098 -61.32698822 -0.07977090
1.50201118 -61.32698822 0.75457644
1.63545597 -61.32698822 0.69223094
1.84825397 -61.32698822 0.62708819
1.90818596 -61.32698822 0.60324389
2.19532156 -61.32698822 0.41261795
2.25672150 -61.32698822 0.39653400
2.37433743 -61.32698822 0.31418216
2.45370865 -61.32698822 0.18623202
2.44395685 -61.32698822 0.02924022
2.45609426 -61.32698822 -0.12242192
2.50011802 -61.32698822 -0.30172813
2.52655077 -61.32698822 -0.42637244
2.52911854 -61.32698822 -0.49528205
2.52540469 -61.32698822 -0.60722685
0.21838473 -61.32698822 0.03142045
0.29070872 -61.32698822 0.14233498
0.36172119 -61.32698822 0.24762282
0.40482315 -61.32698822 0.31616050
0.47784179 -61.32698822 0.52463281
0.51419467 -61.32698822 0.59752107
0.69727707 -61.32698822 0.77541751
0.78786999 -61.32698822 0.83396077
0.99693233 -61.32698822 0.81731468
1.13663661 -61.32698822 0.77890605
1.28000236 -61.32698822 0.78137791
