2.05404878 -38.69747162 0.77455527
0.14449422 -38.70746613 -0.55073822
0.15417475 -38.70746613 -0.77806973
0.18611965 -38.70746613 -0.88264495
0.18650970 -38.70746613 -0.98104364
0.19124174 -38.70746613 -1.07291901
0.13453221 -38.70746613 -1.29799533
0.16868867 -38.70746613 -1.37285590
0.42764845 -38.70746613 -1.46271241
0.65228146 -38.70746613 -1.44440770
0.82258075 -38.70746613 -1.43843830
0.89966661 -38.70746613 -1.43489361
0.98563331 -38.70746613 -1.43594050
1.15759599 -38.70746613 -1.42729604
1.24515569 -38.70746613 -1.43180478
1.40880334 -38.70746613 -1.42542744
1.50407684 -38.70746613 -1.42384064
1.59547174 -38.70746613 -1.42859852
1.67020965 -38.70746613 -1.40406215
1.77838492 -38.70746613 -1.41066980
1.88749635 -38.70746613 -1.40166807
2.03407502 -38.70746613 -1.40276408
2.19875193 -38.70746613 -1.39595652
2.37445259 -38.70746613 -1.36112809
2.44371629 -38.70746613 -1.34206069
2.44524956 -38.70746613 -1.21010637
2.48533535 -38.70746613 -1.12881124
2.51196027 -38.70746613 -1.02199328
2.44010234 -38.70746613 -0.88592130
2.49945426 -38.70746613 -0.66051388
2.52359653 -38.70746613 -0.53799343
2.51987743 -38.70746613 -0.43561944
2.51952410 -38.70746613 -0.30129182
0.14817797 -38.70746613 -0.46143660
0.15247731 -38.70746613 -0.64124030
0.15617746 -38.70746613 -1.19070053
0.25204921 -38.70746613 -1.43478251
0.57315105 -38.70746613 -1.44892287
0.74556059 -38.70746613 -1.43986487
1.02529705 -38.70746613 0.73378766
1.21575010 -38.70746613 0.74092960
0.72992104 -38.70746613 0.71999902
0.95731288 -38.70746613 0.72857076
0.63241386 -38.70746613 0.59527123
0.38956302 -38.70746613 0.29715928
0.46025074 -38.70746613 0.37265691
0.34991854 -38.70746613 0.19352622
0.29016513 -38.70746613 0.08529174
0.25572187 -38.70746613 0.00738760
0.20491657 -38.70746613 -0.08134151
0.17558645 -38.70746613 -0.22645696
0.17601377 -38.70746613 -0.31549835
2.53582931 -38.70746613 -0.14483234
2.54095793 -38.70746613 0.00121856
2.44675827 -38.70746613 0.31102088
2.49727130 -38.70746613 0.19048174
2.34058166 -38.70746613 0.47409832
2.10597324 -38.70746613 0.74090999
2.21027684 -38.70746613 0.64151627
1.94823575 -38.70746613 0.81111217
1.78151882 -38.70746613 0.82285064
1.60496140 -38.70746613 0.72018397
1.45248759 -38.70746613 0.69035512
1.31171811 -38.70746613 0.67209125
