-0.20771430 23.18122101 -1.37226295
-0.02558768 23.18122101 -1.38056338
3.62303829 23.18122101 -0.23670255
1.26158345 23.18122101 0.76951146
-1.04859459 23.18122101 -1.43320668
-1.87208998 23.18122101 -1.43290424
-1.96142352 23.18122101 0.75036961
-2.69427919 23.18122101 0.62913662
-3.08411264 23.18122101 0.56511682
-0.71027547 23.18122101 -1.43921781
-0.52843243 23.17122650 -1.45364773
-0.38996041 23.17122650 -1.44831944
-0.29107732 23.17122650 -1.36569595
-0.10828219 23.17122650 -1.37907207
0.03679671 23.17122650 -1.38104486
0.17817131 23.17122650 -1.38915169
0.31456316 23.17122650 -1.39506602
0.43940488 23.17122650 0.76976508
0.35153979 23.17122650 0.78748542
0.22713888 23.17122650 0.79334098
0.12933108 23.17122650 0.77483916
-0.00159858 23.17122650 0.73906469
0.05734621 23.17122650 0.76810378
-0.09729899 23.17122650 0.74151140
-0.17511617 23.17122650 0.70626795
-0.40296826 23.17122650 0.75935340
0.57113713 23.17122650 -1.41196704
0.68212354 23.17122650 -1.41592729
0.83120567 23.17122650 -1.40377021
0.93440199 23.17122650 -1.39729548
1.10623634 23.17122650 -1.38495839
1.27241421 23.17122650 -1.38239706
1.43607175 23.17122650 -1.37963688
1.65024507 23.17122650 -1.37942159
1.85842431 23.17122650 -1.37260664
2.10436773 23.17122650 -1.35789752
2.43478489 23.17122650 -1.33243906
2.21323609 23.17122650 -1.34981287
3.11613607 23.17122650 -1.24346471
2.62559676 23.17122650 -1.30931437
3.43561649 23.17122650 -1.12913990
3.24251628 23.17122650 -1.21203876
3.52471018 23.17122650 -1.08431971
3.57588768 23.17122650 -0.88219613
3.55498338 23.17122650 -1.01917434
3.58189344 23.17122650 -0.61480671
3.58859944 23.17122650 -0.76375550
3.58324981 23.17122650 -0.48657334
3.67993927 23.17122650 0.28139365
3.66970253 23.17122650 0.14815478
3.62426829 23.17122650 0.66155171
3.64356637 23.17122650 0.44193083
3.57156467 23.17122650 0.77246815
3.40696096 23.17122650 0.90648454
2.69150281 23.17122650 1.02792799
3.06163645 23.17122650 1.02865601
2.10952997 23.17122650 0.95796144
2.47998261 23.17122650 1.00658095
1.53254938 23.17122650 0.81615394
1.92126775 23.17122650 0.93768424
1.45624363 23.17122650 0.80568421
1.19827890 23.17122650 0.75634050
1.09572327 23.17122650 0.74622023
0.90008539 23.17122650 0.71356022
0.98480505 23.17122650 0.71995753
0.83518815 23.17122650 0.70159680
0.67009330 23.17122650 0.75124294
0.77066368 23.17122650 0.69478792
0.61573327 23.17122650 0.68047595
0.54032785 23.17122650 0.73322546
3.66019654 23.17122650 0.01269531
3.27087903 23.17122650 0.99718368
1.99702024 23.17122650 0.94706380
-0.92905718 23.17122650 0.71498126
-0.89561290 23.17122650 -1.43351090
-0.82937902 23.17122650 -1.42957413
-1.10880899 23.17122650 -1.44198024
-1.19565523 23.17122650 0.73201525
-1.18657982 23.17122650 -1.46077514
-1.28812766 23.17122650 0.71556664
-1.37809575 23.17122650 -1.44851494
-1.46462500 23.17122650 0.74546432
-1.60267353 23.17122650 -1.44804168
-1.62976766 23.17122650 0.72679818
-1.66581702 23.17122650 -1.43705189
-1.72649693 23.17122650 0.75339741
-2.02672648 23.17122650 0.74627078
-1.94589901 23.17122650 -1.42950106
-2.11882138 23.17122650 0.72120517
-2.23008847 23.17122650 -1.45624506
-2.39448476 23.17122650 0.69461936
-2.25598598 23.17122650 0.69501436
-2.49159288 23.17122650 0.67311639
-2.51179719 23.17122650 -1.46321297
-2.62511468 23.17122650 0.64191592
-2.59951019 23.17122650 -1.47451890
-2.75406671 23.17122650 0.61340588
-2.78136444 23.17122650 -1.46379948
-2.93950868 23.17122650 0.55081701
-3.05682492 23.17122650 -1.48954356
-3.01720142 23.17122650 0.53873503
-3.18210435 23.17122650 -1.48884261
-3.16883492 23.17122650 0.60896933
-3.28462386 23.17122650 0.60896915
-3.32844520 23.17122650 -1.48506856
-3.50385737 23.17122650 0.63295794
-3.45511746 23.17122650 -1.48250663
-3.62785316 23.17122650 -1.48307741
-3.57366276 23.17122650 0.63218051
-3.71484041 23.17122650 -1.44266903
-3.77129412 23.17122650 0.33850259
-3.87855673 23.17122650 -1.37288845
-0.60815817 23.17122650 -1.45681798
-0.50696927 23.17122650 0.71444637
-3.82743359 23.17122650 0.23630409
-3.82977152 23.17122650 0.15951937
-3.83310795 23.17122650 0.05715266
-3.84056282 23.17122650 -0.18026209
-3.85055256 23.17122650 -0.49394017
-3.85857463 23.17122650 -0.73825800
-3.86047602 23.17122650 -0.80138409
-3.86415839 23.17122650 -0.92262572
-3.86785722 23.17122650 -1.03717601
