2.39735532 -52.99716949 -0.56828719
2.28043628 -53.00716400 0.25301471
2.31852937 -53.00716400 0.12146556
2.33006001 -53.00716400 0.06124346
2.32655072 -53.00716400 -0.00038712
2.33076549 -53.00716400 -0.08132638
2.31456804 -53.00716400 -0.14867347
2.35178614 -53.00716400 -0.23061335
2.34913921 -53.00716400 -0.34072912
2.33213234 -53.00716400 -0.39971063
2.33974481 -53.00716400 -0.46377721
2.39109278 -53.00716400 -0.50822961
2.41242170 -53.00716400 -0.69057477
2.42272234 -53.00716400 -0.78133011
2.42983818 -53.00716400 -0.84453875
2.40577197 -53.00716400 -0.92731732
2.41274691 -53.00716400 -0.98831022
2.43770385 -53.00716400 -1.05210507
2.42063332 -53.00716400 -1.16354716
2.46234608 -53.00716400 -1.24168932
2.48462558 -53.00716400 -1.31913340
2.41748595 -53.00716400 -1.36115539
2.33784676 -53.00716400 -1.39005303
2.28126216 -53.00716400 -1.41086316
2.18765926 -53.00716400 -1.41501164
2.11546850 -53.00716400 -1.41234469
2.03040648 -53.00716400 -1.40690696
1.97004330 -53.00716400 -1.40059698
1.85876966 -53.00716400 -1.41467881
1.76498950 -53.00716400 -1.41415179
1.67852616 -53.00716400 -1.41854167
1.58842301 -53.00716400 -1.41915011
1.51365936 -53.00716400 -1.43207312
1.45349932 -53.00716400 -1.43587673
1.39133012 -53.00716400 -1.43983352
1.29707241 -53.00716400 -1.44307935
1.22463191 -53.00716400 -1.44529533
1.14203167 -53.00716400 -1.45029449
1.05319965 -53.00716400 -1.44535255
0.86175984 -53.00716400 -1.43284547
0.78019071 -53.00716400 -1.42212498
0.68816382 -53.00716400 -1.41250122
0.58836877 -53.00716400 -1.40363061
0.48292077 -53.00716400 -1.37824380
0.42075861 -53.00716400 -1.34018934
0.31696346 -53.00716400 -1.30631304
0.23086980 -53.00716400 -1.08608353
0.30319637 -53.00716400 -0.96444422
0.33313867 -53.00716400 -0.87085366
0.30385068 -53.00716400 -0.73717177
0.30737707 -53.00716400 -0.65773863
0.32053831 -53.00716400 -0.56745613
0.32694036 -53.00716400 -0.48417252
0.33367848 -53.00716400 -0.37508807
0.30862239 -53.00716400 -0.26679170
0.30133137 -53.00716400 -0.16033107
0.32170621 -53.00716400 -0.06098618
0.32491934 -53.00716400 0.05525966
0.36948496 -53.00716400 0.15395086
0.39631391 -53.00716400 0.28628194
0.42883199 -53.00716400 0.42947558
0.47541633 -53.00716400 0.50553340
0.58777094 -53.00716400 0.58513832
0.66141641 -53.00716400 0.61183506
0.79166323 -53.00716400 0.66813695
0.86957926 -53.00716400 0.69144613
0.93094152 -53.00716400 0.71976423
1.01471412 -53.00716400 0.71712834
1.09951758 -53.00716400 0.70479602
1.23462331 -53.00716400 0.69895267
1.42082179 -53.00716400 0.67223233
1.51223159 -53.00716400 0.65712517
1.60358858 -53.00716400 0.65134215
1.71922147 -53.00716400 0.63988578
1.79322648 -53.00716400 0.62173045
1.84605205 -53.00716400 0.58173460
1.95300233 -53.00716400 0.56307721
2.04247284 -53.00716400 0.47648871
2.09523773 -53.00716400 0.43467176
2.17271733 -53.00716400 0.38323116
2.20207715 -53.00716400 0.32774854
0.22036217 -53.00716400 -1.19799948
0.94366777 -53.00716400 -1.43704939
2.36651206 -53.00716400 -0.62227196
1.29366708 -53.00716400 0.68724680
