2.50393176 2.90164948 -1.22066963
1.85395336 2.90164948 -1.33308315
1.63403535 2.89165497 0.66035140
1.71915078 2.89165497 0.66238713
1.77142835 2.89165497 0.62686610
1.85137033 2.89165497 0.60994107
1.99357700 2.89165497 0.59577578
2.09892893 2.89165497 0.57593036
2.17724061 2.89165497 0.52371520
2.30804682 2.89165497 0.52989060
2.35123610 2.89165497 0.43703592
2.42102098 2.89165497 0.34925601
2.46403623 2.89165497 0.29823095
2.47601676 2.89165497 0.23172548
2.55765486 2.89165497 0.06029231
2.57005835 2.89165497 -0.01969217
2.58528185 2.89165497 -0.10913346
2.59620428 2.89165497 -0.17375131
2.63240600 2.89165497 -0.26373139
2.63870263 2.89165497 -0.33049205
2.62484241 2.89165497 -0.39969087
2.60984087 2.89165497 -0.51453251
2.59815812 2.89165497 -0.62289560
2.60170102 2.89165497 -0.70312285
2.58821058 2.89165497 -0.80485964
2.59338450 2.89165497 -0.86844367
2.59896898 2.89165497 -0.96263731
2.55014277 2.89165497 -1.05909944
2.52688050 2.89165497 -1.14548695
2.46985245 2.89165497 -1.27160466
2.43943977 2.89165497 -1.33364344
2.36091447 2.89165497 -1.34502852
2.29852271 2.89165497 -1.36325228
2.22171021 2.89165497 -1.34429741
2.15942311 2.89165497 -1.34727705
2.03977323 2.89165497 -1.35021102
1.92171919 2.89165497 -1.34294641
1.76071501 2.89165497 -1.34386158
1.22684503 2.89165497 -1.34484673
1.02962625 2.89165497 -1.34369111
0.95497108 2.89165497 -1.34330964
0.85455120 2.89165497 -1.36168897
0.75935620 2.89165497 -1.35050094
0.64299130 2.89165497 -1.34648836
0.49282557 2.89165497 -1.34308279
0.33399084 2.89165497 -1.31791484
0.31768972 2.89165497 -1.25315487
0.32589078 2.89165497 -1.15717721
0.34399930 2.89165497 -1.00989413
0.41286513 2.89165497 -0.85631847
0.35545865 2.89165497 -0.74827468
0.45902094 2.89165497 -0.59313041
0.44443101 2.89165497 -0.46735322
0.42105255 2.89165497 -0.32432044
0.39488530 2.89165497 -0.20098037
0.45523497 2.89165497 -0.09510721
0.57044196 2.89165497 0.08952566
0.58323860 2.89165497 0.19118331
0.69082880 2.89165497 0.29739133
0.77111173 2.89165497 0.37376770
0.89740115 2.89165497 0.48416355
1.03669453 2.89165497 0.49101332
1.08548880 2.89165497 0.53134507
1.20885181 2.89165497 0.57020897
1.30226851 2.89165497 0.57213885
1.40199697 2.89165497 0.62117052
1.50279129 2.89165497 0.65862572
1.57406020 2.89165497 0.65775794
2.54263616 2.89165497 0.12218482
