0.30951551 16.42136383 -1.27486229
0.31345436 16.42136383 -1.09366322
0.34014162 16.42136383 -0.90601432
0.38331115 16.42136383 -0.42692089
0.44491342 16.42136383 -0.24681598
0.43266916 16.42136383 0.00349405
0.54155588 16.42136383 0.40978590
2.05221534 16.41136932 0.50088030
2.20172644 16.41136932 0.44419923
2.30428839 16.41136932 0.38384667
2.38893390 16.41136932 0.36820856
2.60341358 16.41136932 0.22608118
2.66404104 16.41136932 0.17962669
2.72599268 16.41136932 0.08126394
2.78978586 16.41136932 0.01041414
2.87432814 16.41136932 -0.05334971
2.92570615 16.41136932 -0.19734111
2.88978028 16.41136932 -0.37254617
2.91386580 16.41136932 -0.48609275
2.96651387 16.41136932 -0.60453194
2.96324444 16.41136932 -0.73398900
2.95092607 16.41136932 -0.86433160
2.95080781 16.41136932 -1.14310598
2.92364621 16.41136932 -1.30692852
2.79172921 16.41136932 -1.37172139
2.64746785 16.41136932 -1.40492487
2.48503876 16.41136932 -1.39700532
2.34358144 16.41136932 -1.37935865
2.21518302 16.41136932 -1.37832677
2.06654882 16.41136932 -1.40680480
1.98478425 16.41136932 -1.41538715
1.87813139 16.41136932 -1.42073286
1.77046359 16.41136932 -1.42007637
1.67838240 16.41136932 -1.41731358
1.48849893 16.41136932 -1.40670395
1.36644042 16.41136932 -1.41421247
1.26618576 16.41136932 -1.41537964
1.14214683 16.41136932 -1.40916944
0.99154592 16.41136932 -1.40620887
0.82746208 16.41136932 -1.40206671
0.65292072 16.41136932 -1.39963818
0.45749310 16.41136932 -1.38851726
0.32864481 16.41136932 -1.33788323
0.30179152 16.41136932 -1.17137003
0.32273528 16.41136932 -0.97999072
0.35184002 16.41136932 -0.78883857
0.34645718 16.41136932 -0.66215825
0.35769418 16.41136932 -0.50979215
0.44193935 16.41136932 -0.31195694
0.43068746 16.41136932 -0.05904357
0.41083032 16.41136932 0.18183209
0.47206524 16.41136932 0.32190317
0.59333962 16.41136932 0.47278529
0.76156539 16.41136932 0.65630049
0.92152685 16.41136932 0.71038896
1.03089881 16.41136932 0.73073894
1.16569817 16.41136932 0.72781795
1.25588405 16.41136932 0.74187523
1.35893667 16.41136932 0.73592150
1.44968176 16.41136932 0.76105362
1.54197264 16.41136932 0.76829475
1.64392412 16.41136932 0.78188682
1.79228938 16.41136932 0.65051609
1.87102258 16.41136932 0.59956998
2.45953918 16.41136932 0.32137284
2.96477461 16.41136932 -0.99297756
0.43949521 16.41136932 -0.16090450
0.42525905 16.41136932 0.07447667
1.71910846 16.41136932 0.72961617
1.97232187 16.41136932 0.53349030
