3.51018214 -78.21663666 0.05202699
3.52071881 -78.21663666 0.11503393
3.50658345 -78.21663666 -0.10079828
3.48481679 -78.21663666 -0.25000298
3.43752193 -78.21663666 -0.43358412
0.95843112 -78.21663666 -1.44319689
-0.03053979 -78.21663666 -1.04907596
-0.26363987 -78.21663666 -0.76844078
-0.34054586 -78.21663666 -0.42706642
-0.32877845 -78.21663666 -0.20388901
-0.14936033 -78.21663666 0.06188638
0.18553470 -78.22663116 0.43831524
0.05753550 -78.22663116 0.29366854
-0.09859645 -78.22663116 0.11098934
-0.35541213 -78.22663116 -0.32390070
-0.32950118 -78.22663116 -0.51989961
-0.34507453 -78.22663116 -0.66073477
-0.19693069 -78.22663116 -0.85189414
0.04884202 -78.22663116 -1.15020311
0.25119388 -78.22663116 -1.26549351
0.42416722 -78.22663116 -1.34622252
0.60276246 -78.22663116 -1.39811981
0.79300809 -78.22663116 -1.43073463
1.04741287 -78.22663116 -1.45505285
1.32888854 -78.22663116 -1.48132932
1.60077953 -78.22663116 -1.48195529
1.53560126 -78.22663116 -1.48242879
1.84796774 -78.22663116 -1.48234785
2.04881930 -78.22663116 -1.46961236
2.36560440 -78.22663116 -1.41496587
2.43326306 -78.22663116 -1.40433407
2.59911537 -78.22663116 -1.36764550
2.78677201 -78.22663116 -1.31790471
2.95351887 -78.22663116 -1.25933838
3.11096358 -78.22663116 -1.15037012
3.25958586 -78.22663116 -0.98864108
3.41659474 -78.22663116 -0.77040040
3.41699529 -78.22663116 -0.55347890
3.44837046 -78.22663116 -0.37359637
3.51432157 -78.22663116 -0.16455461
3.54532266 -78.22663116 0.24007516
3.52709246 -78.22663116 0.45816851
3.50123763 -78.22663116 -0.02354758
2.20727491 -78.22663116 -1.44604743
1.22843671 -78.22663116 -1.48073876
-0.30566412 -78.22663116 -0.10875810
0.32063323 -78.22663116 0.58843845
1.66858327 -78.22663116 1.39208901
1.79300261 -78.22663116 1.37670469
1.86314464 -78.22663116 1.31399572
1.91444409 -78.22663116 1.26967561
2.06142569 -78.22663116 1.23716211
2.17390060 -78.22663116 1.25730288
2.25315642 -78.22663116 1.20961881
2.33325887 -78.22663116 1.16452301
2.45848560 -78.22663116 1.14446771
2.58028007 -78.22663116 1.10549986
2.71120954 -78.22663116 1.05035198
2.88521218 -78.22663116 0.98979306
3.03323197 -78.22663116 0.90369666
3.19525027 -78.22663116 0.79803044
0.37184310 -78.22663116 0.64503402
0.51203823 -78.22663116 0.72574800
0.52101785 -78.22663116 0.81069982
0.64507151 -78.22663116 0.92811906
0.65716654 -78.22663116 0.98992705
0.70966107 -78.22663116 1.13922238
0.81327742 -78.22663116 1.18099189
1.01292551 -78.22663116 1.18611014
1.14496851 -78.22663116 1.26552224
1.27337682 -78.22663116 1.33733785
1.33885062 -78.22663116 1.36250091
1.40297413 -78.22663116 1.39222789
1.56039727 -78.22663116 1.40778530
3.37186885 -78.22663116 0.66308862
