-0.12098570 34.62097931 -0.55269241
0.00583538 34.62097931 0.38141021
0.10290054 34.62097931 0.65011781
0.91436863 34.62097931 0.84788525
2.52519345 34.62097931 0.52853912
0.50645673 34.61098480 -1.41217983
0.41530734 34.61098480 -1.40355086
0.24171233 34.61098480 -1.34694660
0.03184650 34.61098480 -1.30306208
-0.14599369 34.61098480 -1.23782837
-0.14696032 34.61098480 -1.09265721
-0.14703745 34.61098480 -1.00283790
-0.14707053 34.61098480 -0.78421211
-0.11903929 34.61098480 -0.42777154
-0.14371967 34.61098480 -0.30362439
-0.11400192 34.61098480 -0.13413189
-0.11215449 34.61098480 0.02063247
-0.07582776 34.61098480 0.13787653
0.05775142 34.61098480 0.52173430
0.14989735 34.61098480 0.77774292
0.57239145 34.61098480 -1.41929078
0.34311390 34.61098480 -1.38718438
-0.11052269 34.61098480 -1.29630113
-0.17090780 34.61098480 -1.15828574
-0.14494476 34.61098480 -0.88587672
-0.11949945 34.61098480 -0.61527234
-0.14167450 34.61098480 -0.20382650
2.72596025 34.61098480 -0.06199430
2.76029801 34.61098480 -0.15480165
2.75811958 34.61098480 -0.21518797
2.74874949 34.61098480 -0.31064543
2.75280333 34.61098480 -0.48723221
2.69831133 34.61098480 -0.71124250
2.51063943 34.61098480 -1.40198314
2.41533208 34.61098480 -1.43675208
2.20972419 34.61098480 -1.44294167
2.12224269 34.61098480 -1.44253159
1.96459496 34.61098480 -1.44430351
1.90257108 34.61098480 -1.44298148
1.75468731 34.61098480 -1.45189679
1.62957633 34.61098480 -1.45583642
1.50181031 34.61098480 -1.45548213
1.40011930 34.61098480 -1.45061755
1.30943167 34.61098480 -1.45116007
1.23609889 34.61098480 -1.45140851
1.16828787 34.61098480 -1.44586897
1.10753429 34.61098480 -1.44823313
1.03043520 34.61098480 -1.44348526
0.96657348 34.61098480 -1.44890189
0.89352989 34.61098480 -1.45024955
0.82281315 34.61098480 -1.44634640
0.70807415 34.61098480 -1.43664181
0.64014840 34.61098480 -1.42920625
0.31178579 34.61098480 0.85497952
0.44762564 34.61098480 0.83466655
0.58439225 34.61098480 0.77576739
0.78131884 34.61098480 0.80224097
0.85502815 34.61098480 0.85083359
1.10483170 34.61098480 0.76670569
1.21161151 34.61098480 0.84413344
1.28944504 34.61098480 0.81123143
1.37833679 34.61098480 0.75746584
1.65846097 34.61098480 0.69235301
1.72623754 34.61098480 0.71321702
1.89189148 34.61098480 0.73808193
1.97348201 34.61098480 0.71942550
2.19514751 34.61098480 0.69729131
2.46011901 34.61098480 0.53974271
2.54088259 34.61098480 0.47149327
2.58697748 34.61098480 0.34811237
2.64560509 34.61098480 0.22194131
2.64834762 34.61098480 0.12077875
2.71874905 34.61098480 0.02366339
1.45229626 34.61098480 0.74423283
2.53075147 34.61098480 -1.28718662
2.71252632 34.61098480 -0.61823767
2.30069256 34.61098480 0.69235700
2.03608036 34.61098480 0.70935345
