1.07028937 61.14041901 -1.48312998
2.33722305 61.14041901 -0.30037588
1.76231992 61.14041901 0.92193204
1.59896410 61.14041901 0.85985321
0.95138830 61.14041901 0.76418310
1.43587601 61.13042450 0.80735898
1.66658282 61.13042450 0.89389277
1.82222772 61.13042450 0.94649428
1.98578691 61.13042450 0.95498729
2.10377407 61.13042450 0.91797835
2.16813612 61.13042450 0.77764457
2.27507544 61.13042450 0.66529715
2.35534596 61.13042450 0.48782772
2.39181280 61.13042450 0.25421768
2.36989832 61.13042450 0.04434692
2.35810328 61.13042450 -0.09457771
2.36520934 61.13042450 -0.24618413
2.32438636 61.13042450 -0.49785823
2.32654572 61.13042450 -0.62976497
2.33465362 61.13042450 -0.76665074
2.30823064 61.13042450 -0.92492920
2.30700326 61.13042450 -1.08016670
2.22039461 61.13042450 -1.22742426
2.10749364 61.13042450 -1.42368090
2.02999663 61.13042450 -1.43762577
1.86272001 61.13042450 -1.45907271
1.72803664 61.13042450 -1.46495211
1.64276803 61.13042450 -1.46590459
1.57618749 61.13042450 -1.46763313
1.22381687 61.13042450 -1.48050439
1.14573097 61.13042450 -1.48316658
0.93948567 61.13042450 -1.49055600
0.85805494 61.13042450 -1.50326240
0.73460114 61.13042450 -1.50933516
0.65141261 61.13042450 -1.50841343
0.57814640 61.13042450 -1.49960160
0.49425873 61.13042450 -1.48536015
0.42661020 61.13042450 -1.47022891
0.29044178 61.13042450 -1.45090210
0.16802441 61.13042450 -1.35026705
0.13909224 61.13042450 -1.24623072
0.13362883 61.13042450 -1.13300705
0.12671630 61.13042450 -1.04248500
0.11905305 61.13042450 -0.87981099
0.13716018 61.13042450 -0.78783637
0.12507172 61.13042450 -0.66134530
0.11656033 61.13042450 -0.53738678
0.11021248 61.13042450 -0.43099830
0.14186879 61.13042450 -0.27290225
0.13272531 61.13042450 -0.20825097
0.08916987 61.13042450 -0.09982555
0.08268411 61.13042450 -0.03414163
0.09665257 61.13042450 0.07993034
0.17835012 61.13042450 0.20300053
0.19147778 61.13042450 0.33447096
0.21751118 61.13042450 0.42793378
0.28085560 61.13042450 0.46401054
0.43850395 61.13042450 0.52218592
0.52061111 61.13042450 0.56498283
0.59829736 61.13042450 0.62188011
0.66148806 61.13042450 0.66327447
0.75095242 61.13042450 0.74790931
1.31874657 61.13042450 0.77144670
0.69040811 61.13042450 0.75565016
0.37337309 61.13042450 0.48282754
0.11695823 61.13042450 0.15315534
0.12293275 61.13042450 -0.96241814
0.19442117 61.13042450 -1.42999387
1.35902381 61.13042450 -1.47733152
2.32927036 61.13042450 -0.39212140
2.38822341 61.13042450 0.15204108
2.38718820 61.13042450 0.36898345
2.32898808 61.13042450 0.57183945
2.16439486 61.13042450 0.90069145
1.53924215 61.13042450 0.83945745
