2.46513391 -57.15708160 -1.04926324
2.49219203 -57.15708160 -0.89558160
1.21533465 -57.16707611 0.72073823
1.15232468 -57.16707611 0.73405951
1.02215075 -57.16707611 0.76483285
0.94332993 -57.16707611 0.73061329
0.82586056 -57.16707611 0.76004690
0.63619465 -57.16707611 0.73572576
0.72640026 -57.16707611 0.74632800
0.57757115 -57.16707611 0.69596487
0.46684542 -57.16707611 0.56439835
0.41806760 -57.16707611 0.47514948
0.36936042 -57.16707611 0.32842177
0.24157855 -57.16707611 0.15823540
0.30833319 -57.16707611 0.22245489
0.18550923 -57.16707611 0.06420817
0.18016510 -57.16707611 -0.06487795
0.04875164 -57.16707611 -0.19771884
-0.01469322 -57.16707611 -0.34547216
-0.10468446 -57.16707611 -0.51595813
-0.14790685 -57.16707611 -0.67540342
-0.18077826 -57.16707611 -0.89702457
-0.17202032 -57.16707611 -1.21683264
-0.23281227 -57.16707611 -1.09702742
0.02120723 -57.16707611 -1.35617995
-0.11722096 -57.16707611 -1.31178963
0.22956331 -57.16707611 -1.40305543
0.42751643 -57.16707611 -1.39577603
0.59988481 -57.16707611 -1.38767552
0.77470577 -57.16707611 -1.41422844
0.92033994 -57.16707611 -1.43571413
1.10897851 -57.16707611 -1.45369506
1.17476487 -57.16707611 -1.46034324
1.31546700 -57.16707611 -1.45158815
1.46569598 -57.16707611 -1.45056641
1.65316665 -57.16707611 -1.42286992
1.74012196 -57.16707611 -1.42476559
1.91420817 -57.16707611 -1.39935338
2.06052256 -57.16707611 -1.39163125
2.19932032 -57.16707611 -1.37758434
2.35901928 -57.16707611 -1.29959130
2.44895101 -57.16707611 -1.11019516
2.42110848 -57.16707611 -1.25672030
2.48802686 -57.16707611 -0.95794415
2.49238348 -57.16707611 -0.80177766
2.52181649 -57.16707611 -0.62980789
2.53152108 -57.16707611 -0.54650587
2.53448009 -57.16707611 -0.41553214
2.56363392 -57.16707611 -0.27049968
2.55394936 -57.16707611 -0.20838487
2.56526899 -57.16707611 -0.14391838
2.57415032 -57.16707611 0.01380867
2.55801153 -57.16707611 -0.06699084
2.55553746 -57.16707611 0.09199398
2.52838635 -57.16707611 0.21018362
2.50419617 -57.16707611 0.28230575
2.53115988 -57.16707611 0.45025212
2.52749825 -57.16707611 0.35247049
2.52476811 -57.16707611 0.59984702
2.49419117 -57.16707611 0.51810008
2.55331564 -57.16707611 0.68497592
2.51158357 -57.16707611 0.74287093
2.45500088 -57.16707611 0.80847591
2.39761400 -57.16707611 0.84453321
2.26853704 -57.16707611 0.84309226
2.12603855 -57.16707611 0.83350027
2.00897408 -57.16707611 0.83181673
1.90873873 -57.16707611 0.83013904
1.83290637 -57.16707611 0.85987884
1.74014461 -57.16707611 0.83879805
1.66527784 -57.16707611 0.81515783
1.58234870 -57.16707611 0.79177445
1.44360805 -57.16707611 0.79565334
1.51365566 -57.16707611 0.78856075
1.36464429 -57.16707611 0.79280943
1.30885041 -57.16707611 0.75402212
