1.27312076 50.73064423 0.64812583
1.16601467 50.73064423 0.62429357
1.03189349 50.73064423 0.59281349
0.92258602 50.73064423 0.54747701
0.75271600 50.73064423 0.50358343
0.53988528 50.73064423 0.42797923
0.63625085 50.73064423 0.48040357
0.33848503 50.73064423 0.39356154
0.40719026 50.73064423 0.41488853
0.30560681 50.73064423 0.33391175
0.22196621 50.73064423 0.22735441
0.15621416 50.73064423 0.11922172
0.06378561 50.73064423 0.00766133
0.03380900 50.73064423 -0.10706948
-0.00105591 50.73064423 -0.27359307
0.01513615 50.73064423 -0.17425099
0.02928784 50.73064423 -0.40143949
0.01147257 50.73064423 -0.52258015
0.00650002 50.73064423 -0.71632761
-0.01193973 50.73064423 -0.78319395
0.03872969 50.73064423 -1.04228520
0.00381117 50.73064423 -0.95059073
0.11302789 50.73064423 -1.32452846
0.11556738 50.73064423 -1.21384513
0.22591092 50.73064423 -1.41849864
0.35573325 50.73064423 -1.44189501
0.50899136 50.73064423 -1.49084163
0.61552906 50.73064423 -1.45225728
0.70866042 50.73064423 -1.45317554
0.79008693 50.73064423 -1.44907010
0.86102402 50.73064423 -1.46759629
0.93119353 50.73064423 -1.47082627
1.05402219 50.73064423 -1.46337903
1.13748741 50.73064423 -1.48356903
1.30254734 50.73064423 -1.48493421
1.38376629 50.73064423 -1.49078417
1.46623099 50.73064423 -1.47991812
1.53548753 50.73064423 -1.48561585
1.60957956 50.73064423 -1.49035072
1.71209133 50.73064423 -1.48555183
1.81506395 50.73064423 -1.47452092
1.92598927 50.73064423 -1.45962775
2.03014088 50.73064423 -1.45475709
2.15255666 50.73064423 -1.43374896
2.30470252 50.73064423 -1.37431550
2.44165540 50.73064423 -1.33645535
2.58123922 50.73064423 -1.25371933
2.63836527 50.73064423 -0.99473554
2.58977079 50.73064423 -1.16826677
2.75529075 50.73064423 -0.86210805
2.79217362 50.73064423 -0.69109392
2.87060618 50.73064423 -0.60126072
2.80922055 50.73064423 -0.53456181
2.70678616 50.73064423 -0.40527093
2.66389298 50.73064423 -0.32339948
2.58905768 50.73064423 -0.17429455
2.53044009 50.73064423 0.06430088
2.50684547 50.73064423 0.19969957
2.39707518 50.73064423 0.38386363
2.16791153 50.73064423 0.55292207
2.00830412 50.73064423 0.59893972
1.79616594 50.73064423 0.64913899
1.90074384 50.73064423 0.62378973
1.65895092 50.73064423 0.69988376
1.39558375 50.73064423 0.70467007
1.46494722 50.73064423 0.71422338
2.22517943 50.73064423 0.52563518
2.46399689 50.73064423 0.32002720
0.13013202 50.73064423 -1.39625239
