0.39356938 29.42108917 0.16452068
1.63981223 29.41109467 -1.42766452
1.54243290 29.41109467 -1.42476678
1.70131719 29.41109467 -1.42597079
1.81157553 29.41109467 -1.42223537
1.92714655 29.41109467 -1.42272377
2.04015255 29.41109467 -1.43110538
2.17871380 29.41109467 -1.41457832
2.10763931 29.41109467 -1.42919362
2.31974936 29.41109467 -1.41645968
2.24309874 29.41109467 -1.42040384
2.42717671 29.41109467 -1.37793982
2.47967005 29.41109467 -1.33641231
2.47585344 29.41109467 -1.11643636
2.48023391 29.41109467 -1.19012618
2.47828841 29.41109467 -0.97899395
2.49019480 29.41109467 -1.04743791
2.52466393 29.41109467 -0.80448532
2.49634767 29.41109467 -0.88984603
2.52565050 29.41109467 -0.71728194
2.52791953 29.41109467 -0.63287008
2.52316856 29.41109467 -0.53591150
2.50345182 29.41109467 -0.43686664
2.46442413 29.41109467 -0.24654514
2.48662901 29.41109467 -0.34028587
2.49899173 29.41109467 -0.13771456
2.45839858 29.41109467 0.07236560
2.49978590 29.41109467 -0.01909982
2.43164349 29.41109467 0.15342318
2.39289093 29.41109467 0.24033181
2.32379746 29.41109467 0.37769872
2.13952732 29.41109467 0.51888162
1.98220682 29.41109467 0.59463578
1.91431248 29.41109467 0.58164322
1.85197294 29.41109467 0.57211578
1.66495383 29.41109467 0.60498303
1.54344237 29.41109467 0.60643148
1.34013891 29.41109467 0.66718948
1.40833962 29.41109467 0.62691718
1.26969993 29.41109467 0.69196242
1.20964396 29.41109467 0.69338691
1.07604158 29.41109467 0.67515147
0.91334456 29.41109467 0.62298316
0.65229565 29.41109467 0.64701313
0.76112336 29.41109467 0.63763261
0.58671200 29.41109467 0.62071943
0.49906600 29.41109467 0.46471789
0.48925197 29.41109467 0.39585930
0.43374887 29.41109467 0.22710876
0.39535284 29.41109467 0.10424967
0.40894258 29.41109467 -0.01823753
0.38850504 29.41109467 -0.27629966
0.41363522 29.41109467 -0.16321366
0.37438282 29.41109467 -0.37147337
0.38173825 29.41109467 -0.46221736
0.41366795 29.41109467 -0.68714088
0.40237662 29.41109467 -0.56051958
0.41232559 29.41109467 -0.75695336
0.37706441 29.41109467 -0.91841471
0.32604894 29.41109467 -1.17428327
0.32604730 29.41109467 -1.07404959
0.32624084 29.41109467 -1.23850191
0.47093090 29.41109467 -1.37904239
0.41420469 29.41109467 -1.35345936
0.60568029 29.41109467 -1.40026176
0.69832009 29.41109467 -1.40764225
0.82317436 29.41109467 -1.41699815
0.94019324 29.41109467 -1.42839527
1.07189834 29.41109467 -1.41783023
1.21708667 29.41109467 -1.42657900
1.15477753 29.41109467 -1.42629218
1.33800662 29.41109467 -1.42617428
1.46722257 29.41109467 -1.42491710
2.23351669 29.41109467 0.44880953
2.04870558 29.41109467 0.58408272
1.72559643 29.41109467 0.60108167
