2.54823089 18.76131439 -1.15683508
0.17948839 18.76131439 -0.71170449
0.25328091 18.76131439 0.13845171
1.45036590 18.75131989 -1.40735912
1.37477672 18.75131989 -1.40857494
1.28283787 18.75131989 -1.41255486
1.22153020 18.75131989 -1.41191995
1.14648712 18.75131989 -1.40278053
0.96891171 18.75131989 -1.40796816
0.86800700 18.75131989 -1.40242290
0.75109643 18.75131989 -1.39627886
0.61504626 18.75131989 -1.38994050
0.31872901 18.75131989 -1.38924444
0.25448370 18.75131989 -1.39098096
0.10239590 18.75131989 -1.31990635
0.10191984 18.75131989 -1.21468699
0.11079161 18.75131989 -1.14717770
0.13797688 18.75131989 -1.04616308
0.16429056 18.75131989 -0.92898542
0.18017578 18.75131989 -0.77946901
0.17004424 18.75131989 -0.58117741
0.16536748 18.75131989 -0.51888043
0.19490309 18.75131989 -0.33581498
0.21379653 18.75131989 -0.22089662
0.24671260 18.75131989 0.05265897
0.25777113 18.75131989 0.21160474
0.26970246 18.75131989 0.41531345
0.33249024 18.75131989 0.50211585
2.65606093 18.75131989 -0.69510287
2.65775943 18.75131989 -0.90435576
2.56955838 18.75131989 -1.08965278
2.52216554 18.75131989 -1.25777388
2.52845240 18.75131989 -1.32049215
2.46810579 18.75131989 -1.36003125
2.31893373 18.75131989 -1.37562335
2.17609644 18.75131989 -1.37704253
2.06647015 18.75131989 -1.37871051
1.98334992 18.75131989 -1.39096546
1.89976311 18.75131989 -1.39250100
1.82743752 18.75131989 -1.39063919
1.75870192 18.75131989 -1.39648116
1.64835989 18.75131989 -1.39639926
1.58605087 18.75131989 -1.38751221
2.60030150 18.75131989 -1.01645112
1.08106685 18.75131989 -1.38653815
0.47734985 18.75131989 -1.38555050
0.24826546 18.75131989 -0.08569304
0.46869579 18.75131989 0.62681675
0.51518643 18.75131989 0.67538792
2.30164456 18.75131989 0.53867573
2.34258342 18.75131989 0.42655280
2.41727686 18.75131989 0.28656065
2.47956514 18.75131989 0.18394636
2.48107481 18.75131989 0.05385350
2.51160407 18.75131989 -0.08118221
2.55337286 18.75131989 -0.18745506
2.55360627 18.75131989 -0.29717809
2.63523507 18.75131989 -0.48150831
2.67433310 18.75131989 -0.61124575
0.55872142 18.75131989 0.72024238
0.64412135 18.75131989 0.72663391
0.96342969 18.75131989 0.74618179
1.11141908 18.75131989 0.76053602
1.21463728 18.75131989 0.75758600
1.47395265 18.75131989 0.64239109
1.58418739 18.75131989 0.70031142
1.68019319 18.75131989 0.70965707
1.75041842 18.75131989 0.69444579
2.17960358 18.75131989 0.60038894
