2.28106451 -29.59766388 0.61828035
2.42994499 -29.59766388 0.62951088
2.58123994 -29.59766388 0.61648697
0.26184088 -29.59766388 -0.80835247
0.23533478 -29.59766388 0.43280396
0.45417836 -29.59766388 0.53919041
1.53486657 -29.60765839 0.60010338
1.46172857 -29.60765839 0.63549006
1.39873922 -29.60765839 0.63571870
1.27896726 -29.60765839 0.61767906
1.21358860 -29.60765839 0.60333538
1.06237352 -29.60765839 0.61503893
0.93371916 -29.60765839 0.60372645
0.86694217 -29.60765839 0.59765309
0.69772702 -29.60765839 0.58440608
0.63237864 -29.60765839 0.57614774
0.51192975 -29.60765839 0.56307584
0.39516562 -29.60765839 0.52891612
0.25996813 -29.60765839 0.37471199
0.26332602 -29.60765839 0.27896902
0.26489073 -29.60765839 0.20721413
0.32462206 -29.60765839 -0.04591173
0.31639141 -29.60765839 -0.13950351
0.29689714 -29.60765839 -0.26458427
0.28463021 -29.60765839 -0.34584880
0.27198005 -29.60765839 -0.48103693
0.28780195 -29.60765839 -0.62244958
0.26113120 -29.60765839 -0.74490213
0.27189380 -29.60765839 -0.86723524
0.24518336 -29.60765839 -1.01705074
0.25169694 -29.60765839 -0.95461172
0.23157935 -29.60765839 -1.18184316
0.25109565 -29.60765839 -1.09851515
0.24370283 -29.60765839 -1.43695128
0.23404516 -29.60765839 -1.36043549
0.44419032 -29.60765839 -1.46108019
0.35859579 -29.60765839 -1.45763111
0.60090047 -29.60765839 -1.46501946
0.52860200 -29.60765839 -1.46495235
0.76217139 -29.60765839 -1.45601583
0.70026809 -29.60765839 -1.45711017
0.84376502 -29.60765839 -1.44938052
0.95970261 -29.60765839 -1.44638336
1.09227610 -29.60765839 -1.44914913
1.31677055 -29.60765839 -1.42567456
1.40919542 -29.60765839 -1.42914212
1.49751270 -29.60765839 -1.42680919
1.59919965 -29.60765839 -1.41605377
1.72479749 -29.60765839 -1.42135167
1.84456086 -29.60765839 -1.42396510
1.97239268 -29.60765839 -1.42293811
2.09207082 -29.60765839 -1.42292190
2.22862315 -29.60765839 -1.41463912
2.41347504 -29.60765839 -1.43889713
2.45404983 -29.60765839 -1.29495716
2.48919582 -29.60765839 -1.16264653
2.51031780 -29.60765839 -1.01040483
2.57391143 -29.60765839 -0.90743953
2.63352919 -29.60765839 -0.72579968
2.67390704 -29.60765839 -0.62960267
2.65951419 -29.60765839 -0.44963658
2.66727591 -29.60765839 -0.28936622
2.69498253 -29.60765839 -0.15540420
2.70508933 -29.60765839 -0.04823175
2.68790531 -29.60765839 0.09421147
2.67586970 -29.60765839 0.20136265
2.69272280 -29.60765839 0.36491957
2.69337010 -29.60765839 0.51567662
2.50348759 -29.60765839 0.61206537
2.37134051 -29.60765839 0.64231676
2.20596123 -29.60765839 0.60509813
2.05632854 -29.60765839 0.58042550
1.93689430 -29.60765839 0.60421753
1.85416627 -29.60765839 0.59661448
1.72613132 -29.60765839 0.56860077
1.62403226 -29.60765839 0.57849717
2.67719388 -29.60765839 0.61248267
2.67436481 -29.60765839 -0.52659768
1.22778583 -29.60765839 -1.42076373
0.22209723 -29.60765839 -1.28173625
0.27528542 -29.60765839 -0.41296986
0.26833716 -29.60765839 0.10185181
0.23522437 -29.60765839 0.52561748
1.14300895 -29.60765839 0.55075270
