0.36479723 9.66150665 0.30641523
1.93282688 9.65151215 0.41139892
2.00950742 9.65151215 0.32468700
2.04498076 9.65151215 0.24358429
2.10425448 9.65151215 0.17602710
2.10399866 9.65151215 0.10727177
2.14821720 9.65151215 0.01692198
2.18067479 9.65151215 -0.04836490
2.26011515 9.65151215 -0.13090448
2.32422256 9.65151215 -0.21073234
2.34407902 9.65151215 -0.29703933
2.37874889 9.65151215 -0.38749194
2.39534903 9.65151215 -0.45537904
2.41651201 9.65151215 -0.57227004
2.43349552 9.65151215 -0.65254372
2.47772837 9.65151215 -0.90888995
2.52650356 9.65151215 -1.02438021
2.54297709 9.65151215 -1.08828545
2.54396772 9.65151215 -1.15345562
2.52936268 9.65151215 -1.27310574
2.50050688 9.65151215 -1.35151565
2.42184138 9.65151215 -1.37343419
2.36204910 9.65151215 -1.37881815
2.26065302 9.65151215 -1.37318122
2.19656181 9.65151215 -1.38324583
2.13084579 9.65151215 -1.39372814
2.06561351 9.65151215 -1.40765798
1.96324158 9.65151215 -1.41643333
1.85858715 9.65151215 -1.42475748
1.75364256 9.65151215 -1.43551505
1.67938209 9.65151215 -1.43499887
1.59174907 9.65151215 -1.41548550
1.45075822 9.65151215 -1.41166353
1.36520779 9.65151215 -1.40982389
1.27659822 9.65151215 -1.41130698
1.20037842 9.65151215 -1.40932667
1.10296118 9.65151215 -1.39536583
1.00801671 9.65151215 -1.38544822
0.79946017 9.65151215 -1.38279486
0.69545496 9.65151215 -1.37782276
0.60532659 9.65151215 -1.38301933
0.43422383 9.65151215 -1.33424509
0.36803353 9.65151215 -1.30482912
0.37061697 9.65151215 -1.23124659
0.37775779 9.65151215 -1.14574552
0.36047688 9.65151215 -1.04353023
0.32024503 9.65151215 -0.90790248
0.28111085 9.65151215 -0.79425186
0.24558608 9.65151215 -0.67484182
0.22252913 9.65151215 -0.57377380
0.21173127 9.65151215 -0.49192724
0.22307669 9.65151215 -0.37988597
0.23791045 9.65151215 -0.23908082
0.24602608 9.65151215 -0.14680031
0.28326190 9.65151215 -0.09195431
0.26948953 9.65151215 -0.01675826
0.30784833 9.65151215 0.12781702
0.34063998 9.65151215 0.25017482
0.36640161 9.65151215 0.42392734
0.43918204 9.65151215 0.44905898
0.48507386 9.65151215 0.50711030
0.53459084 9.65151215 0.56043935
0.60660142 9.65151215 0.58287930
0.67857879 9.65151215 0.62613219
0.77204657 9.65151215 0.61691189
0.92504191 9.65151215 0.59672940
1.00448895 9.65151215 0.62424266
1.13145685 9.65151215 0.60164052
1.19557345 9.65151215 0.58558279
1.25516641 9.65151215 0.57786363
1.35167086 9.65151215 0.57436424
1.46353936 9.65151215 0.56585908
1.54137361 9.65151215 0.56961417
1.65797794 9.65151215 0.55432957
1.87097239 9.65151215 0.44177142
2.46183944 9.65151215 -0.79305351
0.92408586 9.65151215 -1.38832808
0.20208046 9.65151215 -0.31681621
1.06968307 9.65151215 0.61272341
