2.86689448 15.89138031 -0.96302539
2.87806439 15.89138031 -1.16162634
2.65328979 15.89138031 -1.38641047
2.50681925 15.89138031 -1.40275884
2.33158064 15.89138031 -1.38566780
2.06175327 15.89138031 -1.40763521
1.90782130 15.89138031 -1.42912996
1.80617905 15.89138031 -1.43427980
1.67627883 15.89138031 -1.43555725
1.47375214 15.89138031 -1.41644549
1.33098781 15.89138031 -1.41899920
1.18649924 15.89138031 -1.41861844
1.09156907 15.89138031 -1.40430796
0.89133757 15.89138031 -1.41128385
0.71570587 15.89138031 -1.40136695
0.52017421 15.89138031 -1.40376019
0.20735565 15.89138031 -1.21422756
0.36709955 15.89138031 -1.37123644
2.82696462 15.89138031 -1.33109546
2.90187168 15.89138031 -0.82619160
1.23027170 15.89138031 0.85769349
1.11073554 15.89138031 0.80339420
0.95970243 15.89138031 0.72006708
1.02898836 15.89138031 0.74841750
0.86346245 15.89138031 0.68805230
0.71887362 15.89138031 0.64155298
0.66365850 15.89138031 0.58180183
0.51970077 15.89138031 0.41395634
0.59921312 15.89138031 0.49508235
0.49653319 15.89138031 0.35161483
0.42598110 15.89138031 0.17468289
0.43994039 15.89138031 -0.01479150
0.41772971 15.89138031 0.07001945
0.38113874 15.89138031 -0.12777035
0.34339908 15.89138031 -0.37217283
0.32175824 15.89138031 -0.51057261
0.35287571 15.89138031 -0.63305444
0.33612311 15.89138031 -0.79212487
0.23909450 15.89138031 -1.02008021
2.91799831 15.89138031 -0.67599988
2.93236184 15.89138031 -0.49978486
2.94381046 15.89138031 -0.42564818
2.95921683 15.89138031 -0.31553108
2.95166111 15.89138031 -0.19040573
2.88924575 15.89138031 -0.07196192
2.75380874 15.89138031 0.12278665
2.84387612 15.89138031 0.03363631
2.70006323 15.89138031 0.39227912
2.67541599 15.89138031 0.21045992
2.55950642 15.89138031 0.51299131
2.53948379 15.89138031 0.75453347
2.53738952 15.89138031 0.63673365
2.36418056 15.89138031 0.87085515
2.25950766 15.89138031 0.87609112
2.13352036 15.89138031 0.85167879
2.03383875 15.89138031 0.83981735
1.94794393 15.89138031 0.83568925
1.79771841 15.89138031 0.90543717
1.88969755 15.89138031 0.90293407
1.59559035 15.89138031 0.91223073
1.53476429 15.89138031 0.91359979
1.40042198 15.89138031 0.92057830
1.29961324 15.89138031 0.92397654
2.44825244 15.89138031 0.86523098
2.60416245 15.89138031 0.42740875
1.72805214 15.89138031 0.90193242
