2.55955052 -12.69802094 -0.68920738
2.12396646 -12.69802094 -1.47205937
1.43012679 -12.70801544 0.60179561
1.51785338 -12.70801544 0.60742021
1.62546313 -12.70801544 0.62065202
1.69201994 -12.70801544 0.60718048
1.78801286 -12.70801544 0.56037903
1.83647478 -12.70801544 0.48574352
1.97088623 -12.70801544 0.40009609
2.10503411 -12.70801544 0.39287192
2.21968222 -12.70801544 0.34962603
2.33441424 -12.70801544 0.26619011
2.41574597 -12.70801544 0.23438546
2.46788692 -12.70801544 0.19702335
2.49147248 -12.70801544 0.09733143
2.51853061 -12.70801544 -0.01746643
2.53767633 -12.70801544 -0.24100511
2.55023313 -12.70801544 -0.30669671
2.57411933 -12.70801544 -0.42683887
2.58895755 -12.70801544 -0.49748266
2.57306719 -12.70801544 -0.59503263
2.54991555 -12.70801544 -0.74884969
2.52180314 -12.70801544 -0.80786842
2.51648784 -12.70801544 -0.89136356
2.55780268 -12.70801544 -1.11725628
2.55844259 -12.70801544 -1.21743596
2.52876782 -12.70801544 -1.28533936
2.50940847 -12.70801544 -1.41834545
2.39353609 -12.70801544 -1.47151005
2.22658277 -12.70801544 -1.47692060
2.06468868 -12.70801544 -1.45556343
1.91053259 -12.70801544 -1.41733372
1.79840136 -12.70801544 -1.41814172
1.70073175 -12.70801544 -1.41734934
1.58436394 -12.70801544 -1.39931870
1.49864817 -12.70801544 -1.39777315
1.40093946 -12.70801544 -1.40351856
1.30391908 -12.70801544 -1.40073621
1.23074377 -12.70801544 -1.39768457
1.12575543 -12.70801544 -1.39250147
0.97173899 -12.70801544 -1.42168200
0.88596082 -12.70801544 -1.41464448
0.76007885 -12.70801544 -1.40669692
0.62420458 -12.70801544 -1.42057133
0.49490476 -12.70801544 -1.41230237
0.33829790 -12.70801544 -1.40529609
0.17491291 -12.70801544 -1.38395023
0.01055663 -12.70801544 -1.34900534
-0.10031965 -12.70801544 -1.30363071
-0.05693915 -12.70801544 -1.23607874
-0.02651594 -12.70801544 -1.05314493
0.00312635 -12.70801544 -0.89927369
0.07395411 -12.70801544 -0.74995267
0.05956427 -12.70801544 -0.62125522
0.12268739 -12.70801544 -0.52355653
0.21777339 -12.70801544 -0.41094750
0.25372109 -12.70801544 -0.29210111
0.27737948 -12.70801544 -0.21599393
0.33471519 -12.70801544 -0.14941755
0.39174464 -12.70801544 0.06656246
0.44966784 -12.70801544 0.19734167
0.49497434 -12.70801544 0.26103017
0.49776977 -12.70801544 0.43514341
0.59778106 -12.70801544 0.58918750
0.59202212 -12.70801544 0.65346575
0.93384379 -12.70801544 0.65691561
1.05574310 -12.70801544 0.65670753
1.16558492 -12.70801544 0.64276850
1.34008932 -12.70801544 0.58850002
2.55311608 -12.70801544 -0.18163751
0.81465667 -12.70801544 0.62746722
