0.36050823 -29.33766937 0.17015110
0.24796793 -29.33766937 -0.61719590
0.21590242 -29.33766937 -0.74459773
2.31164646 -29.33766937 0.65862745
1.43523884 -29.34766388 0.64724326
1.53466022 -29.34766388 0.62518245
1.61699367 -29.34766388 0.60707074
1.68172216 -29.34766388 0.60217488
1.80881846 -29.34766388 0.57993394
1.91589069 -29.34766388 0.59791303
2.02145243 -29.34766388 0.61087000
2.13899660 -29.34766388 0.62114203
2.24647355 -29.34766388 0.64506024
2.43984604 -29.34766388 0.65828383
2.58549881 -29.34766388 0.65001130
2.69968224 -29.34766388 0.51638895
2.70059729 -29.34766388 0.38705346
2.69591618 -29.34766388 0.23787294
2.67948079 -29.34766388 0.12087645
2.68458152 -29.34766388 0.00420290
2.70485330 -29.34766388 -0.14111920
2.70199084 -29.34766388 -0.22149289
2.69213605 -29.34766388 -0.40874037
2.69465351 -29.34766388 -0.58679825
2.66479301 -29.34766388 -0.69016492
2.62826133 -29.34766388 -0.83594608
2.54881835 -29.34766388 -0.97809052
2.54733729 -29.34766388 -1.11133051
2.53917193 -29.34766388 -1.25541103
2.52270675 -29.34766388 -1.32057166
2.44001698 -29.34766388 -1.44783425
2.36899471 -29.34766388 -1.43988144
2.12472081 -29.34766388 -1.41635823
2.00530696 -29.34766388 -1.41833711
1.89044547 -29.34766388 -1.41903079
1.78123391 -29.34766388 -1.42368913
1.63976598 -29.34766388 -1.40844107
1.53596079 -29.34766388 -1.41728759
1.43024170 -29.34766388 -1.41839957
1.34249651 -29.34766388 -1.42013550
1.27323377 -29.34766388 -1.42221677
1.18686783 -29.34766388 -1.41881454
1.12647510 -29.34766388 -1.42817831
0.99751902 -29.34766388 -1.43655980
0.88138205 -29.34766388 -1.44033635
0.80166876 -29.34766388 -1.43664956
0.73864597 -29.34766388 -1.44183469
0.65880722 -29.34766388 -1.44830453
0.56072110 -29.34766388 -1.46441019
0.48972225 -29.34766388 -1.46118200
0.39284524 -29.34766388 -1.45947421
0.30632159 -29.34766388 -1.44446945
0.24481738 -29.34766388 -1.41728556
0.23471372 -29.34766388 -1.34772527
0.17747444 -29.34766388 -1.27436256
0.18538967 -29.34766388 -1.18926167
0.18191652 -29.34766388 -1.05680072
0.17706342 -29.34766388 -0.98922372
0.20684595 -29.34766388 -0.88280100
0.21800795 -29.34766388 -0.80851728
0.22934078 -29.34766388 -0.68114841
0.26280725 -29.34766388 -0.55608147
0.25192744 -29.34766388 -0.48382393
0.26162499 -29.34766388 -0.40072888
0.27875233 -29.34766388 -0.29484296
0.29195318 -29.34766388 -0.21101154
0.34199169 -29.34766388 -0.09667584
0.30743441 -29.34766388 0.02700054
0.31963459 -29.34766388 0.12459549
0.35345680 -29.34766388 0.23046163
0.40717033 -29.34766388 0.32372540
0.40735477 -29.34766388 0.38655978
0.49785534 -29.34766388 0.38722733
0.56928492 -29.34766388 0.48943317
0.66308659 -29.34766388 0.50965452
0.76136476 -29.34766388 0.53174174
0.84644657 -29.34766388 0.53778130
0.91926640 -29.34766388 0.55341542
0.99633765 -29.34766388 0.58401585
1.07538044 -29.34766388 0.55663747
1.15333843 -29.34766388 0.59968930
1.26466560 -29.34766388 0.63710827
1.33408368 -29.34766388 0.65691537
2.25675797 -29.34766388 -1.41733372
2.52153206 -29.34766388 -1.41742110
2.65343332 -29.34766388 -0.76134545
2.70386672 -29.34766388 -0.29634205
2.70698333 -29.34766388 0.64527750
