2.59694719 -69.89681244 -0.14316581
2.60872936 -69.89681244 -0.27522576
0.33259174 -69.89681244 -0.80057716
0.25407681 -69.89681244 -0.40220439
0.24834672 -69.89681244 -0.25638068
0.20340464 -69.89681244 0.18094130
0.29402751 -69.89681244 0.59830701
0.24787110 -69.90680695 0.25854626
0.25605127 -69.90680695 0.41284114
0.30414423 -69.90680695 0.69266081
0.30181739 -69.90680695 0.75412130
0.39249137 -69.90680695 0.79853988
2.57174182 -69.90680695 0.13499907
2.57491517 -69.90680695 0.06711515
2.58886695 -69.90680695 -0.04740559
2.60109544 -69.90680695 -0.20931005
2.61570716 -69.90680695 -0.36298847
2.65655136 -69.90680695 -0.47739157
2.68805313 -69.90680695 -0.59800142
2.73275232 -69.90680695 -0.73363328
2.69579720 -69.90680695 -1.02009904
2.62189007 -69.90680695 -1.10636353
2.50723696 -69.90680695 -1.25895023
2.40804958 -69.90680695 -1.36673927
2.34774160 -69.90680695 -1.39075744
2.21746588 -69.90680695 -1.43461347
2.08619714 -69.90680695 -1.43881297
1.96144998 -69.90680695 -1.44127834
1.83813417 -69.90680695 -1.44582522
1.71251285 -69.90680695 -1.44887507
1.60514307 -69.90680695 -1.45989537
1.45531392 -69.90680695 -1.47309184
1.39489245 -69.90680695 -1.47569954
1.25770175 -69.90680695 -1.48113871
1.16924930 -69.90680695 -1.47731721
1.04132748 -69.90680695 -1.45206738
0.91852933 -69.90680695 -1.43132389
0.79974490 -69.90680695 -1.41370785
0.68184143 -69.90680695 -1.38620937
0.55407465 -69.90680695 -1.35968506
0.36652052 -69.90680695 -1.23315001
0.35040891 -69.90680695 -1.09692574
0.35959777 -69.90680695 -0.87013620
0.29504666 -69.90680695 -0.69136381
0.30467463 -69.90680695 -0.62132156
0.25123453 -69.90680695 -0.47174922
0.25328961 -69.90680695 -0.32377636
0.23202071 -69.90680695 -0.15763891
0.19545788 -69.90680695 -0.04366710
0.17222694 -69.90680695 0.10519274
2.54201150 -69.90680695 0.20494418
2.75855589 -69.90680695 -0.91042060
0.42502505 -69.90680695 -1.30563772
0.35423529 -69.90680695 -0.96794093
0.16132551 -69.90680695 0.01697388
0.28671053 -69.90680695 0.52842104
2.47316265 -69.90680695 0.36313823
2.51183224 -69.90680695 0.27516782
0.55460477 -69.90680695 0.87810242
0.65512502 -69.90680695 0.95258170
0.83397120 -69.90680695 1.02448452
0.97071081 -69.90680695 1.01574087
1.12838829 -69.90680695 0.97020203
1.32105231 -69.90680695 0.96167243
1.43847072 -69.90680695 1.01024377
1.65955019 -69.90680695 0.99220985
1.78297615 -69.90680695 1.02795994
1.91599059 -69.90680695 0.92197937
2.12059641 -69.90680695 0.86048079
2.21287680 -69.90680695 0.73616964
2.34879255 -69.90680695 0.64185411
2.37834525 -69.90680695 0.58468711
2.42720938 -69.90680695 0.46064001
