0.58272803 82.44997406 0.54966122
0.35385647 82.44997406 0.51991069
0.51659954 82.44997406 0.55502683
0.27029520 82.44997406 0.50542325
0.04600482 82.44997406 0.38294569
0.00954379 82.44997406 0.23874226
-0.01224319 82.44997406 0.10187929
0.01426801 82.44997406 -0.23314163
-0.01557583 82.44997406 -0.07699964
-0.07832235 82.44997406 -0.28218481
-0.03451119 82.44997406 -0.41636571
-0.04014756 82.44997406 -0.52051264
-0.06907385 82.44997406 -0.71883339
-0.15624702 82.44997406 -0.80476356
-0.18121846 82.44997406 -0.98132610
-0.19753028 82.44997406 -1.10859060
-0.20717376 82.44997406 -1.27691317
-0.10644507 82.44997406 -1.53985667
-0.14872456 82.44997406 -1.45815039
-0.01309381 82.44997406 -1.61626244
0.54532903 82.44997406 -1.61644518
0.75542176 82.44997406 -1.61544371
0.62262976 82.44997406 -1.61890054
0.94759017 82.44997406 -1.59252036
0.82702982 82.44997406 -1.61749017
1.02367878 82.44997406 -1.60622072
1.17207563 82.44997406 -1.61367118
1.09924662 82.44997406 -1.61555398
1.29591715 82.44997406 -1.61733449
1.37795460 82.44997406 -1.61459255
1.54679620 82.44997406 -1.59980655
1.48372591 82.44997406 -1.60124326
1.62013388 82.44997406 -1.60160697
1.71173871 82.44997406 -1.60063541
1.78105307 82.44997406 -1.59773445
1.95081890 82.44997406 -1.55247462
1.85867524 82.44997406 -1.57851052
2.01530123 82.44997406 -1.53665674
2.06269550 82.44997406 -1.47086537
2.07777929 82.44997406 -1.32285523
2.06835938 82.44997406 -1.39657307
2.08781600 82.44997406 -1.25767696
2.08649325 82.44997406 -1.18505943
2.08930039 82.44997406 -1.12301421
2.05858183 82.44997406 -1.01112449
2.10404825 82.44997406 -0.94118798
2.12216067 82.44997406 -0.85241640
2.13408971 82.44997406 -0.75799292
2.10676861 82.44997406 -0.63252252
2.12341475 82.44997406 -0.54152304
2.15193033 82.44997406 -0.41847616
2.17424059 82.44997406 -0.35125405
2.15824747 82.44997406 -0.28509724
2.14441276 82.44997406 -0.13606809
2.12645602 82.44997406 -0.03598110
2.13512111 82.44997406 0.16637668
2.12686467 82.44997406 0.08879818
2.13213801 82.44997406 0.30520442
2.13191891 82.44997406 0.23477721
2.08503032 82.44997406 0.35809177
1.96264529 82.44997406 0.44290829
1.82472098 82.44997406 0.42583334
1.77237058 82.44997406 0.46273157
1.64418578 82.44997406 0.45497227
1.45669901 82.44997406 0.51033920
1.54724932 82.44997406 0.47267485
1.38398111 82.44997406 0.52677900
1.31924403 82.44997406 0.53389132
1.17778051 82.44997406 0.52021009
1.01663435 82.44997406 0.50686389
1.11376715 82.44997406 0.51338106
0.95476097 82.44997406 0.53190708
0.82467717 82.44997406 0.59473640
0.69854814 82.44997406 0.57159972
2.07189703 82.44997406 0.42017227
2.15671611 82.44997406 -0.20395353
0.36554733 82.44997406 -1.60710371
0.03695972 82.44997406 0.45372805
