2.59481001 -41.29741669 -0.16379930
1.41946328 -41.30741119 0.64770639
1.25442719 -41.30741119 0.62207752
1.31807780 -41.30741119 0.64313519
1.15754580 -41.30741119 0.60893863
1.00903368 -41.30741119 0.57660592
0.91992188 -41.30741119 0.55862492
0.72025698 -41.30741119 0.54097295
0.81552762 -41.30741119 0.54108411
0.55519307 -41.30741119 0.46050552
0.63155252 -41.30741119 0.50245196
0.42771789 -41.30741119 0.44370693
0.37335595 -41.30741119 0.39537689
0.24599725 -41.30741119 0.18443465
0.27693528 -41.30741119 0.30050251
0.23490569 -41.30741119 0.11868702
0.20118514 -41.30741119 -0.05042339
0.09732524 -41.30741119 -0.28233412
0.14972359 -41.30741119 -0.18798447
0.07024433 -41.30741119 -0.40558130
0.10217926 -41.30741119 -0.51307762
0.18242592 -41.30741119 -0.61336082
0.22868532 -41.30741119 -0.71115667
0.29448077 -41.30741119 -0.89703035
0.32597187 -41.30741119 -0.99520308
0.28999463 -41.30741119 -1.12594044
0.36259046 -41.30741119 -1.19639683
0.53578758 -41.30741119 -1.43041253
0.70335764 -41.30741119 -1.42617869
0.82782996 -41.30741119 -1.42270410
0.95598376 -41.30741119 -1.42477608
1.07909179 -41.30741119 -1.40997791
1.14613521 -41.30741119 -1.43594778
1.26996183 -41.30741119 -1.43632889
1.33195496 -41.30741119 -1.43396676
1.45823836 -41.30741119 -1.43349516
1.51996553 -41.30741119 -1.42708373
1.64103687 -41.30741119 -1.41625953
1.75797117 -41.30741119 -1.41430700
1.88699734 -41.30741119 -1.41171825
2.01030779 -41.30741119 -1.40756440
2.07559180 -41.30741119 -1.40416050
2.28768373 -41.30741119 -1.39375508
2.39481974 -41.30741119 -1.32883823
2.47081089 -41.30741119 -1.27536881
2.47178745 -41.30741119 -1.21293068
2.50435758 -41.30741119 -1.09698188
2.53290534 -41.30741119 -0.97725976
2.56211662 -41.30741119 -0.86596012
2.57369184 -41.30741119 -0.74894118
2.54994583 -41.30741119 -0.64461029
2.58456206 -41.30741119 -0.52046132
2.59450459 -41.30741119 -0.39772320
2.57340026 -41.30741119 -0.22268716
2.57521486 -41.30741119 -0.01507156
2.58120561 -41.30741119 0.22672197
2.58688712 -41.30741119 0.04412536
2.54396963 -41.30741119 0.36342677
2.43157911 -41.30741119 0.44069290
2.28652859 -41.30741119 0.51371652
2.07437801 -41.30741119 0.54254705
2.18671393 -41.30741119 0.53451699
1.86260927 -41.30741119 0.57449430
1.95050049 -41.30741119 0.58011502
1.68715894 -41.30741119 0.63171488
1.75434732 -41.30741119 0.60648394
1.55414522 -41.30741119 0.63982683
1.48908782 -41.30741119 0.64972627
0.37558103 -41.30741119 -1.39272094
