2.56838036 19.54129791 -0.34057751
0.61495441 19.54129791 0.42096058
0.75259179 19.54129791 0.47025821
0.95555598 19.53130341 0.63023603
1.08239806 19.53130341 0.64835769
1.20661736 19.53130341 0.69783813
1.39835370 19.53130341 0.71677947
1.55515218 19.53130341 0.70629025
1.75833678 19.53130341 0.68881792
1.84614837 19.53130341 0.67353320
1.99881434 19.53130341 0.61756319
2.11651111 19.53130341 0.51927763
2.16333723 19.53130341 0.43563434
2.22967243 19.53130341 0.32510561
2.32862329 19.53130341 0.20201601
2.39348650 19.53130341 0.11126170
2.43625903 19.53130341 0.02052350
2.47215152 19.53130341 -0.03009051
2.52840328 19.53130341 -0.19043006
2.55125833 19.53130341 -0.27249402
2.56958699 19.53130341 -0.41365489
2.59167504 19.53130341 -0.52588081
2.64001298 19.53130341 -0.65293002
2.65700769 19.53130341 -0.73232448
2.70929337 19.53130341 -0.81069911
2.72145939 19.53130341 -0.89134479
2.65416384 19.53130341 -0.97468621
2.62436676 19.53130341 -1.02768695
2.51313901 19.53130341 -1.10765231
2.49153495 19.53130341 -1.17939198
2.48767090 19.53130341 -1.28615904
2.39319062 19.53130341 -1.33316708
2.28535032 19.53130341 -1.36925411
2.21449471 19.53130341 -1.36712897
2.13054538 19.53130341 -1.36530650
2.02407908 19.53130341 -1.37421036
1.92774999 19.53130341 -1.38638270
1.83589089 19.53130341 -1.39298904
1.75658381 19.53130341 -1.39613926
1.68796110 19.53130341 -1.39566386
1.61491692 19.53130341 -1.38789880
1.54831767 19.53130341 -1.37075984
1.45844436 19.53130341 -1.38132882
1.38544822 19.53130341 -1.38325453
1.28182542 19.53130341 -1.38320100
1.20979726 19.53130341 -1.38482988
1.13893068 19.53130341 -1.38232231
1.07829559 19.53130341 -1.37076259
0.97986275 19.53130341 -1.38204968
0.89521760 19.53130341 -1.38199973
0.79921997 19.53130341 -1.37851381
0.68826985 19.53130341 -1.37953484
0.61373383 19.53130341 -1.38030922
0.54453605 19.53130341 -1.38226318
0.46243936 19.53130341 -1.37653971
0.39393285 19.53130341 -1.36913252
0.28904265 19.53130341 -1.36349475
0.20776077 19.53130341 -1.34906852
0.22238003 19.53130341 -1.27039504
0.26350081 19.53130341 -1.19161034
0.27848008 19.53130341 -1.12458825
0.30559185 19.53130341 -1.05960393
0.27916372 19.53130341 -0.96496129
0.26945913 19.53130341 -0.87978369
0.29283708 19.53130341 -0.73512185
0.30577299 19.53130341 -0.66018760
0.29636806 19.53130341 -0.58071661
0.26710275 19.53130341 -0.50034058
0.28897700 19.53130341 -0.44271272
0.32122561 19.53130341 -0.36841759
0.33057439 19.53130341 -0.19575733
0.36388460 19.53130341 -0.14303800
0.38038844 19.53130341 -0.03282221
0.39517608 19.53130341 0.06404046
0.43513772 19.53130341 0.12656900
0.43323025 19.53130341 0.21721804
0.47499493 19.53130341 0.26945403
0.56316608 19.53130341 0.38743645
0.69862157 19.53130341 0.42441976
0.84479219 19.53130341 0.52409190
0.88257724 19.53130341 0.58590448
1.28446937 19.53130341 0.73197567
1.65535080 19.53130341 0.70557278
0.33368719 19.53130341 -0.77987027
0.34110811 19.53130341 -0.28893605
0.45842218 19.53130341 0.36317912
