0.87115693 3.94162750 -0.97945184
0.49946442 3.94162750 0.24113497
0.37750265 3.94162750 0.12858425
0.25477788 3.94162750 0.01711811
0.14097384 3.94162750 -0.12451088
0.15630975 3.94162750 -0.34578785
0.31353870 3.94162750 -0.72682947
2.50947785 3.94162750 -1.07025516
2.79078269 3.94162750 -0.12270791
1.21457779 3.94162750 0.56021929
1.32249236 3.94162750 0.56436044
0.90018964 3.93163300 0.54608595
0.79861438 3.93163300 0.49972349
0.69194216 3.93163300 0.44348231
0.61910713 3.93163300 0.36265245
0.44464505 3.93163300 0.18500464
0.32913312 3.93163300 0.08437213
0.21938901 3.93163300 -0.03706270
0.17954946 3.93163300 -0.41565648
0.17265293 3.93163300 -0.47727108
0.31783381 3.93163300 -0.80768979
0.29757479 3.93163300 -0.91632456
0.29979041 3.93163300 -0.98802221
0.94506198 3.93163300 -0.98511255
2.77456355 3.93163300 -1.02229905
2.75575972 3.93163300 -0.84765857
2.75822377 3.93163300 -0.60504389
2.81301451 3.93163300 -0.28846928
2.79822111 3.93163300 -0.18779550
2.77479005 3.93163300 -0.05131724
2.75415587 3.93163300 0.01431737
2.73626471 3.93163300 0.16079077
2.73717618 3.93163300 0.28148150
0.55858332 3.93163300 0.30008793
0.11739918 3.93163300 -0.18408297
0.27404082 3.93163300 -0.56771719
2.80837655 3.93163300 -1.08838606
2.75570607 3.93163300 -0.70706207
2.79620194 3.93163300 -0.40221253
1.86916399 3.93163300 0.58329332
2.74478102 3.93163300 0.38672087
2.74257851 3.93163300 0.49682671
2.70612502 3.93163300 0.59867734
2.63027024 3.93163300 0.66278881
2.47021651 3.93163300 0.65542406
2.30858874 3.93163300 0.60951704
2.20545983 3.93163300 0.59619832
