-0.01503402 -21.01784515 0.03422657
-0.18723437 -21.01784515 -0.53094238
-0.28499845 -21.01784515 -1.13031709
0.81915838 -21.01784515 -1.40983808
1.12654102 -21.02783966 -1.42009938
0.93733388 -21.02783966 -1.41353154
0.75570297 -21.02783966 -1.40799415
0.66854703 -21.02783966 -1.40520036
0.57059950 -21.02783966 -1.40137398
0.41970408 -21.02783966 -1.43205845
0.29294086 -21.02783966 -1.43567455
0.15238915 -21.02783966 -1.43537271
0.01132244 -21.02783966 -1.42930603
-0.11617540 -21.02783966 -1.38396943
-0.18281680 -21.02783966 -1.31221390
-0.27388158 -21.02783966 -1.19629097
-0.29560107 -21.02783966 -1.03645003
-0.31591678 -21.02783966 -0.89502591
-0.26691645 -21.02783966 -0.73916280
-0.22537032 -21.02783966 -0.59627599
-0.12464481 -21.02783966 -0.41402027
-0.13883688 -21.02783966 -0.34559023
-0.05102784 -21.02783966 -0.20148598
-0.03600186 -21.02783966 -0.05805463
-0.00136508 -21.02783966 0.12423989
0.01383639 -21.02783966 0.22962572
0.04356797 -21.02783966 0.32117778
0.10127433 -21.02783966 0.51498979
0.23753552 -21.02783966 0.54503882
0.33239964 -21.02783966 0.56649566
0.42158830 -21.02783966 0.61352336
0.55648082 -21.02783966 0.55032599
0.76995790 -21.02783966 0.70196170
0.07599393 -21.02783966 0.41549829
-0.12015294 -21.02783966 -0.28685173
1.22591126 -21.02783966 -1.43228555
0.65068656 -21.02783966 0.69752634
1.35448527 -21.02783966 -1.44137776
1.49328303 -21.02783966 -1.43726242
1.62949932 -21.02783966 -1.45075941
1.76695144 -21.02783966 -1.46007133
1.93090737 -21.02783966 -1.45110404
2.14665961 -21.02783966 -1.47812128
2.32172084 -21.02783966 -1.42195404
2.40175223 -21.02783966 -1.39206803
2.41423011 -21.02783966 -1.29216170
2.44550419 -21.02783966 -1.13577783
2.43981481 -21.02783966 -0.97013247
2.38321304 -21.02783966 -0.79555005
2.41009951 -21.02783966 -0.65654606
2.41503906 -21.02783966 -0.53867668
2.42902327 -21.02783966 -0.38161811
2.39663005 -21.02783966 -0.28160158
2.36862016 -21.02783966 -0.14279531
2.31755686 -21.02783966 0.01192798
2.27259755 -21.02783966 0.08372758
2.23514795 -21.02783966 0.32601845
2.15427089 -21.02783966 0.44277331
1.93449700 -21.02783966 0.64237481
2.03116035 -21.02783966 0.58972853
1.74068606 -21.02783966 0.72340876
1.87097168 -21.02783966 0.68120474
1.56824279 -21.02783966 0.71664387
1.49012375 -21.02783966 0.70760781
1.37233531 -21.02783966 0.70327890
1.19097388 -21.02783966 0.72124827
1.02737796 -21.02783966 0.73677760
0.92551559 -21.02783966 0.74221414
