1.63312638 -23.35779572 0.50268942
0.07813239 -23.36779022 -1.44262695
-0.06752978 -23.36779022 -1.38684571
-0.19068894 -23.36779022 -1.11159408
-0.09689843 -23.36779022 -0.86242437
-0.06684009 -23.36779022 -0.71552050
-0.10289148 -23.36779022 -0.60267913
-0.11888234 -23.36779022 -0.50285912
-0.06147309 -23.36779022 -0.37539431
-0.00582804 -23.36779022 -0.26980430
0.03365168 -23.36779022 -0.16833206
0.04276853 -23.36779022 -0.03843389
0.13921911 -23.36779022 0.15361527
0.13703762 -23.36779022 0.33349442
0.17717978 -23.36779022 0.50171751
0.31891724 -23.36779022 0.76493788
0.43481386 -23.36779022 0.78275818
0.56071109 -23.36779022 0.75570112
-0.20417273 -23.36779022 -1.35865629
0.13665985 -23.36779022 0.24319613
0.20352475 -23.36779022 0.62132329
0.90772939 -23.36779022 0.68162680
1.11285818 -23.36779022 0.63933825
1.18117785 -23.36779022 0.62583071
1.29343605 -23.36779022 0.60480964
1.38216591 -23.36779022 0.50157076
1.44329190 -23.36779022 0.49945182
1.56745303 -23.36779022 0.51951766
1.73490727 -23.36779022 0.51824015
1.97344279 -23.36779022 0.45192349
2.26704764 -23.36779022 0.35437557
2.38691139 -23.36779022 0.31489614
2.40070605 -23.36779022 0.22329360
2.43025231 -23.36779022 0.04330274
2.44835258 -23.36779022 -0.06184808
2.46957111 -23.36779022 -0.22424775
2.47267604 -23.36779022 -0.34202087
2.47445965 -23.36779022 -0.41028756
2.43546677 -23.36779022 -0.59501219
2.42152381 -23.36779022 -0.74768800
2.38299894 -23.36779022 -0.89919221
2.41301012 -23.36779022 -1.09366453
2.40577364 -23.36779022 -1.29065049
2.23987746 -23.36779022 -1.42824185
2.12012362 -23.36779022 -1.46396935
1.93539608 -23.36779022 -1.45611179
1.75442326 -23.36779022 -1.45458996
1.64893043 -23.36779022 -1.45161986
1.51339066 -23.36779022 -1.46925199
1.33176315 -23.36779022 -1.46962488
1.20051253 -23.36779022 -1.46008646
1.04507530 -23.36779022 -1.44592011
0.92102587 -23.36779022 -1.44297612
0.80473560 -23.36779022 -1.44227433
0.67790413 -23.36779022 -1.43271625
0.55283993 -23.36779022 -1.43425131
0.38971180 -23.36779022 -1.45522153
0.23889858 -23.36779022 -1.45373499
1.04093695 -23.36779022 0.65362328
-0.25854489 -23.35796928 -1.32958996
