2.64097261 17.20134735 0.41210118
2.38480568 17.20134735 -1.39498174
0.71642929 17.20134735 0.67319113
0.98632103 17.20134735 0.75252241
2.36693311 17.19135284 0.52707726
2.60005307 17.19135284 0.46052423
2.66481161 17.19135284 0.28477478
2.69096518 17.19135284 0.20197837
2.72919345 17.19135284 0.10138036
2.78661036 17.19135284 -0.03901113
2.80606794 17.19135284 -0.13828328
2.82306266 17.19135284 -0.27827668
2.83814859 17.19135284 -0.34264207
2.81557322 17.19135284 -0.41500911
2.83706236 17.19135284 -0.54462260
2.82612371 17.19135284 -0.65005869
2.82032156 17.19135284 -0.76546615
2.79984260 17.19135284 -0.82917821
2.81774259 17.19135284 -0.94243902
2.85015082 17.19135284 -1.11336339
2.82695556 17.19135284 -1.21254170
2.81895185 17.19135284 -1.27633381
2.68608165 17.19135284 -1.37304699
2.62488842 17.19135284 -1.38473403
2.50730753 17.19135284 -1.39553487
2.44733238 17.19135284 -1.39906561
2.27751279 17.19135284 -1.39064372
2.18790960 17.19135284 -1.38747668
2.11547804 17.19135284 -1.39259422
2.00822282 17.19135284 -1.40783763
1.93260241 17.19135284 -1.41401899
1.86247921 17.19135284 -1.40992749
1.76027656 17.19135284 -1.40560484
1.68459952 17.19135284 -1.40021145
1.62174892 17.19135284 -1.39291477
1.55183697 17.19135284 -1.39649761
1.35281181 17.19135284 -1.39872539
1.28087878 17.19135284 -1.39928591
1.20700169 17.19135284 -1.39754808
1.03373301 17.19135284 -1.46922159
0.91872925 17.19135284 -1.47754097
0.76550388 17.19135284 -1.40211105
0.70383495 17.19135284 -1.39369166
0.55916762 17.19135284 -1.38723850
0.40032312 17.19135284 -1.32109714
0.34964436 17.19135284 -1.19283354
0.32534504 17.19135284 -1.12526822
0.33850843 17.19135284 -0.98231596
0.33837429 17.19135284 -0.87765324
0.33575413 17.19135284 -0.72398162
0.34611705 17.19135284 -0.60801697
0.35820094 17.19135284 -0.53583544
0.34938568 17.19135284 -0.47367975
0.33191231 17.19135284 -0.33792990
0.31660175 17.19135284 -0.26092803
0.31180754 17.19135284 -0.17191692
0.30729255 17.19135284 -0.05434656
0.29251644 17.19135284 0.03503000
0.25353611 17.19135284 0.31380233
0.29906967 17.19135284 0.37404302
0.40659049 17.19135284 0.47153270
0.47342998 17.19135284 0.51009762
0.54552168 17.19135284 0.55876988
0.66208893 17.19135284 0.63080305
0.80550599 17.19135284 0.70573366
0.92561895 17.19135284 0.73936534
1.08421159 17.19135284 0.75371641
1.22525442 17.19135284 0.82849723
1.34985435 17.19135284 0.81011087
1.53859627 17.19135284 0.74080747
1.67651093 17.19135284 0.69876260
1.80581796 17.19135284 0.66473722
1.91971385 17.19135284 0.65476990
2.01223564 17.19135284 0.61772871
2.12063146 17.19135284 0.59143686
2.29656839 17.19135284 0.55830514
2.82500672 17.19135284 -0.21080974
2.83971047 17.19135284 -1.00270796
2.78985071 17.19135284 -1.35918534
1.43257523 17.19135284 -1.40237522
0.49539459 17.19135284 -1.38062298
0.24519561 17.19135284 0.17190909
