2.74477768 -33.75757599 -0.84670371
1.79407072 -33.76757050 0.59234035
1.65454710 -33.76757050 0.62931108
1.55340970 -33.76757050 0.61711830
1.33814752 -33.76757050 0.61372542
1.19999206 -33.76757050 0.58862877
1.06846786 -33.76757050 0.53690457
0.94007456 -33.76757050 0.56169939
0.78291965 -33.76757050 0.55434752
0.63103324 -33.76757050 0.38259089
0.53692883 -33.76757050 0.31287122
0.46464190 -33.76757050 0.22128554
0.37240711 -33.76757050 0.12719585
0.24369292 -33.76757050 0.04529399
0.28377497 -33.76757050 -0.09983952
0.31497696 -33.76757050 -0.22660817
0.36141938 -33.76757050 -0.36212292
0.37920836 -33.76757050 -0.49535009
0.36681122 -33.76757050 -0.69653499
0.42037562 -33.76757050 -0.88086301
0.41448236 -33.76757050 -1.02163339
0.38056752 -33.76757050 -1.29805124
0.36708552 -33.76757050 -1.17830074
0.44289160 -33.76757050 -1.42548692
0.56228119 -33.76757050 -1.46160555
0.74358529 -33.76757050 -1.44866133
0.85542858 -33.76757050 -1.45404637
1.02116227 -33.76757050 -1.45792186
0.92002130 -33.76757050 -1.45381331
1.11987615 -33.76757050 -1.45524347
1.20720601 -33.76757050 -1.44969726
1.28086054 -33.76757050 -1.45113277
1.35437477 -33.76757050 -1.45195079
1.42912233 -33.76757050 -1.45317531
1.49432373 -33.76757050 -1.44909012
1.62047994 -33.76757050 -1.44706118
1.90877187 -33.76757050 -1.45255268
1.83882332 -33.76757050 -1.44671655
1.98561490 -33.76757050 -1.44832861
2.06067872 -33.76757050 -1.44612551
2.13427472 -33.76757050 -1.44772959
2.23922086 -33.76757050 -1.46888494
2.33946872 -33.76757050 -1.46446335
2.45210743 -33.76757050 -1.45827937
2.59349918 -33.76757050 -1.44128597
2.67050004 -33.76757050 -1.42732191
2.67241812 -33.76757050 -1.34983420
2.71369195 -33.76757050 -1.19779992
2.72349072 -33.76757050 -1.10906613
2.73614311 -33.76757050 -0.90574396
2.70332313 -33.76757050 -0.74670571
2.66070294 -33.76757050 -0.65537494
2.64867377 -33.76757050 -0.51752132
2.63148236 -33.76757050 -0.44145888
2.60965204 -33.76757050 -0.35603598
2.59500122 -33.76757050 -0.24086565
2.57455325 -33.76757050 -0.13182545
2.55750656 -33.76757050 -0.06897049
2.46803522 -33.76757050 0.05393422
2.38584661 -33.76757050 0.17881954
2.36732197 -33.76757050 0.24598728
2.31469369 -33.76757050 0.37452474
2.18125796 -33.76757050 0.48075321
2.23508239 -33.76757050 0.44351032
2.01142645 -33.76757050 0.51096398
1.89383268 -33.76757050 0.54808027
2.12043905 -33.76757050 0.51839006
