1.29965937 26.82114410 0.52886379
0.16815387 26.82114410 0.36781943
2.22049809 26.82114410 -1.43368399
1.79899311 26.82114410 0.62929207
1.63394606 26.82114410 0.57445186
1.49707091 26.81114960 0.59258652
1.57438791 26.81114960 0.55200535
1.42991209 26.81114960 0.58627242
1.24086130 26.81114960 0.51927555
1.13031089 26.81114960 0.52968109
1.04522204 26.81114960 0.54844505
0.89721686 26.81114960 0.54200739
0.69759864 26.81114960 0.54892856
0.78511620 26.81114960 0.53752875
0.61562538 26.81114960 0.54599524
0.41697645 26.81114960 0.50118500
0.35365832 26.81114960 0.49152747
0.04288714 26.81114960 0.22627285
0.13381277 26.81114960 0.31495482
0.02949859 26.81114960 0.13106091
-0.03771229 26.81114960 0.02873041
-0.00866813 26.81114960 -0.21145464
-0.03523386 26.81114960 -0.08374844
0.01056721 26.81114960 -0.35053858
0.05148568 26.81114960 -0.46931681
0.05605356 26.81114960 -0.66338456
0.06007395 26.81114960 -0.83362883
0.08105893 26.81114960 -1.01883030
0.06309229 26.81114960 -0.90620512
0.09391924 26.81114960 -1.08412790
0.13331704 26.81114960 -1.22182357
0.14006209 26.81114960 -1.35832810
0.36776763 26.81114960 -1.40673494
0.25312236 26.81114960 -1.38900924
0.49142686 26.81114960 -1.40822351
0.58861309 26.81114960 -1.41736317
0.75525057 26.81114960 -1.42688811
0.68404418 26.81114960 -1.42706847
0.83468676 26.81114960 -1.42223477
0.92032808 26.81114960 -1.42202902
1.07963526 26.81114960 -1.43317854
1.14285672 26.81114960 -1.43958175
1.27339804 26.81114960 -1.44361198
1.20296621 26.81114960 -1.44344270
1.33715868 26.81114960 -1.44549286
1.40002739 26.81114960 -1.44519341
1.47659934 26.81114960 -1.43606126
1.66252911 26.81114960 -1.47051764
1.55158663 26.81114960 -1.43460011
1.91990590 26.81114960 -1.48809767
2.04385495 26.81114960 -1.47383058
2.15980387 26.81114960 -1.43616390
2.32509303 26.81114960 -1.40943336
2.39632487 26.81114960 -1.33697069
2.44151163 26.81114960 -1.27220058
2.43544078 26.81114960 -1.20627177
2.38753939 26.81114960 -1.07347441
2.32327199 26.81114960 -0.95051646
2.28388309 26.81114960 -0.81787729
2.31486201 26.81114960 -0.87998825
2.27422667 26.81114960 -0.75397611
2.25599551 26.81114960 -0.56553423
2.22928023 26.81114960 -0.50305319
2.22806931 26.81114960 -0.42554799
2.22653389 26.81114960 -0.28228694
2.20985699 26.81114960 -0.20414005
2.18646502 26.81114960 -0.11285076
2.14966297 26.81114960 0.02700394
2.10067368 26.81114960 0.23746711
2.12727213 26.81114960 0.17456017
2.06630301 26.81114960 0.30386877
2.03956676 26.81114960 0.36079800
1.91984642 26.81114960 0.53499812
1.97120523 26.81114960 0.46164325
1.73821473 26.81114960 0.62420100
0.99010038 26.81114960 -1.41972077
1.79727638 26.81114960 -1.48725045
2.27307796 26.81114960 -0.68423545
1.87474930 26.81114960 0.58368856
