1.68759155 48.91068268 0.58428466
1.58067739 48.91068268 0.59556276
1.45985341 48.91068268 0.60078835
1.38791955 48.91068268 0.62748319
1.28820229 48.91068268 0.62454194
1.21650279 48.91068268 0.61694127
1.13579249 48.91068268 0.61889231
1.05208302 48.91068268 0.64184678
0.87906778 48.91068268 0.62082678
0.98142689 48.91068268 0.64213502
0.75120294 48.91068268 0.61187863
0.55046189 48.91068268 0.55935377
0.62418765 48.91068268 0.58877248
0.49487364 48.91068268 0.51149392
0.44478777 48.91068268 0.47471049
0.35893434 48.91068268 0.34179437
0.35066447 48.91068268 0.28041807
0.39082047 48.91068268 0.06157464
0.36125261 48.91068268 0.15718770
0.38114160 48.91068268 -0.04950175
0.41769883 48.91068268 -0.14217070
0.33852300 48.91068268 -0.23395149
0.33051240 48.91068268 -0.49176228
0.33333477 48.91068268 -0.40872535
0.32636756 48.91068268 -0.61546481
0.38075039 48.91068268 -0.68614501
0.31911170 48.91068268 -0.88121551
0.31356290 48.91068268 -1.00294256
0.31129608 48.91068268 -1.17795539
0.36590302 48.91068268 -1.41645706
0.30292630 48.91068268 -1.33204854
0.42887637 48.91068268 -1.42765963
0.57724589 48.91068268 -1.44474292
0.72500616 48.91068268 -1.45063365
0.86727697 48.91068268 -1.44877982
0.98991978 48.91068268 -1.45397413
1.10112309 48.91068268 -1.47249520
1.20989430 48.91068268 -1.48138225
1.34009528 48.91068268 -1.48175609
1.42910922 48.91068268 -1.47477925
1.62331414 48.91068268 -1.48157740
1.75565839 48.91068268 -1.48899376
1.86969674 48.91068268 -1.47876334
1.98620260 48.91068268 -1.46987057
2.12700534 48.91068268 -1.49525189
2.28834081 48.91068268 -1.52663565
2.48516059 48.91068268 -1.54720652
2.35797238 48.91068268 -1.54206049
2.66955924 48.91068268 -1.53316140
2.80897188 48.91068268 -1.46636176
2.80896664 48.91068268 -1.26256287
2.89345169 48.91068268 -1.01141870
2.83259583 48.91068268 -1.17585218
2.92380595 48.91068268 -0.94296330
2.91814184 48.91068268 -0.82821012
2.94212008 48.91068268 -0.60240477
2.92753291 48.91068268 -0.73884577
2.90917683 48.91068268 -0.51447099
2.88411832 48.91068268 -0.43486831
2.89269733 48.91068268 -0.23958059
2.87439275 48.91068268 -0.35532963
2.88224292 48.91068268 -0.14647350
2.83064294 48.91068268 -0.00564084
2.85495687 48.91068268 0.09387060
2.77482605 48.91068268 0.23315945
2.73093629 48.91068268 0.32339281
2.67866302 48.91068268 0.38312942
2.61376166 48.91068268 0.44190112
2.53303790 48.91068268 0.54003614
2.33179283 48.91068268 0.56418389
2.43091774 48.91068268 0.57457775
2.15295839 48.91068268 0.54820383
2.25859666 48.91068268 0.55932313
1.97898161 48.91068268 0.57244813
2.03919053 48.91068268 0.56927162
1.86276019 48.91068268 0.59658927
1.77308881 48.91068268 0.60864258
