0.57370365 35.66095734 0.78539908
0.17375480 35.66095734 0.74183345
-0.15450962 35.66095734 0.51752275
-0.25781459 35.66095734 0.19519189
-0.24921094 35.66095734 -0.02809448
-0.23197390 35.66095734 -0.44138262
-0.20078649 35.66095734 -0.85834110
1.53808832 35.66095734 -1.47635996
1.99835026 35.66095734 -1.46958852
1.23896074 35.65096283 0.82983738
1.07375348 35.65096283 0.82946986
0.96590781 35.65096283 0.83059257
0.77412093 35.65096283 0.78740603
0.37112507 35.65096283 0.78437293
0.25747520 35.65096283 0.80061585
0.12247900 35.65096283 0.70788556
-0.26970008 35.65096283 0.42227411
-0.25859359 35.65096283 0.11918149
-0.24850440 35.65096283 -0.08803637
-0.23698534 35.65096283 -0.52923030
-0.19033916 35.65096283 -0.62321723
-0.22194931 35.65096283 -0.92470992
-0.18832068 35.65096283 -1.12948692
-0.20314142 35.65096283 -1.29487288
-0.19675994 35.65096283 -1.39619470
-0.05125948 35.65096283 -1.42459369
0.26154706 35.65096283 -1.43715417
0.48541561 35.65096283 -1.44670022
0.64807761 35.65096283 -1.46153736
0.78624624 35.65096283 -1.46731400
0.98757160 35.65096283 -1.47442591
1.09235871 35.65096283 -1.47015357
1.16333175 35.65096283 -1.47682667
1.40718293 35.65096283 -1.47334337
1.60089648 35.65096283 -1.48675716
1.66448617 35.65096283 -1.49024117
1.77811432 35.65096283 -1.47567368
-0.14987236 35.65096283 -0.74692190
0.89232016 35.65096283 -1.48463571
1.23380351 35.65096283 -1.47796917
1.34325981 35.65096283 -1.47135508
1.47179055 35.65096283 -1.47287345
1.93525732 35.65096283 -1.46883237
1.34898233 35.65096283 0.80611265
2.09942842 35.65096283 -1.49108934
2.19287205 35.65096283 -1.47369754
2.28996444 35.65096283 -1.44289279
2.30649400 35.65096283 -1.34912550
2.35583806 35.65096283 -1.23280334
2.40298986 35.65096283 -1.14305103
2.46053958 35.65096283 -0.97695905
2.54238343 35.65096283 -0.89691758
2.56926894 35.65096283 -0.81363851
2.60722852 35.65096283 -0.70552427
2.62272215 35.65096283 -0.59927458
2.65101600 35.65096283 -0.49740100
2.65124106 35.65096283 -0.37711090
2.67092276 35.65096283 -0.24741328
2.67061448 35.65096283 -0.11094057
2.66321850 35.65096283 0.18564112
2.66040039 35.65096283 0.07840025
2.60902452 35.65096283 0.22816624
2.44417953 35.65096283 0.31483743
2.24762511 35.65096283 0.47261345
2.35346794 35.65096283 0.35590011
1.96036386 35.65096283 0.73566973
1.60773730 35.65096283 0.72350538
1.83862305 35.65472031 -1.46875000
