1.14520180 64.77034760 0.68513614
1.08419359 64.77034760 0.69102800
0.94335824 64.77034760 0.69706458
1.02189302 64.77034760 0.69946760
0.87735248 64.77034760 0.68174869
0.65550786 64.77034760 0.65037197
0.74005592 64.77034760 0.65351421
0.56168431 64.77034760 0.61104268
0.44602755 64.77034760 0.58699185
0.32555974 64.77034760 0.55323905
0.19745243 64.77034760 0.53083700
0.09704275 64.77034760 0.48203391
0.00871088 64.77034760 0.40201151
-0.12843840 64.77034760 0.31936023
-0.16625963 64.77034760 0.20078139
-0.15498306 64.77034760 0.06415683
-0.11521915 64.77034760 -0.08267189
-0.13472106 64.77034760 -0.18415447
-0.05528574 64.77034760 -0.35863158
-0.06787644 64.77034760 -0.46031499
-0.05140702 64.77034760 -0.63699234
-0.07157205 64.77034760 -0.52192014
-0.04075974 64.77034760 -0.79587960
-0.07332236 64.77034760 -0.89484835
-0.06855757 64.77034760 -1.00696516
-0.02047558 64.77034760 -1.13911295
-0.01179302 64.77034760 -1.26322186
0.11863897 64.77034760 -1.46799600
-0.00385293 64.77034760 -1.45078719
0.29796302 64.77034760 -1.60442185
0.45364225 64.77034760 -1.59181952
0.57058483 64.77034760 -1.58485556
0.72057080 64.77034760 -1.50044429
0.85158587 64.77034760 -1.49577844
1.00208461 64.77034760 -1.50343728
1.07271957 64.77034760 -1.50246644
1.26681101 64.77034760 -1.50426900
1.35801816 64.77034760 -1.50067854
1.58232152 64.77034760 -1.51935148
1.42873156 64.77034760 -1.50134993
1.71330929 64.77034760 -1.50422382
1.81467235 64.77034760 -1.49266160
1.94984686 64.77034760 -1.47047698
2.06061506 64.77034760 -1.44077587
2.12588096 64.77034760 -1.38993824
2.14509606 64.77034760 -1.15400624
2.15659261 64.77034760 -1.05859828
2.13330102 64.77034760 -0.92413193
2.13866830 64.77034760 -0.82905239
2.15649557 64.77034760 -0.69853258
2.15949965 64.77034760 -0.56726933
2.19589019 64.77034760 -0.36192954
2.18356466 64.77034760 -0.47293279
2.17622161 64.77034760 -0.25396270
2.16718912 64.77034760 -0.18596070
2.02826071 64.77034760 0.19654821
2.05598140 64.77034760 0.13839939
1.99926376 64.77034760 0.30420718
1.97958481 64.77034760 0.36148769
1.87900209 64.77034760 0.48073262
1.93732965 64.77034760 0.42086515
1.81188130 64.77034760 0.53901982
1.77637780 64.77034760 0.58983928
1.68286705 64.77034760 0.64589953
1.60176575 64.77034760 0.66665107
1.44194829 64.77034760 0.66028178
1.51340187 64.77034760 0.67437500
1.21102560 64.77034760 0.68651938
1.33568037 64.77034760 0.68585819
2.12599778 64.77034760 -0.04658265
2.13580775 64.77034760 -1.29436183
1.13559568 64.77034760 -1.50451899
