0.12429100 -59.24703217 -0.91336149
0.19074361 -59.24703217 -1.01164544
0.19686869 -59.24703217 -1.08039260
0.28553286 -59.24703217 -1.26818812
0.32678357 -59.24703217 -1.32687664
0.39472103 -59.24703217 -1.37792969
0.51707494 -59.24703217 -1.38785875
0.64094031 -59.24703217 -1.41669023
0.76336968 -59.24703217 -1.43199062
0.88951957 -59.24703217 -1.43517447
1.00430262 -59.24703217 -1.43777895
1.19599426 -59.24703217 -1.46951318
1.29218805 -59.24703217 -1.47890317
1.44803441 -59.24703217 -1.47813225
1.54970038 -59.24703217 -1.46907139
1.65168345 -59.24703217 -1.44469774
1.80350935 -59.24703217 -1.44544613
1.95090055 -59.24703217 -1.44419801
2.09679580 -59.24703217 -1.43369961
2.25721622 -59.24703217 -1.43308353
2.44123173 -59.24703217 -1.40617335
2.57251072 -59.24703217 -1.39990532
1.05594587 -59.24703217 0.54574794
0.95669127 -59.24703217 0.52701348
0.88936764 -59.24703217 0.50734174
0.73365057 -59.24703217 0.49677840
0.82801008 -59.24703217 0.50579959
0.60523742 -59.24703217 0.50398779
0.47000700 -59.24703217 0.52008605
0.43225950 -59.24703217 0.43058634
0.35767987 -59.24703217 0.29337186
0.32526219 -59.24703217 0.21323377
0.29089659 -59.24703217 0.12528564
0.24174173 -59.24703217 0.04987358
0.19228813 -59.24703217 -0.04736426
0.15406972 -59.24703217 -0.13997661
0.06947974 -59.24703217 -0.24318995
0.01756591 -59.24703217 -0.42782319
0.05175982 -59.24703217 -0.34564248
0.03322065 -59.24703217 -0.57611811
0.06042264 -59.24703217 -0.67306054
0.09507550 -59.24703217 -0.79553837
2.58590102 -59.24703217 -1.30811512
2.44111037 -59.24703217 -1.03870583
2.42933130 -59.24703217 -0.87594432
2.39373779 -59.24703217 -0.72632372
2.38311982 -59.24703217 -0.60412157
2.32991338 -59.24703217 -0.47616592
2.32500672 -59.24703217 -0.37152985
2.33037424 -59.24703217 -0.22393373
2.33517027 -59.24703217 -0.15309171
2.33365393 -59.24703217 -0.08428615
2.30140066 -59.24703217 -0.00350243
2.26473784 -59.24703217 0.10494488
2.22165346 -59.24703217 0.17061600
2.15281177 -59.24703217 0.29615250
2.10249734 -59.24703217 0.40451357
2.02959371 -59.24703217 0.48727605
1.94850564 -59.24703217 0.51207352
1.75592721 -59.24703217 0.51613587
1.82048714 -59.24703217 0.51709211
1.68039918 -59.24703217 0.55177557
1.59756839 -59.24703217 0.54463369
1.46219492 -59.24703217 0.64971036
1.39354920 -59.24703217 0.57065487
1.33270669 -59.24703217 0.56516629
1.24954093 -59.24703217 0.55312073
1.17924500 -59.24703217 0.55152977
1.52933300 -59.24703217 0.55304563
