0.19298166 -9.83808136 -1.03481829
0.08880117 -9.83808136 -0.70474935
0.10003696 -9.83808136 -0.53092730
0.30875283 -9.83808136 -0.15789932
0.47602192 -9.83808136 0.15868796
0.96812761 -9.83808136 0.43096367
1.18743193 -9.83808136 0.49323207
1.35943127 -9.84807587 0.47990638
1.07124424 -9.84807587 0.47331583
0.89917332 -9.84807587 0.40520087
0.67473650 -9.84807587 0.29970065
0.56665242 -9.84807587 0.24116895
0.41567564 -9.84807587 0.08579946
0.35339823 -9.84807587 -0.08325543
0.24652581 -9.84807587 -0.20924948
0.15468551 -9.84807587 -0.35927966
0.11790375 -9.84807587 -0.43392122
0.08776996 -9.84807587 -0.60469705
0.14018922 -9.84807587 -0.90297484
0.16936114 -9.84807587 -1.10357022
0.25943765 -9.84807587 -1.28059399
0.36186796 -9.84807587 -1.32079828
0.48381278 -9.84807587 -1.34650493
0.59110135 -9.84807587 -1.37115300
0.69583333 -9.84807587 -1.38285673
0.79201847 -9.84807587 -1.38626492
0.87204516 -9.84807587 -1.39520073
0.94504529 -9.84807587 -1.40344632
1.01916575 -9.84807587 -1.39631331
1.10587192 -9.84807587 -1.39113522
1.17119455 -9.84807587 -1.40191710
1.29979467 -9.84807587 -1.40669560
1.36728203 -9.84807587 -1.40996873
1.46620107 -9.84807587 -1.40588450
1.59968328 -9.84807587 -1.41224873
1.66822112 -9.84807587 -1.41279936
1.76686776 -9.84807587 -1.41743767
1.95905685 -9.84807587 -1.40847814
2.08050013 -9.84807587 -1.40606630
2.19938016 -9.84807587 -1.38236237
2.31669664 -9.84807587 -1.33976257
2.40778780 -9.84807587 -1.29245269
2.46368647 -9.84807587 -1.11088073
2.41587734 -9.84807587 -0.95470887
2.44858742 -9.84807587 -0.60046697
2.04146457 -9.84807587 0.30744061
1.92480159 -9.84807587 0.33032089
1.74757397 -9.84807587 0.40997100
1.63100028 -9.84807587 0.47330332
1.41887343 -9.84807587 0.46555263
1.26391423 -9.84807587 0.50344652
2.15882850 -9.84807587 0.25303492
2.22602487 -9.84807587 0.23890682
2.43565011 -9.84807587 -0.46224079
2.45708823 -9.84807587 -0.40224347
2.45545197 -9.84807587 -0.67592543
1.86181140 -9.84807587 -1.41202450
0.20134248 -9.84807587 -1.23439467
0.11278622 -9.84807587 -0.78014612
0.76984358 -9.84807587 0.36627355
2.28173018 -9.84807587 0.20691609
2.33124828 -9.84807587 0.09502998
2.41711402 -9.84807587 -0.04709023
2.44847989 -9.84807587 -0.13682888
2.44794440 -9.84807587 -0.23450987
2.48049092 -9.84807587 -0.33802208
2.42871094 -9.84368896 -0.80444342
