0.64860880 28.38111115 -1.41701782
0.26620343 28.38111115 -0.93554795
0.31490701 28.38111115 -0.01726437
0.73281991 28.38111115 0.55995673
1.13110745 28.38111115 0.64956450
1.36609888 28.38111115 0.68333459
1.66696179 28.38111115 0.77927679
0.27528355 28.37111664 -0.15014097
0.30980501 28.37111664 -0.07826655
0.22955532 28.37111664 -0.25351998
0.22882701 28.37111664 -0.44898620
0.25302693 28.37111664 -0.55407673
0.23914053 28.37111664 -0.71044964
0.27157393 28.37111664 -0.61631137
0.25936407 28.37111664 -0.76861310
0.25854239 28.37111664 -1.00409269
0.25910431 28.37111664 -1.13799083
0.26147500 28.37111664 -1.07278347
0.26274320 28.37111664 -1.21087098
0.33082300 28.37111664 -1.35713005
0.25806746 28.37111664 -1.33747125
0.50314826 28.37111664 -1.40631354
0.43720815 28.37111664 -1.39026546
0.58882111 28.37111664 -1.41294587
0.72906595 28.37111664 -1.42174304
0.85732985 28.37111664 -1.41932952
0.97885686 28.37111664 -1.41331601
1.05538023 28.37111664 -1.41029727
1.17503643 28.37111664 -1.42309594
1.24318767 28.37111664 -1.42446184
1.34430015 28.37111664 -1.42371511
1.42691314 28.37111664 -1.42366862
1.50124002 28.37111664 -1.43113768
1.60375082 28.37111664 -1.44585991
1.69164062 28.37111664 -1.45129788
1.77426827 28.37111664 -1.45241535
1.86819685 28.37111664 -1.44724464
2.03502226 28.37111664 -1.43129611
2.13323855 28.37111664 -1.41149771
2.25395823 28.37111664 -1.40207481
2.38169694 28.37111664 -1.38378966
2.45301986 28.37111664 -1.27056134
2.44859552 28.37111664 -1.14446151
2.44624591 28.37111664 -1.04761648
2.47813058 28.37111664 -0.90415955
2.48074508 28.37111664 -0.77943826
2.44183803 28.37111664 -0.68731600
2.40955400 28.37111664 -0.52658594
2.43989563 28.37111664 -0.44738322
2.42985082 28.37111664 -0.35536808
2.47601938 28.37111664 -0.24845125
2.47924805 28.37111664 -0.15059121
2.47840977 28.37111664 -0.08276300
2.44703794 28.37111664 -0.00732383
2.39094234 28.37111664 0.11555380
2.35108757 28.37111664 0.20306338
2.31568956 28.37111664 0.29747728
2.26663256 28.37111664 0.40730086
2.22675729 28.37111664 0.47157052
2.11458135 28.37111664 0.55333835
2.06623697 28.37111664 0.61224973
1.93225837 28.37111664 0.66760904
1.84947860 28.37111664 0.71899754
1.77576363 28.37111664 0.73206764
1.58125997 28.37111664 0.79249692
1.46112359 28.37111664 0.71649092
1.30647361 28.37111664 0.65141016
1.22806609 28.37111664 0.62329215
1.06602991 28.37111664 0.65565944
0.96591395 28.37111664 0.57285619
0.86801320 28.37111664 0.59287679
0.81249952 28.37111664 0.56397128
0.65875363 28.37111664 0.54684603
0.47920313 28.37111664 0.48572603
0.43271536 28.37111664 0.44741163
0.40024215 28.37111664 0.29309651
0.35576087 28.37111664 0.22712900
0.34224287 28.37111664 0.15274389
0.34595096 28.37111664 0.05680189
2.49142623 28.37111664 -0.84036219
2.45430446 28.37111664 -1.35896766
1.96340430 28.37111664 -1.44446671
0.19969080 28.37111664 -0.34194505
0.43746454 28.37111664 0.35952613
