2.36223769 -35.31754303 0.56746852
2.72791576 -35.31754303 -0.30569199
0.09407403 -35.31754303 -0.91884178
1.14689636 -35.31754303 0.81887227
0.11502303 -35.32753754 -0.36702424
0.09348022 -35.32753754 -0.51077110
0.08575743 -35.32753754 -0.60115802
0.08630189 -35.32753754 -0.70041722
0.08565234 -35.32753754 -0.80444050
0.09882275 -35.32753754 -0.97995740
0.18066458 -35.32753754 -1.22719920
0.18105695 -35.32753754 -1.28821230
0.22148572 -35.32753754 -1.45791161
0.38811854 -35.32753754 -1.46628428
0.31908551 -35.32753754 -1.46749699
0.48279172 -35.32753754 -1.47325456
0.62506485 -35.32753754 -1.46918571
0.74445146 -35.32753754 -1.46684527
0.84810919 -35.32753754 -1.46979284
0.98018610 -35.32753754 -1.47975361
1.05742979 -35.32753754 -1.48328829
1.17135239 -35.32753754 -1.46195567
1.33892417 -35.32753754 -1.47558892
1.42986572 -35.32753754 -1.47241008
1.52123249 -35.32753754 -1.47256196
1.58225107 -35.32753754 -1.46809697
1.70417905 -35.32753754 -1.45076597
1.79544687 -35.32753754 -1.44750416
1.89276934 -35.32753754 -1.45031655
2.00299907 -35.32753754 -1.44885767
2.12698436 -35.32753754 -1.44140399
2.27612901 -35.32753754 -1.43448496
2.38972640 -35.32753754 -1.39409435
2.44729447 -35.32753754 -1.36172569
2.50516701 -35.32753754 -1.23522234
2.59256625 -35.32753754 -1.13489509
2.64290214 -35.32753754 -1.03247285
2.64169288 -35.32753754 -0.85478085
2.63843417 -35.32753754 -0.71576196
2.69635582 -35.32753754 -0.56387830
2.71025681 -35.32753754 -0.49900469
2.73727560 -35.32753754 -0.39652559
2.67622781 -35.32753754 -0.16599306
2.66215634 -35.32753754 -0.08910083
2.60991693 -35.32753754 0.06939791
2.53107095 -35.32753754 0.20530634
2.50364995 -35.32753754 0.28619584
2.32321334 -35.32753754 0.64917183
2.10786414 -35.32753754 0.75405663
1.89643335 -35.32753754 0.82550669
1.82721663 -35.32753754 0.83863127
1.66076612 -35.32753754 0.85631937
1.52230787 -35.32753754 0.86355329
1.30982709 -35.32753754 0.87569201
1.23308671 -35.32753754 0.85463142
1.07596517 -35.32753754 0.79244405
0.89500564 -35.32753754 0.74277252
0.73862976 -35.32753754 0.68157566
0.70440066 -35.32753754 0.63014591
0.58486885 -35.32753754 0.51426542
0.63966954 -35.32753754 0.54010767
0.41017288 -35.32753754 0.41680741
0.33229157 -35.32753754 0.38413921
0.23697986 -35.32753754 0.28062055
0.20563222 -35.32753754 0.11370138
0.20510130 -35.32753754 0.18974501
0.18411092 -35.32753754 -0.03194772
0.14092651 -35.32753754 -0.16278255
0.16153033 -35.32753754 -0.10305749
0.13083574 -35.32753754 -0.24585786
2.20651007 -35.32753754 0.72524714
2.66377306 -35.32753754 -0.92658257
1.25971782 -35.32753754 -1.47075057
0.21157148 -35.32753754 -1.39346886
0.13282998 -35.32753754 -1.10359514
0.49793974 -35.32753754 0.45632720
