0.13975823 -8.01811981 -0.90436363
0.16676143 -8.01811981 -1.03455746
0.15091972 -8.01811981 -1.21026731
0.37611347 -8.01811981 -1.36344254
0.51063037 -8.01811981 -1.35975647
2.30229759 -8.01811981 -1.27260911
0.22586550 -8.02811432 -0.29606381
0.19834042 -8.02811432 -0.39380184
0.16960660 -8.02811432 -0.49541733
0.21746494 -8.02811432 -0.57903904
0.10303849 -8.02811432 -0.73126847
0.12450452 -8.02811432 -0.83810651
0.15594941 -8.02811432 -0.96938145
0.17613646 -8.02811432 -1.10601306
0.12623240 -8.02811432 -1.32710445
0.26840401 -8.02811432 -1.36831367
0.43670288 -8.02811432 -1.36002290
0.57548124 -8.02811432 -1.36010766
0.69769335 -8.02811432 -1.38167107
0.91491067 -8.02811432 -1.40007138
0.32276258 -8.02811432 -0.18437946
0.80577087 -8.02811432 -1.39670730
1.08699965 -8.02811432 -1.40156949
1.05917883 -8.02811432 0.42559326
0.96549982 -8.02811432 0.39552334
0.82902837 -8.02811432 0.41823336
0.89425719 -8.02811432 0.40133306
0.68796653 -8.02811432 0.35534400
0.77145886 -8.02811432 0.39332065
0.62753993 -8.02811432 0.32900795
0.54927593 -8.02811432 0.27578598
0.49066341 -8.02811432 0.22264335
0.35282564 -8.02811432 0.15927102
0.38222322 -8.02811432 0.08076974
0.38329676 -8.02811432 -0.00107286
0.36330226 -8.02811432 -0.13855481
1.21685863 -8.02811432 -1.41324055
1.31067574 -8.02811432 -1.41618919
1.40673804 -8.02811432 -1.41504812
1.49656701 -8.02811432 -1.40446866
1.62487960 -8.02811432 -1.41496301
1.76535738 -8.02811432 -1.41626942
1.90028667 -8.02811432 -1.41528296
2.03923464 -8.02811432 -1.41357541
2.17267036 -8.02811432 -1.38973594
2.27986479 -8.02811432 -1.33158970
2.33630872 -8.02811432 -1.14121509
2.36823964 -8.02811432 -1.02375841
2.40699387 -8.02811432 -0.91500682
2.34657073 -8.02811432 -0.76486856
2.36552000 -8.02811432 -0.64049411
2.35087085 -8.02811432 -0.53948987
2.36899114 -8.02811432 -0.36315078
2.37584543 -8.02811432 -0.29878333
2.39422798 -8.02811432 -0.14702532
2.38686872 -8.02811432 0.05126267
2.39218807 -8.02811432 -0.08198367
2.45054269 -8.02811432 0.17930046
2.39512539 -8.02811432 0.28874809
2.16640854 -8.02811432 0.40765974
2.07606459 -8.02811432 0.43796054
1.82716572 -8.02811432 0.45525688
1.92235208 -8.02811432 0.45595172
1.66917098 -8.02811432 0.50653893
1.58992815 -8.02811432 0.51122165
1.44533408 -8.02811432 0.51232857
1.27902508 -8.02811432 0.48712125
1.18919349 -8.02811432 0.48016307
1.11659491 -8.02811432 0.46272507
2.27321196 -8.02811432 0.35030994
1.51104403 -8.02811432 0.51123428
