1.29031992 -73.53673553 0.65889525
1.42581880 -73.53673553 0.67190760
1.81752491 -73.53673553 0.62055719
2.30937052 -73.53673553 -0.38708538
-0.12524736 -73.53673553 -0.34890673
0.95251811 -73.54673004 0.61981457
1.14059687 -73.54673004 0.66439158
1.22286010 -73.54673004 0.66352731
1.36449897 -73.54673004 0.65046573
1.61468828 -73.54673004 0.65923780
1.75667787 -73.54673004 0.63922107
1.93498397 -73.54673004 0.54422766
2.06920576 -73.54673004 0.43487263
2.11421275 -73.54673004 0.38799188
2.16235781 -73.54673004 0.29369107
2.17699575 -73.54673004 0.21011513
2.22462177 -73.54673004 -0.18690245
2.25395584 -73.54673004 -0.26385471
2.28523827 -73.54673004 -0.32714462
2.33587885 -73.54673004 -0.53396380
2.35362625 -73.54673004 -0.62183344
2.37590003 -73.54673004 -0.69963592
2.39239860 -73.54673004 -0.79759222
2.36303520 -73.54673004 -0.89046264
2.37833023 -73.54673004 -0.98879987
2.39622593 -73.54673004 -1.05942094
2.36651778 -73.54673004 -1.22546971
2.34993458 -73.54673004 -1.29458284
2.26482344 -73.54673004 -1.38251841
2.17609143 -73.54673004 -1.40788090
2.06828213 -73.54673004 -1.42514849
1.97300673 -73.54673004 -1.43353248
1.86794841 -73.54673004 -1.43519163
1.76506543 -73.54673004 -1.44038057
1.66038013 -73.54673004 -1.44127858
1.53968418 -73.54673004 -1.44293153
1.46667910 -73.54673004 -1.44644904
1.39266109 -73.54673004 -1.44707215
1.29219604 -73.54673004 -1.44101167
1.21813893 -73.54673004 -1.44248474
1.00078213 -73.54673004 -1.42983019
0.90273690 -73.54673004 -1.42714190
0.82608300 -73.54673004 -1.41957390
0.75358301 -73.54673004 -1.41447580
0.62370539 -73.54673004 -1.40967488
0.56373602 -73.54673004 -1.40295422
0.46919605 -73.54673004 -1.40454638
0.36290875 -73.54673004 -1.40085065
0.26115263 -73.54673004 -1.39197469
0.20515546 -73.54673004 -1.36964548
0.13195556 -73.54673004 -1.28295159
0.11797226 -73.54673004 -1.21406341
0.10049573 -73.54673004 -1.10423183
0.03910474 -73.54673004 -1.05246603
-0.00419904 -73.54673004 -0.99924952
-0.03387781 -73.54673004 -0.92680633
-0.05971462 -73.54673004 -0.84951967
-0.07967798 -73.54673004 -0.76809812
-0.10827827 -73.54673004 -0.68798715
-0.13561705 -73.54673004 -0.62161940
-0.14216755 -73.54673004 -0.52906597
-0.13512850 -73.54673004 -0.40924999
-0.12692897 -73.54673004 -0.28961587
-0.11033398 -73.54673004 -0.22724172
-0.10997877 -73.54673004 -0.14914347
-0.08277395 -73.54673004 -0.07964449
-0.05360166 -73.54673004 0.03971981
0.01701803 -73.54673004 0.06280147
0.06164249 -73.54673004 0.13125128
0.11977968 -73.54673004 0.19211377
0.19734932 -73.54673004 0.25571260
0.29114157 -73.54673004 0.35538760
0.39452597 -73.54673004 0.42345768
0.44988537 -73.54673004 0.44936547
0.55222243 -73.54673004 0.48407650
0.64509749 -73.54673004 0.53764409
0.77668393 -73.54673004 0.58603102
0.87832987 -73.54673004 0.60209817
1.03667510 -73.54673004 0.62152535
1.52187514 -73.54673004 0.68467563
1.99018562 -73.54673004 0.51357394
2.18785024 -73.54673004 -0.02053293
2.40615034 -73.54673004 -1.15434194
2.35225177 -73.54673004 -1.35762799
1.10025883 -73.54673004 -1.42593122
0.24831432 -73.54673004 0.31244966
0.33934897 -73.54673004 0.39406255
0.69977766 -73.54673004 0.57435328
