1.25268960 -56.11710358 0.78519291
1.43154943 -56.11710358 0.85676831
1.68170297 -56.11710358 0.90522271
1.90048683 -56.11710358 0.85549122
2.05279279 -56.11710358 0.81760466
2.19711328 -56.11710358 0.77701080
2.48864388 -56.11710358 0.67598099
2.63609624 -56.11710358 0.40034842
2.64894390 -56.11710358 0.14994389
2.54487944 -56.11710358 -0.58697379
-0.05032593 -56.11710358 -1.04903018
0.18636708 -56.11710358 0.19846782
0.33367461 -56.11710358 0.56722701
0.91324413 -56.12709808 0.68282378
0.81061459 -56.12709808 0.62733716
0.66210520 -56.12709808 0.63897210
0.54041076 -56.12709808 0.59827578
0.41518924 -56.12709808 0.60055482
0.28043017 -56.12709808 0.53077912
0.16496344 -56.12709808 0.29657719
0.18350293 -56.12709808 0.13433018
0.11920149 -56.12709808 -0.17480272
0.07145174 -56.12709808 -0.23696364
-0.00487979 -56.12709808 -0.36745524
-0.05036438 -56.12709808 -0.45951933
-0.08912996 -56.12709808 -0.63498449
-0.03607811 -56.12709808 -0.85185808
-0.05711168 -56.12709808 -0.77958196
-0.06209833 -56.12709808 -1.12294924
-0.06422398 -56.12709808 -1.18942320
0.04357700 -56.12709808 -1.25531685
0.12297393 -56.12709808 -1.31247878
0.26166797 -56.12709808 -1.37204278
0.41739854 -56.12709808 -1.38398147
0.63195580 -56.12709808 -1.40381229
0.75104338 -56.12709808 -1.41371632
0.85766959 -56.12709808 -1.42323411
0.95331943 -56.12709808 -1.43458867
1.10134852 -56.12709808 -1.45908463
1.17754805 -56.12709808 -1.46402228
1.32661068 -56.12709808 -1.45287132
1.45274460 -56.12709808 -1.44368708
1.53774893 -56.12709808 -1.43976259
1.64549243 -56.12709808 -1.41418731
1.76657665 -56.12709808 -1.40381706
1.87038827 -56.12709808 -1.38533580
1.98498321 -56.12709808 -1.37525022
2.21376657 -56.12709808 -1.34724867
2.33891034 -56.12709808 -1.29590273
2.42484212 -56.12709808 -1.20310962
2.49152040 -56.12709808 -1.10060704
2.53274441 -56.12709808 -0.99144119
2.50546432 -56.12709808 -0.85487717
2.51234865 -56.12709808 -0.73266256
2.55785465 -56.12709808 -0.52822107
2.59096408 -56.12709808 -0.42559841
2.61928010 -56.12709808 -0.30897909
2.65479016 -56.12709808 -0.17756380
2.66747808 -56.12709808 -0.05185176
2.63408566 -56.12709808 0.06852489
2.66393256 -56.12709808 0.22046649
2.65490770 -56.12709808 0.32601872
2.60609961 -56.12709808 0.50768983
2.55743265 -56.12709808 0.64813739
2.28604436 -56.12709808 0.74323618
2.11144376 -56.12709808 0.80382282
1.98936439 -56.12709808 0.82695985
1.81245112 -56.12709808 0.87816703
1.62103260 -56.12709808 0.90916336
1.50671458 -56.12709808 0.90713620
1.36736202 -56.12709808 0.82733941
1.17328703 -56.12709808 0.75854838
1.02601135 -56.12709808 0.72992498
1.74681556 -56.12709808 0.89877498
2.39581704 -56.12709808 -1.26508224
2.11807537 -56.12709808 -1.38578188
1.26608670 -56.12709808 -1.45496988
0.56062615 -56.12709808 -1.39135695
-0.03991118 -56.12709808 -0.95257622
-0.10542113 -56.12709808 -0.54492718
0.13159567 -56.12709808 -0.04329744
0.21291940 -56.12709808 0.40554893
1.11168563 -56.12709808 0.75410628
