2.56231523 59.84044647 -1.08785450
2.45529580 59.84044647 -1.17390132
0.64578027 59.84044647 0.90076953
1.28030157 59.84044647 0.86042809
2.39394760 59.84044647 -0.19768921
2.26965022 59.83045197 -0.13538605
2.34111619 59.83045197 -0.16815425
2.43078184 59.83045197 -0.28024662
2.50231171 59.83045197 -0.43026394
2.53687429 59.83045197 -0.49872220
2.57110000 59.83045197 -0.56667084
2.61442900 59.83045197 -0.63362157
2.65414357 59.83045197 -0.71202433
2.66013765 59.83045197 -0.77487212
2.69801021 59.83045197 -0.86201429
2.65624642 59.83045197 -0.96862012
2.60619855 59.83045197 -1.03618085
2.50750566 59.83045197 -1.12763655
2.40486956 59.83045197 -1.20734870
2.34496999 59.83045197 -1.26634264
2.28293061 59.83045197 -1.33314860
2.21418071 59.83045197 -1.37187743
2.11395860 59.83045197 -1.43286872
1.99589777 59.83045197 -1.46089888
1.91096354 59.83045197 -1.46103287
1.84934211 59.83045197 -1.47464538
1.77855814 59.83045197 -1.48554039
1.71792066 59.83045197 -1.48898506
1.64610744 59.83045197 -1.50132072
1.55225158 59.83045197 -1.48757803
1.47425699 59.83045197 -1.49329340
1.34311962 59.83045197 -1.49628484
1.19218111 59.83045197 -1.49161053
1.08684790 59.83045197 -1.48831701
1.01282322 59.83045197 -1.48500395
0.90005338 59.83045197 -1.48342347
0.78305030 59.83045197 -1.48941815
0.65993750 59.83045197 -1.49144208
0.53005952 59.83045197 -1.48409986
0.39698452 59.83045197 -1.47197700
0.27557006 59.83045197 -1.46171594
0.09432390 59.83045197 -1.43924999
0.00169028 59.83045197 -1.39043880
-0.07227588 59.83045197 -1.32296002
-0.07374882 59.83045197 -1.23513103
-0.12535629 59.83045197 -1.13162589
-0.14901915 59.83045197 -0.98168111
-0.14230734 59.83045197 -0.82035226
-0.10914722 59.83045197 -0.71611792
-0.16757718 59.83045197 -0.49001652
-0.19786957 59.83045197 -0.39010105
-0.16027367 59.83045197 -0.33946815
-0.06242707 59.83045197 -0.19714665
-0.06835280 59.83045197 -0.02899119
-0.03271678 59.83045197 0.02313591
0.06452788 59.83045197 0.19208638
0.16424073 59.83045197 0.38416806
0.23332289 59.83045197 0.44927967
0.29777959 59.83045197 0.52246433
0.37559229 59.83045197 0.64300221
0.46515292 59.83045197 0.72270566
0.60666370 59.83045197 0.85348934
0.75196898 59.83045197 0.88564539
0.87728208 59.83045197 0.83354723
1.00142467 59.83045197 0.92743194
1.12376964 59.83045197 0.90267986
1.32103300 59.83045197 0.81741625
1.39825594 59.83045197 0.77115238
1.53410280 59.83045197 0.70471680
1.61961222 59.83045197 0.56340408
1.70827281 59.83045197 0.54013157
1.79703557 59.83045197 0.50272340
1.92948592 59.83045197 0.44776666
2.01135755 59.83045197 0.37545174
2.07249427 59.83045197 0.30893630
2.12332487 59.83045197 0.21435550
2.15792322 59.83045197 0.15347999
2.20353246 59.83045197 0.08184340
2.23715901 59.83045197 -0.00694319
