-0.17021455 -21.79782867 -0.40208611
2.10292840 -21.79782867 -1.44808781
0.87266457 -21.80782318 0.64178437
0.76085532 -21.80782318 0.64603436
0.68811983 -21.80782318 0.64831573
0.60932451 -21.80782318 0.62994969
0.47668359 -21.80782318 0.56366032
0.35009137 -21.80782318 0.55179119
0.13784911 -21.80782318 0.57996768
0.00785534 -21.80782318 0.43051252
0.00373067 -21.80782318 0.51948291
-0.03881836 -21.80782318 0.29266357
0.00478754 -21.80782318 0.36567801
-0.05549500 -21.80782318 0.19670877
-0.08968735 -21.80782318 0.05836107
-0.11100350 -21.80782318 -0.02780326
-0.07746663 -21.80782318 -0.26472387
-0.10607564 -21.80782318 -0.10915020
-0.08770653 -21.80782318 -0.32795700
-0.19251832 -21.80782318 -0.46102759
-0.25243387 -21.80782318 -0.64597106
-0.22824471 -21.80782318 -0.70938116
-0.26429585 -21.80782318 -0.90938324
-0.31020960 -21.80782318 -1.20883060
-0.33456576 -21.80782318 -1.00697196
-0.21561371 -21.80782318 -1.34727836
-0.08554514 -21.80782318 -1.43325830
0.08568047 -21.80782318 -1.45300341
0.25671571 -21.80782318 -1.45262074
0.43959916 -21.80782318 -1.39523888
0.56805611 -21.80782318 -1.41746640
0.66600579 -21.80782318 -1.42187762
0.77127689 -21.80782318 -1.42514157
0.87076408 -21.80782318 -1.42864621
0.97907841 -21.80782318 -1.42609918
1.22026634 -21.80782318 -1.45694208
1.14355588 -21.80782318 -1.44329810
1.33252656 -21.80782318 -1.46459746
1.39707053 -21.80782318 -1.46876192
1.48699415 -21.80782318 -1.46662354
1.74985027 -21.80782318 -1.47832251
1.89794195 -21.80782318 -1.45701909
2.03801203 -21.80782318 -1.45360541
2.17988443 -21.80782318 -1.43783796
2.23650241 -21.80782318 -1.36151171
2.30770493 -21.80782318 -1.28689468
2.34880447 -21.80782318 -1.18074012
2.37541747 -21.80782318 -1.10590279
2.46570802 -21.80782318 -0.92396533
2.42768788 -21.80782318 -1.02288759
2.49782920 -21.80782318 -0.79620242
2.47493887 -21.80782318 -0.86002010
2.46078062 -21.80782318 -0.71578884
2.39139295 -21.80782318 -0.59666055
2.41661739 -21.80782318 -0.65985101
2.33236790 -21.80782318 -0.37713051
2.35074019 -21.80782318 -0.43940681
2.30817294 -21.80782318 -0.26810676
2.28284812 -21.80782318 -0.20176205
2.22540092 -21.80782318 -0.03408630
2.24446726 -21.80782318 -0.12015620
2.19904613 -21.80782318 0.04642516
2.11504364 -21.80782318 0.16342795
2.06372690 -21.80782318 0.29022557
1.95891416 -21.80782318 0.46114415
2.00985837 -21.80782318 0.40622380
1.91855490 -21.80782318 0.54994911
1.82597303 -21.80782318 0.56760424
1.74973679 -21.80782318 0.57200336
1.66541064 -21.80782318 0.60186642
1.50093389 -21.80782318 0.62382150
1.39007270 -21.80782318 0.60907686
1.31443524 -21.80782318 0.60990858
1.24309850 -21.80782318 0.62356704
1.09100723 -21.80782318 0.63297123
1.16929889 -21.80782318 0.62515855
1.02122331 -21.80782318 0.63903600
0.93994921 -21.80782318 0.63931787
1.60866988 -21.80782318 0.67033005
1.65023935 -21.80782318 -1.47611332
0.24821144 -21.80782318 0.57634258
