0.46640748 13.56142426 -1.37942147
1.35239804 13.56142426 0.73481041
1.47425163 13.56142426 -1.41150093
0.69246781 13.55142975 0.66242254
0.61159807 13.55142975 0.65841186
0.53150320 13.55142975 0.64444000
0.45069984 13.55142975 0.61811155
0.38330871 13.55142975 0.54943705
0.34652835 13.55142975 0.49735770
0.30538633 13.55142975 0.43832910
0.25932285 13.55142975 0.34380713
0.22900587 13.55142975 0.27384400
0.18327659 13.55142975 0.15706301
0.09968260 13.55142975 0.07288418
0.03516452 13.55142975 0.01599959
-0.00807749 13.55142975 -0.08504260
-0.03936090 13.55142975 -0.19294003
-0.05255746 13.55142975 -0.28519759
-0.03746167 13.55142975 -0.36955559
-0.02670881 13.55142975 -0.46682966
-0.00852003 13.55142975 -0.65594751
-0.01377912 13.55142975 -0.56440800
-0.02613096 13.55142975 -0.71460074
-0.01987947 13.55142975 -0.84659201
-0.00443801 13.55142975 -1.00900435
0.00654189 13.55142975 -1.16122997
0.24052045 13.55142975 -1.32848823
0.06526466 13.55142975 -1.23241484
0.31754515 13.55142975 -1.35155916
0.40651321 13.55142975 -1.38061333
0.56032652 13.55142975 -1.38766754
0.85562247 13.55142975 -1.41242123
0.71361357 13.55142975 -1.39459765
0.93331468 13.55142975 -1.41947484
1.16693270 13.55142975 -1.41859019
1.29619348 13.55142975 -1.41730773
1.41506696 13.55142975 -1.41927707
1.61548364 13.55142975 -1.40170443
1.75457191 13.55142975 -1.41212249
1.92845380 13.55142975 -1.40501881
2.11718345 13.55142975 -1.39274693
2.32512927 13.55142975 -1.32984042
2.17943335 13.55142975 -1.38953352
2.43072486 13.55142975 -1.08907104
2.37440181 13.55142975 -1.28474927
2.33615685 13.55142975 -0.86791193
2.39207768 13.55142975 -0.98938137
2.34435153 13.55142975 -0.70738184
2.29314709 13.55142975 -0.54003292
2.24071932 13.55142975 -0.34439927
2.28101206 13.55142975 -0.45280999
2.21688223 13.55142975 -0.25988749
2.15361762 13.55142975 -0.06986009
2.20024824 13.55142975 -0.17939292
2.06168795 13.55142975 0.15392235
2.11486912 13.55142975 0.08972640
2.02229095 13.55142975 0.21238403
2.00613475 13.55142975 0.27158937
1.95223200 13.55142975 0.39814126
1.80803668 13.55142975 0.61670858
1.72018158 13.55142975 0.67432106
1.65574694 13.55142975 0.71573389
1.56101489 13.55142975 0.72816873
1.41494823 13.55142975 0.71649170
1.49406981 13.55142975 0.74004233
1.29447436 13.55142975 0.74855494
1.21091723 13.55142975 0.74194813
1.13531315 13.55142975 0.72639757
0.75210541 13.55142975 0.67728674
1.88042581 13.55142975 0.51067322
2.15459895 13.55142975 0.02172894
