0.26297751 12.00145721 -1.36389983
-0.08303718 12.00145721 -0.64626032
-0.04514289 12.00145721 -0.28759298
1.74875438 11.99146271 0.36414671
1.81313026 11.99146271 0.30579817
1.97369874 11.99146271 0.17440875
2.01001811 11.99146271 0.10020235
2.06277871 11.99146271 0.02464005
2.08760500 11.99146271 -0.05103339
2.13034344 11.99146271 -0.10202920
2.19049382 11.99146271 -0.19572844
2.29214811 11.99146271 -0.26507130
2.33242559 11.99146271 -0.34998187
2.45341110 11.99146271 -0.60052121
2.64935064 11.99146271 -1.04784715
2.68063664 11.99146271 -1.12407434
2.66813898 11.99146271 -1.22155285
2.48608065 11.99146271 -1.34810770
2.34817505 11.99146271 -1.37127829
2.23692656 11.99146271 -1.38844609
2.10957265 11.99146271 -1.40517426
2.01636338 11.99146271 -1.41633904
1.90761912 11.99146271 -1.41843557
1.80721211 11.99146271 -1.40338230
1.72049558 11.99146271 -1.40349412
1.61776400 11.99146271 -1.40392315
1.54225039 11.99146271 -1.40747714
1.45180702 11.99146271 -1.43993318
1.37821805 11.99146271 -1.43881953
1.31053162 11.99146271 -1.42892706
1.21241891 11.99146271 -1.43815327
1.04888940 11.99146271 -1.40645635
0.97044832 11.99146271 -1.42164838
0.86471319 11.99146271 -1.41518462
0.77345026 11.99146271 -1.41371727
0.68354326 11.99146271 -1.40735233
0.60048068 11.99146271 -1.39434743
0.52843344 11.99146271 -1.38142908
0.44656548 11.99146271 -1.37325478
0.32994527 11.99146271 -1.37676167
0.20297350 11.99146271 -1.35306633
0.08369321 11.99146271 -1.31239593
0.00980836 11.99146271 -1.27990544
-0.00258239 11.99146271 -1.21813762
-0.01365603 11.99146271 -1.15882695
-0.01194743 11.99146271 -1.08463073
-0.01606251 11.99146271 -1.01180613
-0.04555826 11.99146271 -0.92994177
-0.04796027 11.99146271 -0.85831815
-0.05751209 11.99146271 -0.78030127
-0.07036854 11.99146271 -0.70538098
-0.12882644 11.99146271 -0.55206376
-0.12020584 11.99146271 -0.48369244
-0.10523029 11.99146271 -0.39108822
-0.07010011 11.99146271 -0.34180626
-0.00341415 11.99146271 -0.19024521
-0.00507235 11.99146271 -0.11798697
0.00715301 11.99146271 -0.05635399
0.02217136 11.99146271 0.01313595
0.03223225 11.99146271 0.08743639
0.02916913 11.99146271 0.18124345
0.02913816 11.99146271 0.27086255
0.08369987 11.99146271 0.38679892
0.14033994 11.99146271 0.46560499
0.16802491 11.99146271 0.52731121
0.24057871 11.99146271 0.60252410
0.37406594 11.99146271 0.60160637
0.47563925 11.99146271 0.61454648
0.66389811 11.99146271 0.62459302
0.77831531 11.99146271 0.63655174
0.85445529 11.99146271 0.63759714
0.92174828 11.99146271 0.62945098
1.00036514 11.99146271 0.62072450
1.10585034 11.99146271 0.60697311
1.36247945 11.99146271 0.61686271
1.43935061 11.99146271 0.56767708
1.51455986 11.99146271 0.51437765
1.57714295 11.99146271 0.48150814
1.64519072 11.99146271 0.43278027
1.24233317 11.99146271 0.58850199
0.57850897 11.99146271 0.62541962
1.13319099 11.99146271 -1.43275142
2.58416224 11.99146271 -1.31874609
2.60214543 11.99146271 -0.87909448
2.42391586 11.99146271 -0.52281564
2.38980246 11.99146271 -0.44904268
1.93084884 11.99146271 0.25034946
