2.21081114 -19.45787811 0.23544611
2.25887775 -19.45787811 -1.06440592
1.45008993 -19.45787811 -1.46277559
2.11571789 -19.46787262 0.61167753
2.13146162 -19.46787262 0.40245843
2.18553448 -19.46787262 0.29284459
2.24921060 -19.46787262 0.17303061
2.27070546 -19.46787262 0.10473819
2.29318428 -19.46787262 0.00547727
2.31401920 -19.46787262 -0.10762867
2.33429360 -19.46787262 -0.20925298
2.31427336 -19.46787262 -0.30682483
2.29478836 -19.46787262 -0.37444988
2.28201652 -19.46787262 -0.47884095
2.25763178 -19.46787262 -0.65560246
2.26404953 -19.46787262 -0.76361352
2.24921107 -19.46787262 -0.87290490
2.26205540 -19.46787262 -0.99043274
2.23481321 -19.46787262 -1.11849380
2.23926497 -19.46787262 -1.26599371
2.23876214 -19.46787262 -1.36895168
2.18261433 -19.46787262 -1.41343701
2.05020618 -19.46787262 -1.43474174
1.90899527 -19.46787262 -1.44946587
1.77197540 -19.46787262 -1.45363736
1.65205038 -19.46787262 -1.45451903
1.51344025 -19.46787262 -1.46169448
1.38874161 -19.46787262 -1.46541405
1.27048910 -19.46787262 -1.46113443
1.20777035 -19.46787262 -1.45654368
1.11690402 -19.46787262 -1.43738043
0.97726625 -19.46787262 -1.42985773
0.90175116 -19.46787262 -1.42627800
0.76821327 -19.46787262 -1.41080642
0.66614610 -19.46787262 -1.40903449
0.56388235 -19.46787262 -1.39604294
0.49691185 -19.46787262 -1.37955916
0.40814805 -19.46787262 -1.38566482
0.33767268 -19.46787262 -1.38481545
0.22669302 -19.46787262 -1.39696717
0.14437595 -19.46787262 -1.37060559
0.08712131 -19.46787262 -1.34780431
-0.01829432 -19.46787262 -1.29418802
-0.06046738 -19.46787262 -1.19324028
-0.00224343 -19.46787262 -1.01595104
0.01566655 -19.46787262 -0.95691442
0.07832539 -19.46787262 -0.84095198
0.08000097 -19.46787262 -0.74189204
0.07871459 -19.46787262 -0.65119958
0.10847859 -19.46787262 -0.49931923
0.09463611 -19.46787262 -0.37724495
0.12356313 -19.46787262 -0.29629791
0.13826056 -19.46787262 -0.15703231
0.13223183 -19.46787262 -0.06694970
0.12726723 -19.46787262 0.03229927
0.14429100 -19.46787262 0.12791432
0.15032279 -19.46787262 0.23604178
0.15098386 -19.46787262 0.36740625
0.16281548 -19.46787262 0.50279415
0.17021462 -19.46787262 0.65177834
0.26653323 -19.46787262 0.71752173
0.43160170 -19.46787262 0.72058564
0.55641747 -19.46787262 0.72022480
0.65148348 -19.46787262 0.79928589
0.83153290 -19.46787262 0.75640124
0.91198885 -19.46787262 0.81979024
0.96794534 -19.46787262 0.85337055
1.04426348 -19.46787262 0.89000005
1.10328126 -19.46787262 0.90557551
1.39403605 -19.46787262 0.91305095
1.45233488 -19.46787262 0.89248967
1.52076101 -19.46787262 0.87664390
1.58544552 -19.46787262 0.86873639
1.66414845 -19.46787262 0.81237090
1.85751712 -19.46787262 0.73037058
1.91751122 -19.46787262 0.72520691
2.04714704 -19.46787262 0.69870985
1.28002584 -19.46787262 0.94788790
2.10086966 -19.46787262 0.67134809
2.13854122 -19.46787262 0.46331260
