1.15718174 -48.06726837 0.63636363
1.04921663 -48.06726837 0.59529114
0.92196316 -48.06726837 0.59234291
0.81883258 -48.06726837 0.55854881
0.74821782 -48.06726837 0.48416841
0.60502481 -48.06726837 0.45363978
0.53981572 -48.06726837 0.43426368
0.43348360 -48.06726837 0.34632382
0.34662557 -48.06726837 0.25836644
0.25653073 -48.06726837 0.17263389
0.18847270 -48.06726837 0.09081807
0.13889833 -48.06726837 -0.10201883
0.10759240 -48.06726837 -0.23153718
0.05463879 -48.06726837 -0.34120104
0.07724594 -48.06726837 -0.42544603
0.08549516 -48.06726837 -0.59801966
0.07346074 -48.06726837 -0.69778103
0.07780319 -48.06726837 -0.90033507
0.07947770 -48.06726837 -0.79808974
0.07500979 -48.06726837 -1.00376320
0.05916129 -48.06726837 -1.13337684
0.16044617 -48.06726837 -1.39329433
0.42729488 -48.06726837 -1.42797363
0.27362907 -48.06726837 -1.43448806
0.54721969 -48.06726837 -1.41206908
0.66558683 -48.06726837 -1.42342687
0.76453179 -48.06726837 -1.43187881
0.86948329 -48.06726837 -1.43531609
0.95008361 -48.06726837 -1.43528211
1.10943615 -48.06726837 -1.43287516
1.21953654 -48.06726837 -1.44231975
1.28115785 -48.06726837 -1.44137716
1.38434684 -48.06726837 -1.43898427
1.48402321 -48.06726837 -1.44347441
1.58996868 -48.06726837 -1.41696632
1.71453941 -48.06726837 -1.40196741
1.83292806 -48.06726837 -1.39605176
1.96460760 -48.06726837 -1.39015663
2.15199542 -48.06726837 -1.39671731
2.27567530 -48.06726837 -1.35148931
2.40160656 -48.06726837 -1.27195156
2.39737511 -48.06726837 -1.12144363
2.35941958 -48.06726837 -0.95674074
2.29140186 -48.06726837 -0.81167269
2.24702501 -48.06726837 -0.67595303
2.22194624 -48.06726837 -0.57275444
2.20698214 -48.06726837 -0.46384078
2.17233419 -48.06726837 -0.29964906
2.16479230 -48.06726837 -0.19174984
2.16045547 -48.06726837 -0.10882226
2.14665794 -48.06726837 0.00654114
2.05091977 -48.06726837 0.26709741
2.11890745 -48.06726837 0.13161206
2.02525663 -48.06726837 0.38560036
2.01553369 -48.06726837 0.46385083
1.94795239 -48.06726837 0.54942268
1.83346796 -48.06726837 0.61084718
1.74996412 -48.06726837 0.60849458
1.65300834 -48.06726837 0.64272952
1.56318867 -48.06726837 0.67204303
1.37498367 -48.06726837 0.68605345
1.45669615 -48.06726837 0.68733609
1.22771430 -48.06726837 0.67593300
0.02477220 -48.06726837 -1.31856728
