0.25585318 -54.55713654 -1.27440035
1.97497213 -54.55713654 0.61212331
1.77057183 -54.55713654 0.65709692
0.12936231 -54.56713104 -0.76713955
0.09839292 -54.56713104 -1.03695595
0.05432322 -54.56713104 -1.15050316
0.18414052 -54.56713104 -1.23512793
0.34020865 -54.56713104 -1.33460593
0.46957371 -54.56713104 -1.35125196
0.59340626 -54.56713104 -1.37850618
0.71777397 -54.56713104 -1.39280736
0.93584055 -54.56713104 -1.42301750
1.11762524 -54.56713104 -1.45347881
0.07667483 -54.56713104 -0.90879214
0.82838500 -54.56713104 -1.41319227
1.20604205 -54.56713104 -1.45060730
1.21474063 -54.56713104 0.70165306
1.12405193 -54.56713104 0.71924841
0.98222196 -54.56713104 0.72299379
0.81381691 -54.56713104 0.66223443
0.70463538 -54.56713104 0.64495480
0.48561931 -54.56713104 0.60464185
0.60578954 -54.56713104 0.64060926
0.42934990 -54.56713104 0.55355287
0.40524480 -54.56713104 0.47375837
0.27371281 -54.56713104 0.31971818
0.22239889 -54.56713104 0.28102183
0.18915282 -54.56713104 0.19103368
0.18151473 -54.56713104 0.09166910
0.18671192 -54.56713104 -0.04378803
0.18144707 -54.56713104 -0.13210024
0.18466854 -54.56713104 -0.35403433
0.14778651 -54.56713104 -0.64856023
0.17927195 -54.56713104 -0.53305292
1.31567895 -54.56713104 -1.45111477
1.48437917 -54.56713104 -1.44480896
1.67042196 -54.56713104 -1.41298294
1.76828015 -54.56713104 -1.40722847
1.88161802 -54.56713104 -1.40218031
1.99104881 -54.56713104 -1.38124251
2.10215902 -54.56713104 -1.35995233
2.21162581 -54.56713104 -1.30899239
2.31672621 -54.56713104 -1.26162505
2.36562395 -54.56713104 -1.20636940
2.41478944 -54.56713104 -1.09744108
2.50479031 -54.56713104 -0.99767256
2.55426168 -54.56713104 -0.92907315
2.55327463 -54.56713104 -0.85709125
2.54673839 -54.56713104 -0.75585645
2.52109361 -54.56713104 -0.64310849
2.48739791 -54.56713104 -0.52835900
2.46661830 -54.56713104 -0.40512916
2.45471239 -54.56713104 -0.25172347
2.46276641 -54.56713104 -0.15379846
2.45023394 -54.56713104 -0.03689700
2.45253229 -54.56713104 0.08156049
2.40940881 -54.56713104 0.24970759
2.43637276 -54.56713104 0.17418784
2.37684298 -54.56713104 0.33973643
2.31332374 -54.56713104 0.43915409
2.24760580 -54.56713104 0.49211100
2.16518664 -54.56713104 0.61447710
2.08747411 -54.56713104 0.63327938
1.92292547 -54.56713104 0.64186239
1.84891558 -54.56713104 0.63646257
1.61826992 -54.56713104 0.63923281
1.71025813 -54.56713104 0.64797097
1.42629611 -54.56713104 0.64885551
1.53644300 -54.56713104 0.63503081
1.33390939 -54.56713104 0.68414289
