-0.17767704 -76.39667511 -1.16358316
0.06804920 -76.39667511 -1.31951392
2.15631914 -76.39667511 -1.42168164
2.32965565 -76.39667511 -1.39544940
2.51596379 -76.39667511 -1.24852586
-0.34853303 -76.39667511 -0.29550222
2.89877415 -76.39667511 -0.29649913
-0.36067215 -76.40666962 -0.85743040
-0.31645703 -76.40666962 -0.98454660
-0.27321672 -76.40666962 -1.11186063
-0.08677521 -76.40666962 -1.21351767
0.00386829 -76.40666962 -1.26814508
0.12216567 -76.40666962 -1.36210501
0.22322008 -76.40666962 -1.39084458
0.33105138 -76.40666962 -1.41434681
0.57590663 -76.40666962 -1.42421818
0.67047393 -76.40666962 -1.42531824
0.77631879 -76.40666962 -1.42402184
0.86828512 -76.40666962 -1.42988980
1.06923282 -76.40666962 -1.43845880
1.21934271 -76.40666962 -1.44929278
1.31968260 -76.40666962 -1.44998598
1.41941440 -76.40666962 -1.44635630
1.62882185 -76.40666962 -1.43342543
1.75664127 -76.40666962 -1.43676257
1.89673793 -76.40666962 -1.43975341
2.04767227 -76.40666962 -1.43225980
2.21815944 -76.40666962 -1.41551900
2.39803052 -76.40666962 -1.38214600
2.47209358 -76.40666962 -1.34843040
2.55217266 -76.40666962 -1.15905225
2.64447737 -76.40666962 -0.90715533
-0.42042214 -76.40666962 -0.68804610
0.45597836 -76.40666962 -1.42288816
0.97223318 -76.40666962 -1.43646598
1.52860880 -76.40666962 -1.44766498
2.59753084 -76.40666962 -1.03308415
2.65831637 -76.40666962 -0.83024859
0.77438420 -76.40666962 0.76830834
0.63145822 -76.40666962 0.70980448
0.58225644 -76.40666962 0.65684015
0.44120502 -76.40666962 0.55213231
0.22927836 -76.40666962 0.50066221
0.33560845 -76.40666962 0.51961583
0.10684536 -76.40666962 0.48121905
0.02186627 -76.40666962 0.34367183
-0.02784140 -76.40666962 0.25170267
-0.12677823 -76.40666962 0.09034488
-0.20464119 -76.40666962 -0.01932313
-0.32238600 -76.40666962 -0.12288831
-0.41408810 -76.40666962 -0.49899602
-0.44208661 -76.40666962 -0.60383791
2.67378354 -76.40666962 -0.71332520
2.84419513 -76.40666962 -0.45588267
2.96934009 -76.40666962 -0.12322904
3.03039694 -76.40666962 0.04506644
3.13925838 -76.40666962 0.30347812
3.22564912 -76.40666962 0.52175802
3.25566125 -76.40666962 0.59465045
3.02119684 -76.40666962 0.63758856
2.69018841 -76.40666962 0.70541525
2.25854993 -76.40666962 0.79015177
2.13697791 -76.40666962 0.81678498
1.96777880 -76.40666962 0.85614544
1.75167310 -76.40666962 0.77654636
1.40269327 -76.40666962 0.83103377
1.51510453 -76.40666962 0.85147405
1.28176200 -76.40666962 0.77636135
1.18771636 -76.40666962 0.77445096
0.99058878 -76.40666962 0.78051406
0.89996278 -76.40666962 0.80767900
2.32876039 -76.40666962 0.74786061
1.61173081 -76.40666962 0.84255779
