2.48849440 -10.35807037 -0.46826848
0.02978514 -10.35807037 -1.07473636
0.03950928 -10.36806488 -1.20718408
0.04377850 -10.36806488 -1.27515173
0.03270921 -10.36806488 -1.13478410
0.14130077 -10.36806488 -1.32193851
1.32765543 -10.36806488 0.50805944
1.20856714 -10.36806488 0.48478916
1.06715834 -10.36806488 0.43241701
0.94781232 -10.36806488 0.41898608
0.83839524 -10.36806488 0.42009434
0.60893041 -10.36806488 0.37446800
0.72177184 -10.36806488 0.40457621
0.49593332 -10.36806488 0.34691066
0.35307023 -10.36806488 0.34918854
0.28136131 -10.36806488 0.27475813
0.10358235 -10.36806488 0.19888867
0.07805113 -10.36806488 0.06457332
0.09601086 -10.36806488 -0.08997329
0.07403355 -10.36806488 -0.21125095
0.04722760 -10.36806488 -0.43357402
0.07458135 -10.36806488 -0.55073732
0.00020794 -10.36806488 -0.80794281
0.04009916 -10.36806488 -0.75991815
0.01322658 -10.36806488 -0.89543283
0.39848140 -10.36806488 -1.37370479
0.25005531 -10.36806488 -1.35372818
0.53913736 -10.36806488 -1.38068318
0.65470725 -10.36806488 -1.37900472
0.75011718 -10.36806488 -1.38648856
0.90512645 -10.36806488 -1.41723537
0.82876903 -10.36806488 -1.40214539
0.97386169 -10.36806488 -1.41237736
1.04604375 -10.36806488 -1.40835261
1.13432229 -10.36806488 -1.40882123
1.25352466 -10.36806488 -1.41759562
1.37474430 -10.36806488 -1.42307389
1.31437254 -10.36806488 -1.42080498
1.46070015 -10.36806488 -1.41944468
1.58091021 -10.36806488 -1.40323496
1.66492188 -10.36806488 -1.41151750
1.75210440 -10.36806488 -1.41524339
1.83864260 -10.36806488 -1.41592789
1.95757508 -10.36806488 -1.41489923
2.08402896 -10.36806488 -1.41130126
2.22219086 -10.36806488 -1.40424967
2.34718609 -10.36806488 -1.35103369
2.42256880 -10.36806488 -1.27849305
2.48323512 -10.36806488 -1.19378603
2.43089151 -10.36806488 -1.04814422
2.44893098 -10.36806488 -0.88967717
2.52862287 -10.36806488 -0.74441123
2.48899150 -10.36806488 -0.52894449
2.48852372 -10.36806488 -0.05111726
2.48326612 -10.36806488 0.10431307
2.41744113 -10.36806488 0.21951225
2.37416983 -10.36806488 0.27493066
2.32237387 -10.36806488 0.33530927
2.10821915 -10.36806488 0.37150171
2.02068114 -10.36806488 0.38144675
1.69285667 -10.36806488 0.42221582
1.77185261 -10.36806488 0.37753066
1.62826204 -10.36806488 0.45783374
1.47421253 -10.36806488 0.49849838
