1.63008046 5.49160004 -1.35797441
1.77520740 5.49160004 -1.36298215
1.89681172 5.49160004 -1.36434174
2.01973224 5.49160004 -1.35733318
2.17610669 5.49160004 -1.32889330
2.33089042 5.49160004 -1.29844773
2.49968672 5.49160004 -1.31947136
2.67127824 5.49160004 -1.30564570
2.84447813 5.49160004 -1.26496422
2.90752101 5.49160004 -1.21142328
3.01854086 5.49160004 -1.07708335
3.08170485 5.49160004 -0.98330963
3.06433439 5.49160004 -0.78639299
3.03940177 5.49160004 -0.61677551
3.02633238 5.49160004 -0.40390587
3.02430749 5.49160004 -0.33838621
2.98403740 5.49160004 -0.05883232
2.99622583 5.49160004 -0.22544086
3.01603484 5.49160004 0.06140357
3.02474332 5.49160004 0.12118310
2.98860550 5.49160004 0.21637499
2.94856882 5.49160004 0.38146636
2.91274285 5.49160004 0.44036490
2.90289664 5.49160004 0.52487439
2.73068476 5.49160004 0.62109500
2.86669970 5.49160004 0.59829795
2.62385559 5.49160004 0.64259881
2.38074374 5.49160004 0.68676174
2.49974704 5.49160004 0.68566686
2.30155158 5.49160004 0.67909324
2.18281865 5.49160004 0.67424107
2.07121754 5.49160004 0.66355914
1.99527740 5.49160004 0.67662835
1.88087690 5.49160004 0.71184808
1.80915451 5.49160004 0.72276312
1.73105478 5.49160004 0.71506101
1.62738311 5.49160004 0.72393262
1.48940468 5.49160004 0.73378104
1.55159974 5.49160004 0.73668945
1.42792010 5.49160004 0.75276244
1.35337651 5.49160004 0.73570049
1.26360774 5.49160004 0.69871342
1.13742578 5.49160004 0.74312228
1.04887724 5.49160004 0.73625082
0.93817794 5.49160004 0.74084413
0.71646875 5.49160004 0.75694394
0.81455564 5.49160004 0.73620445
0.65415102 5.49160004 0.72755206
0.62498045 5.49160004 0.67174804
0.54195553 5.49160004 0.52053517
0.45464635 5.49160004 0.39423221
0.49021098 5.49160004 0.45308134
0.37543386 5.49160004 0.26968867
0.28255385 5.49160004 0.17461938
0.20919999 5.49160004 0.04508670
0.23396273 5.49160004 -0.07065365
0.24955308 5.49160004 -0.16880649
0.32752180 5.49160004 -0.46307802
0.29572681 5.49160004 -0.37363639
0.28048342 5.49160004 -0.77421969
0.26942894 5.49160004 -0.64114326
0.30334800 5.49160004 -0.95313883
0.32094228 5.49160004 -1.13327801
0.32436666 5.49160004 -1.21051013
0.55596006 5.49160004 -1.31093764
0.44822654 5.49160004 -1.28925550
0.73375154 5.49160004 -1.34276831
0.85691243 5.49160004 -1.35184085
1.08784592 5.49160004 -1.36136723
1.15956414 5.49160004 -1.37430751
1.27777743 5.49160004 -1.37715673
1.39882195 5.49160004 -1.37676167
