2.52844501 29.94107819 0.06253962
0.35975686 29.93108368 -0.81160843
0.37582460 29.93108368 -1.15382600
0.36583504 29.93108368 -1.36580932
0.35841689 29.93108368 -0.71597749
0.39651617 29.93108368 -0.86605579
0.41853216 29.93108368 -0.94688058
0.53750008 29.93108368 -1.38704932
1.38680422 29.93108368 0.67701507
1.29487598 29.93108368 0.66928929
1.20553100 29.93108368 0.68432969
1.13775194 29.93108368 0.69911492
1.04776013 29.93108368 0.73645580
0.96989661 29.93108368 0.74835449
0.80510944 29.93108368 0.72072333
0.86329001 29.93108368 0.74442530
0.72860837 29.93108368 0.68019331
0.66246831 29.93108368 0.63581616
0.59755617 29.93108368 0.58474648
0.52016145 29.93108368 0.54401046
0.45725548 29.93108368 0.48327723
0.34328198 29.93108368 0.39623106
0.33769581 29.93108368 0.29641327
0.34360549 29.93108368 0.21570860
0.34613237 29.93108368 0.13087155
0.39718896 29.93108368 0.04187433
0.35036927 29.93108368 -0.06382197
0.35054320 29.93108368 -0.22713691
0.35212383 29.93108368 -0.32647106
0.35397542 29.93108368 -0.42986137
0.35554513 29.93108368 -0.51464295
0.71910214 29.93108368 -1.40856028
0.87540096 29.93108368 -1.42629921
1.00549185 29.93108368 -1.42725933
1.13150525 29.93108368 -1.42543054
1.24625325 29.93108368 -1.42486298
1.49820101 29.93108368 -1.42357659
1.63843215 29.93108368 -1.42988217
1.73288214 29.93108368 -1.42669415
1.87834609 29.93108368 -1.42393839
2.02939248 29.93108368 -1.41228867
2.20346665 29.93108368 -1.38805199
2.33521652 29.93108368 -1.37217331
2.39967155 29.93108368 -1.34703183
2.44026780 29.93108368 -1.17178774
2.40858173 29.93108368 -1.28346884
2.46358633 29.93108368 -1.01953208
2.48059535 29.93108368 -0.85700351
2.46065044 29.93108368 -0.95414895
2.51047802 29.93108368 -0.77324539
2.52143288 29.93108368 -0.62960464
2.50819921 29.93108368 -0.71233362
2.50898719 29.93108368 -0.48763490
2.52404904 29.93108368 -0.35887903
2.52102065 29.93108368 -0.24868993
2.52221441 29.93108368 -0.13390456
2.53230047 29.93108368 0.00179486
2.53126740 29.93108368 0.12445509
2.54098272 29.93108368 0.22475272
2.46207285 29.93108368 0.33997259
2.51016855 29.93108368 0.28557733
2.39220881 29.93108368 0.42430633
2.31950641 29.93108368 0.50258720
2.21618295 29.93108368 0.59187371
2.02137542 29.93108368 0.62543827
2.10008788 29.93108368 0.62114751
1.82537663 29.93108368 0.63999778
1.73060966 29.93108368 0.61545002
1.66847253 29.93108368 0.62632185
1.60619915 29.93108368 0.64326775
1.50487602 29.93108368 0.66221505
1.90327930 29.93108368 0.63057631
