0.07028173 82.19997406 -0.13253088
1.62298834 82.19997406 0.42834774
0.84656298 82.19997406 0.56345052
1.47687483 82.18997955 0.45780718
1.31515586 82.18997955 0.49765354
1.19361269 82.18997955 0.50488871
1.11842549 82.18997955 0.50167918
1.00761819 82.18997955 0.48740426
0.91283327 82.18997955 0.52824467
0.70386201 82.18997955 0.53147310
0.78411615 82.18997955 0.56153655
0.52768755 82.18997955 0.52914846
0.63476384 82.18997955 0.52230382
0.45083594 82.18997955 0.51346266
0.24857226 82.18997955 0.45176053
0.35157260 82.18997955 0.49258509
0.17058362 82.18997955 0.33883309
0.16692035 82.18997955 0.41254911
0.08807160 82.18997955 0.19970185
0.05072886 82.18997955 0.11112372
0.05541410 82.18997955 -0.02467495
0.08484305 82.18997955 -0.19327341
-0.01006806 82.18997955 -0.37007162
-0.03069092 82.18997955 -0.62491822
0.02027361 82.18997955 -0.52889448
-0.07453731 82.18997955 -0.72876513
-0.09047804 82.18997955 -0.92934626
-0.07324985 82.18997955 -0.82086796
-0.10088432 82.18997955 -1.00648725
-0.09553294 82.18997955 -1.25849128
-0.07768249 82.18997955 -1.36159623
0.03648251 82.18997955 -1.58284867
0.29817754 82.18997955 -1.62029254
0.12833168 82.18997955 -1.57936728
0.50735563 82.18997955 -1.62494850
0.57745850 82.18997955 -1.62854624
0.70358026 82.18997955 -1.62677681
0.90924108 82.18997955 -1.62018037
0.98066849 82.18997955 -1.60708213
1.07760262 82.18997955 -1.62682700
1.23686683 82.18997955 -1.62472832
1.14171052 82.18997955 -1.62497938
1.31346893 82.18997955 -1.62198365
1.50304258 82.18997955 -1.61091948
1.58108914 82.18997955 -1.60786617
1.68727231 82.18997955 -1.53585577
1.77551579 82.18997955 -1.53342271
1.92443717 82.18997955 -1.50806725
1.99888599 82.18997955 -1.49787748
2.05990934 82.18997955 -1.37783980
2.06556821 82.18997955 -1.44388568
2.09791970 82.18997955 -1.23601222
2.09361410 82.18997955 -1.16825199
2.10853076 82.18997955 -1.08787894
2.14271951 82.18997955 -0.94214845
2.17104268 82.18997955 -0.87183827
2.17793894 82.18997955 -0.78992736
2.18540096 82.18997955 -0.71846652
2.17654991 82.18997955 -0.53581142
2.17022300 82.18997955 -0.42263952
2.21938467 82.18997955 -0.36362070
2.19893837 82.18997955 -0.22461428
2.16888595 82.18997955 -0.01671791
2.16061020 82.18997955 0.05467944
2.17119670 82.18997955 0.15465073
2.15525031 82.18997955 0.31587106
2.04202294 82.18997955 0.41969624
1.97202253 82.18997955 0.43457001
1.77375460 82.18997955 0.41437563
1.69013429 82.18997955 0.41322243
1.56717753 82.18997955 0.45037919
-0.02389349 82.18997955 -1.55818021
0.64149278 82.18997955 -1.62852585
1.39097333 82.18997955 -1.61989331
2.07107711 82.18997955 -1.29045606
2.08830118 82.18997955 -1.02811289
2.15161490 82.18997955 -0.60050541
2.17228436 82.18997955 -0.09077720
1.87314105 82.18997955 0.41784030
1.39701486 82.18997955 0.49233535
