-0.17420247 42.16082001 -0.78359109
-0.20877643 42.16082001 -1.39303517
2.01944399 42.16082001 -0.17271391
0.25155482 42.15082550 0.38449636
0.14767818 42.15082550 0.37852794
0.04037884 42.15082550 0.09295082
-0.02982580 42.15082550 0.01791830
-0.07500027 42.15082550 -0.08766583
-0.12176802 42.15082550 -0.19253641
-0.13248764 42.15082550 -0.29925108
-0.14290872 42.15082550 -0.41671422
-0.14468139 42.15082550 -0.51069140
-0.17124604 42.15082550 -0.60322613
-0.16400827 42.15082550 -0.69373941
-0.18086086 42.15082550 -0.84251654
-0.19253075 42.15082550 -0.95254731
-0.21534230 42.15082550 -1.02257383
-0.20577848 42.15082550 -1.13562572
-0.20174149 42.15082550 -1.22236001
-0.20849290 42.15082550 -1.30616045
-0.12256765 42.15082550 -1.48437250
0.01539811 42.15082550 -1.50912941
0.13009672 42.15082550 -1.52453887
0.32526302 42.15082550 -1.52804410
0.40025517 42.15082550 -1.53158498
0.47397357 42.15082550 -1.53481543
0.53721797 42.15082550 -1.54445052
0.60139883 42.15082550 -1.54188061
0.66643143 42.15082550 -1.55841541
0.77166581 42.15082550 -1.56275332
0.86792296 42.15082550 -1.56264031
0.96599013 42.15082550 -1.55175304
1.08967316 42.15082550 -1.52731597
1.15505254 42.15082550 -1.52847624
1.22966492 42.15082550 -1.52355754
1.31435132 42.15082550 -1.52728069
1.41029119 42.15082550 -1.52632785
0.10559369 42.15082550 0.20468806
-0.19778879 42.15082550 -1.45252538
0.23550922 42.15082550 -1.53029680
1.52227652 42.15082550 -1.52586997
0.82001835 42.15082550 0.49860838
0.94906706 42.15082550 0.47152874
0.50159740 42.15082550 0.49239489
0.73248518 42.15082550 0.47228068
0.41842520 42.15082550 0.42861995
1.69869637 42.15082550 -1.54721141
1.85489702 42.15082550 -1.52923441
2.03407383 42.15082550 -1.49790144
2.09429550 42.15082550 -1.47076821
2.09038734 42.15082550 -1.38729119
2.06046271 42.15082550 -1.25701559
2.07195520 42.15082550 -1.14522016
2.05418944 42.15082550 -1.01573575
2.04585028 42.15082550 -0.88974237
2.01832938 42.15082550 -0.61188072
2.02747965 42.15082550 -0.71479684
1.99229228 42.15082550 -0.38355252
2.00086451 42.15082550 -0.48487929
2.02813578 42.15082550 -0.23244420
1.91841054 42.15082550 -0.00810389
1.84256399 42.15082550 0.10526008
1.73217499 42.15082550 0.23976667
1.49744499 42.15082550 0.37137225
1.27022839 42.15082550 0.38852397
1.35902464 42.15082550 0.36888182
1.15415919 42.15082550 0.41337419
1.58791769 42.15082550 0.33920446
