1.22890890 8.62152863 0.57629532
1.03901684 8.62152863 0.55222839
0.32169744 8.62152863 -0.70243394
0.32316926 8.62152863 -0.87043327
2.69618392 8.62152863 -0.68757486
2.10890508 8.61153412 0.40062219
2.22344708 8.61153412 0.37126398
2.34026384 8.61153412 0.30926529
2.39544964 8.61153412 0.16521135
2.45365834 8.61153412 0.10634762
2.54215884 8.61153412 -0.07793057
2.60050225 8.61153412 -0.24249741
2.61536527 8.61153412 -0.31485227
2.62813234 8.61153412 -0.41799116
2.69912553 8.61153412 -0.57888389
2.69546032 8.61153412 -0.76193976
2.73976111 8.61153412 -0.87218088
2.77289271 8.61153412 -1.02846849
2.73701406 8.61153412 -1.15042949
2.70431376 8.61153412 -1.22144902
2.61941552 8.61153412 -1.31161189
2.53036594 8.61153412 -1.36275673
2.39089417 8.61153412 -1.37385178
2.23553514 8.61153412 -1.35519421
2.13762665 8.61153412 -1.37607849
2.04718757 8.61153412 -1.40434659
1.96770227 8.61153412 -1.41285813
1.88727248 8.61153412 -1.42488825
1.81045175 8.61153412 -1.43122351
1.73762047 8.61153412 -1.43004513
1.58766186 8.61153412 -1.41573954
1.50384080 8.61153412 -1.42479193
1.43615711 8.61153412 -1.42917037
1.36491334 8.61153412 -1.43414593
1.29042709 8.61153412 -1.43003035
1.21936560 8.61153412 -1.43215370
1.15234768 8.61153412 -1.42451239
1.08352768 8.61153412 -1.40551960
0.95172435 8.61153412 -1.38508153
0.87247884 8.61153412 -1.38185656
0.72862685 8.61153412 -1.36944687
0.60011762 8.61153412 -1.35639620
0.44773123 8.61153412 -1.32347834
0.29593799 8.61153412 -1.28054762
0.26691523 8.61153412 -1.16289771
0.25351033 8.61153412 -1.10354149
0.26990506 8.61153412 -1.03633881
0.31173596 8.61153412 -0.93811440
0.30895621 8.61153412 -0.76038927
0.32253155 8.61153412 -0.62753391
0.34214607 8.61153412 -0.53935248
0.38721791 8.61153412 -0.39413506
0.37437356 8.61153412 -0.27566895
0.37571618 8.61153412 -0.16600482
0.37758759 8.61153412 -0.05010525
0.38459930 8.61153412 0.04903172
0.42176309 8.61153412 0.20385049
0.47149575 8.61153412 0.27238074
0.56555587 8.61153412 0.37783599
0.66472208 8.61153412 0.38372400
0.77563620 8.61153412 0.47290352
0.85999465 8.61153412 0.48748866
0.97058535 8.61153412 0.53472453
1.11983788 8.61153412 0.57636040
1.32278204 8.61153412 0.57086480
1.41847181 8.61153412 0.55885917
1.54320002 8.61153412 0.54387486
1.62817061 8.61153412 0.51131815
1.75435352 8.61153412 0.44420987
1.88196778 8.61153412 0.39882746
1.66453552 8.61153412 -1.42668772
1.96990287 8.61153412 0.39209095
2.33871031 8.61153412 0.42200944
