0.18739170 -25.17775726 -0.39072335
0.19434802 -25.17775726 -0.57759023
2.19276953 -25.17775726 -1.42115080
2.31774354 -25.17775726 -1.40290272
2.31395578 -25.17775726 0.56514096
1.96682084 -25.17775726 0.69034207
1.83919799 -25.17775726 0.74368179
1.29939842 -25.17775726 0.69137895
1.04517806 -25.17775726 0.65045059
0.87984031 -25.17775726 0.65729094
0.62813258 -25.17775726 0.61362344
0.30150583 -25.18775177 0.28826746
0.26662922 -25.18775177 0.21081661
0.23017611 -25.18775177 -0.05490484
0.23173742 -25.18775177 0.02624690
0.22240168 -25.18775177 -0.19749622
0.21377467 -25.18775177 -0.26779667
0.18903284 -25.18775177 -0.46093407
0.18519324 -25.18775177 -0.65078259
0.17953345 -25.18775177 -0.74422467
0.17886093 -25.18775177 -0.95352900
0.10925264 -25.18775177 -1.28233695
0.10728152 -25.18775177 -1.34597003
0.21068338 -25.18775177 -1.44089127
0.40714943 -25.18775177 -1.45633447
0.34527510 -25.18775177 -1.45199859
0.52667004 -25.18775177 -1.46081567
0.80718380 -25.18775177 -1.43611836
0.93143874 -25.18775177 -1.43797278
1.03916061 -25.18775177 -1.43419027
1.22746670 -25.18775177 -1.43115199
1.31059480 -25.18775177 -1.43319130
1.40123510 -25.18775177 -1.43218875
1.51115143 -25.18775177 -1.42932832
1.57732892 -25.18775177 -1.42736864
1.71978819 -25.18775177 -1.40617716
1.81493878 -25.18775177 -1.40631342
1.91521239 -25.18775177 -1.41300905
2.01908231 -25.18775177 -1.41511858
2.11790347 -25.18775177 -1.42494786
2.25427175 -25.18775177 -1.41743767
2.39994717 -25.18775177 -1.38257670
2.53302383 -25.18775177 -1.25853622
2.65325069 -25.18775177 -1.12247336
2.66828990 -25.18775177 -0.98580235
2.68422008 -25.18775177 -0.78369850
2.69457388 -25.18775177 -0.65075427
2.66099811 -25.18775177 -0.53753930
2.64380026 -25.18775177 -0.09101088
2.51632023 -25.18775177 0.07347066
2.53232741 -25.18775177 0.21456514
2.52291703 -25.18775177 0.35134554
2.24822593 -25.18775177 0.58585304
2.12127090 -25.18775177 0.62457818
2.02167535 -25.18775177 0.66225761
1.90298080 -25.18775177 0.71575272
1.77634752 -25.18775177 0.76892960
1.70435870 -25.18775177 0.76765722
1.58496618 -25.18775177 0.73994100
1.46415102 -25.18775177 0.71730876
1.23984802 -25.18775177 0.68705183
1.16748881 -25.18775177 0.66668183
0.97597015 -25.18775177 0.63835782
0.80383837 -25.18775177 0.66173774
0.56217611 -25.18775177 0.58091336
0.37029237 -25.18775177 0.44885826
0.26461387 -25.18775177 0.11628422
0.22868735 -25.18775177 -0.11932108
0.18402931 -25.18775177 -0.84224451
0.18130970 -25.18775177 -1.04611194
0.09412032 -25.18775177 -1.40923893
0.70957047 -25.18775177 -1.43865955
1.14338171 -25.18775177 -1.42335761
2.47124195 -25.18775177 -1.33743668
2.70410585 -25.18775177 -0.48448431
2.48518181 -25.18775177 0.45532462
2.37029123 -25.18775177 0.53794116
1.37694275 -25.18775177 0.69736874
0.68325090 -25.18775177 0.67722571
0.42247790 -25.18775177 0.47999609
0.34046417 -25.18775177 0.35941270
2.73043060 -25.18775177 -0.34608483
2.72720337 -25.18775177 -0.23440887
2.69894361 -25.18775177 -0.14141783
