1.10687685 -46.49730682 -1.44545937
1.04719281 -46.50730133 -1.44088805
0.95836210 -46.50730133 -1.44277298
0.89595103 -46.50730133 -1.44888520
0.80261225 -46.50730133 -1.43538809
0.72713357 -46.50730133 -1.43053138
0.64313775 -46.50730133 -1.42630649
0.54238498 -46.50730133 -1.43071437
0.41287667 -46.50730133 -1.45026028
0.24931596 -46.50730133 -1.45325029
0.09126507 -46.50730133 -1.45582402
-0.11014460 -46.50730133 -1.43805408
-0.19115360 -46.50730133 -1.39006102
-0.14597856 -46.50730133 -1.31450140
-0.17103717 -46.50730133 -1.19797254
-0.15189622 -46.50730133 -1.06681204
-0.03855590 -46.50730133 -0.84963888
-0.05493762 -46.50730133 -0.78271645
-0.03264381 -46.50730133 -0.64245629
-0.04523042 -46.50730133 -0.54110050
-0.03223998 -46.50730133 -0.43747178
-0.00976110 -46.50730133 -0.30686811
0.01007143 -46.50730133 -0.19773932
0.01564232 -46.50730133 -0.07005154
-0.00691287 -46.50730133 0.07682956
0.01016230 -46.50730133 0.22851057
0.06832512 -46.50730133 0.35494038
0.12875982 -46.50730133 0.48462591
0.31730679 -46.50730133 0.53712577
0.45564348 -46.50730133 0.56206143
0.62827557 -46.50730133 0.61289638
0.69569582 -46.50730133 0.63543081
0.80939329 -46.50730133 0.62621212
0.92871088 -46.50730133 0.62090409
1.12421000 -46.50730133 0.65295172
1.18990541 -46.50730133 0.61416459
1.35246301 -46.50730133 0.65578526
1.41476679 -46.50730133 0.63970196
1.60357833 -46.50730133 0.62019396
1.65641475 -46.50730133 0.57450479
1.85916591 -46.50730133 0.48789829
1.98345876 -46.50730133 0.47891828
2.05291033 -46.50730133 0.44552550
2.03570819 -46.50730133 0.30049190
2.14838409 -46.50730133 0.22555763
2.18905020 -46.50730133 0.13088506
2.23507953 -46.50730133 0.02162746
2.28483343 -46.50730133 -0.08009755
2.36743951 -46.50730133 -0.27924457
2.40501094 -46.50730133 -0.37950844
2.44793940 -46.50730133 -0.43548054
2.51591921 -46.50730133 -0.64707255
2.50906897 -46.50730133 -0.83425254
2.52708006 -46.50730133 -0.96718347
2.45801020 -46.50730133 -1.09475613
2.45835519 -46.50730133 -1.18167937
2.50276947 -46.50730133 -1.26145220
2.40598726 -46.50730133 -1.32201052
2.27392173 -46.50730133 -1.38674688
2.11729193 -46.50730133 -1.41702604
1.94187915 -46.50730133 -1.40624952
1.81707799 -46.50730133 -1.41244161
1.70321488 -46.50730133 -1.42385828
1.62429881 -46.50730133 -1.42856324
1.54491818 -46.50730133 -1.44867492
1.48212838 -46.50730133 -1.46141469
1.40336967 -46.50730133 -1.44557941
1.32488620 -46.50730133 -1.44392323
1.25530434 -46.50730133 -1.44587898
1.18818462 -46.50730133 -1.44432425
