2.29580545 49.17067719 0.54036915
2.35607338 49.17067719 0.55082935
2.59221530 49.17067719 0.46922281
2.74236417 49.17067719 0.32808837
2.83615828 49.17067719 0.13714623
2.92129230 49.17067719 0.04545262
2.89737391 49.17067719 -0.06850196
2.92207384 49.17067719 -0.30598819
2.94473481 49.17067719 -0.49793649
2.97585511 49.17067719 -0.63483113
3.03780484 49.17067719 -0.76851600
2.94943714 49.17067719 -0.87567616
2.86655331 49.17067719 -1.07279301
2.82351446 49.17067719 -1.20296359
2.79213738 49.17067719 -1.35299182
2.84089065 49.17067719 -1.46143293
2.76956654 49.17067719 -1.51676667
2.61720729 49.17067719 -1.54843068
2.46080303 49.17067719 -1.54879975
2.31652522 49.17067719 -1.54296660
2.15815997 49.17067719 -1.48316383
2.04290009 49.17067719 -1.46650267
1.94203508 49.17067719 -1.46675515
1.84460282 49.17067719 -1.47581983
1.71268487 49.17067719 -1.48627901
1.65105939 49.17067719 -1.48110259
1.47688007 49.17067719 -1.46782577
1.37618852 49.17067719 -1.47519279
1.26893032 49.17067719 -1.47495139
1.16326737 49.17067719 -1.47835469
1.06070316 49.17067719 -1.45835280
0.93029070 49.17067719 -1.45754266
0.77325678 49.17067719 -1.45640886
0.60194874 49.17067719 -1.45355868
0.44330868 49.17067719 -1.41720569
0.30920905 49.17067719 -1.36200380
0.30046874 49.17067719 -1.13663507
0.31574839 49.17067719 -1.01009071
0.32157481 49.17067719 -0.81737167
0.36889753 49.17067719 -0.67855847
0.39202988 49.17067719 -0.61200207
0.31303301 49.17067719 -0.50990665
0.31586936 49.17067719 -0.27894336
0.31767094 49.17067719 -0.16707084
0.40794468 49.17067719 -0.05771577
0.37927207 49.17067719 0.07110245
0.32435286 49.17067719 0.22778346
0.34529006 49.17067719 0.36298454
0.37503922 49.17067719 0.47574034
0.44548079 49.17067719 0.47722507
0.55843806 49.17067719 0.56943929
0.71404040 49.17067719 0.57106531
0.86048669 49.17067719 0.58937824
1.06592989 49.17067719 0.59444898
1.30035889 49.17067719 0.58395106
1.39888191 49.17067719 0.62116069
1.49497211 49.17067719 0.58943254
1.65244782 49.17067719 0.57224286
1.75015759 49.17067719 0.61598170
1.82534730 49.17067719 0.59587014
1.99733877 49.17067719 0.57264340
2.05960011 49.17067719 0.58742982
2.18626189 49.17067719 0.55030435
