0.31829515 -63.65694427 -0.34253410
2.30767012 -63.65694427 -1.42782545
0.43190694 -63.66693878 -0.08602319
0.37092745 -63.66693878 -0.15738063
0.32345107 -63.66693878 -0.27003938
0.31319597 -63.66693878 -0.41778609
0.30686492 -63.66693878 -0.55577612
0.22392358 -63.66693878 -0.64045835
0.18153988 -63.66693878 -0.74431652
0.08991927 -63.66693878 -0.90216118
0.12859517 -63.66693878 -1.06347179
0.21469489 -63.66693878 -1.20027161
0.33745661 -63.66693878 -1.28610623
0.46330637 -63.66693878 -1.32734966
0.69118035 -63.66693878 -1.38925350
0.80040693 -63.66693878 -1.41454852
0.89755398 -63.66693878 -1.43456995
1.00604248 -63.66693878 -1.44866443
1.12230766 -63.66693878 -1.46228206
1.24226642 -63.66693878 -1.48939621
1.36157095 -63.66693878 -1.49177456
1.47608614 -63.66693878 -1.49662495
1.66559994 -63.66693878 -1.48094451
1.76284349 -63.66693878 -1.48591888
1.98212767 -63.66693878 -1.47829509
2.08221054 -63.66693878 -1.45207441
2.20515227 -63.66693878 -1.43445230
2.36742282 -63.66693878 -1.42505133
2.43337631 -63.66693878 -1.18379164
0.47330230 -63.66693878 0.01332785
0.09033757 -63.66693878 -0.97449857
0.24399598 -63.66693878 -1.25351727
0.60431635 -63.66693878 -1.36931813
1.18163979 -63.66693878 -1.47953713
1.57046592 -63.66693878 -1.49642301
1.88498724 -63.66693878 -1.48197865
2.47088408 -63.66693878 -1.39022994
1.04382133 -63.66693878 0.48742917
1.14482570 -63.66693878 0.55318505
0.97605562 -63.66693878 0.48378086
0.79820490 -63.66693878 0.45785064
0.89931244 -63.66693878 0.46365002
0.73417652 -63.66693878 0.40269804
0.62847996 -63.66693878 0.29601777
0.69120151 -63.66693878 0.34778106
0.57793570 -63.66693878 0.24499583
0.51023346 -63.66693878 0.17296909
0.49758810 -63.66693878 0.06962042
2.52404523 -63.66693878 -1.11128247
2.48973727 -63.66693878 -0.87641943
2.56611133 -63.66693878 -0.83850598
2.54408765 -63.66693878 -0.77683747
2.51507187 -63.66693878 -0.67990297
2.49241114 -63.66693878 -0.57765985
2.44929314 -63.66693878 -0.47616819
2.39970350 -63.66693878 -0.35949460
2.32523155 -63.66693878 -0.19757968
2.37305951 -63.66693878 -0.27478117
2.29383945 -63.66693878 -0.14227813
2.24369216 -63.66693878 -0.01092412
2.21421885 -63.66693878 0.06634766
2.17861152 -63.66693878 0.17560659
2.15525246 -63.66693878 0.24593936
2.14297462 -63.66693878 0.35957277
2.08995461 -63.66693878 0.45215192
2.01647496 -63.66693878 0.50895953
1.91857696 -63.66693878 0.54781055
1.53220677 -63.66693878 0.63114750
1.65081024 -63.66693878 0.61301327
1.32174945 -63.66693878 0.59886545
1.44093084 -63.66693878 0.63625985
1.23841238 -63.66693878 0.57828236
1.79500890 -63.66693878 0.59006292
