1.59440351 30.46106720 -1.43521225
0.33120903 30.46106720 -0.86392933
0.35019693 30.46106720 -0.68014795
0.33273679 30.46106720 -0.20960169
2.00586796 30.46106720 0.59879297
0.38386801 30.45107269 0.55495232
0.27156660 30.45107269 0.44720441
0.29560900 30.45107269 0.33444849
0.29922351 30.45107269 0.25666064
0.30726650 30.45107269 0.16633303
0.35708055 30.45107269 0.06157194
0.37180600 30.45107269 -0.11552802
0.30246508 30.45107269 -0.29671866
0.30721131 30.45107269 -0.40081224
0.31258315 30.45107269 -0.51450849
0.35092252 30.45107269 -0.74886936
0.32843584 30.45107269 -0.92605519
0.30113918 30.45107269 -1.15486908
0.31190965 30.45107269 -1.09049308
0.38968304 30.45107269 -1.34954512
0.46509069 30.45107269 -1.38269556
0.60633689 30.45107269 -1.40749335
0.75262141 30.45107269 -1.42005634
0.90157825 30.45107269 -1.43714154
1.02596331 30.45107269 -1.43349612
1.18530095 30.45107269 -1.42806149
1.33316970 30.45107269 -1.42980659
1.46974564 30.45107269 -1.42698181
1.68653893 30.45107269 -1.44159734
1.80466270 30.45107269 -1.43704569
1.96951330 30.45107269 -1.42451882
2.05219150 30.45107269 -1.41916454
0.34266958 30.45107269 -1.24353600
0.37648743 30.45107269 -0.57886982
0.37617469 30.45107269 -0.00832912
0.44609869 30.45107269 0.62276554
1.53454959 30.45107269 0.70530427
1.59952199 30.45107269 0.69085836
1.65862024 30.45107269 0.67699492
1.68049037 30.45107269 0.61178833
1.77395248 30.45107269 0.60379243
1.87537491 30.45107269 0.60032475
1.94591510 30.45107269 0.59535134
2.09921670 30.45107269 0.60999978
2.19758773 30.45107269 0.58954579
2.29370046 30.45107269 0.51962000
2.35321379 30.45107269 0.44880804
2.38606620 30.45107269 0.32433057
2.38728523 30.45107269 0.24831949
2.40910077 30.45107269 0.12430658
2.45960879 30.45107269 -0.00155114
2.51207519 30.45107269 -0.11613706
2.52280831 30.45107269 -0.23668136
2.51525474 30.45107269 -0.43231463
2.49531794 30.45107269 -0.55467814
2.48520350 30.45107269 -0.67485148
2.47768021 30.45107269 -0.81247872
2.49660206 30.45107269 -0.99923110
2.42136860 30.45107269 -1.10989058
2.41811538 30.45107269 -1.37768841
2.26705837 30.45107269 -1.40493536
2.11480308 30.45107269 -1.41525340
0.52097207 30.45107269 0.69524497
0.57751012 30.45107269 0.75082296
0.65384805 30.45107269 0.79429281
0.74975103 30.45107269 0.81649840
0.85826761 30.45107269 0.87636644
1.03018939 30.45107269 0.81956691
1.10842121 30.45107269 0.78218418
1.18389702 30.45107269 0.74364173
1.26074469 30.45107269 0.71037835
1.39449644 30.45107269 0.74394351
1.46843767 30.45107269 0.72515988
