0.31170860 30.72106171 -0.90479398
0.28714702 30.72106171 -1.27785301
0.30056301 30.72106171 -1.09266496
0.34407416 30.72106171 -0.78534675
2.48485422 30.72106171 -0.79699099
2.47945166 30.71106720 -0.72747833
2.48000097 30.71106720 -0.86991799
2.44810247 30.71106720 -1.06094027
2.42287970 30.71106720 -1.19565606
2.37499881 30.71106720 -1.34658194
2.14561892 30.71106720 -1.42484641
2.03992867 30.71106720 -1.43837416
1.89321470 30.71106720 -1.45138133
1.70209587 30.71106720 -1.45399559
1.56846583 30.71106720 -1.44735348
1.39873612 30.71106720 -1.43540621
1.22785556 30.71106720 -1.44139934
1.08694053 30.71106720 -1.43642902
0.95490068 30.71106720 -1.44255781
0.82911927 30.71106720 -1.43639898
0.70532787 30.71106720 -1.42758465
0.53982759 30.71106720 -1.40869153
0.39085424 30.71106720 -1.38557637
0.31648660 30.71106720 -1.15605974
0.30529103 30.71106720 -0.96487868
0.33321437 30.71106720 -0.84896350
0.35697830 30.71106720 -0.70682073
0.39395344 30.71106720 -0.57778621
0.39699715 30.71106720 -0.47318736
0.40805823 30.71106720 -0.37450296
0.41833121 30.71106720 -0.27146938
0.43789443 30.71106720 -0.09033822
0.43823412 30.71106720 0.00807930
1.33369851 30.71106720 -1.43846655
0.30503076 30.71106720 -1.34180760
0.44310814 30.71106720 0.09869228
2.50477886 30.71106720 -0.65713787
2.26046753 30.71106720 -1.40997899
1.82348728 30.71106720 -1.45017672
0.43886605 30.71106720 0.18063045
0.48374259 30.71106720 0.31209993
0.51924890 30.71106720 0.39373350
0.54669958 30.71106720 0.52628827
0.48846740 30.71106720 0.64513516
0.55334169 30.71106720 0.68338615
0.72596288 30.71106720 0.66054428
0.86051518 30.71106720 0.72111821
1.07753110 30.71106720 0.61895996
1.14177978 30.71106720 0.62829411
1.23307288 30.71106720 0.63125926
1.29811800 30.71106720 0.63194752
1.40909696 30.71106720 0.59463644
1.47494674 30.71106720 0.55345374
1.56448483 30.71106720 0.53613174
1.62181544 30.71106720 0.50710338
1.72734058 30.71106720 0.54110545
1.79631782 30.71106720 0.55480671
1.88217819 30.71106720 0.53730834
1.96327603 30.71106720 0.52360588
2.15848327 30.71106720 0.52905595
2.24627423 30.71106720 0.51776242
2.36923480 30.71106720 0.44727409
2.40082812 30.71106720 0.18760771
2.47374654 30.71106720 0.04763048
2.50647926 30.71106720 -0.01909710
2.51893902 30.71106720 -0.11535942
2.52582288 30.71106720 -0.20570898
2.52936220 30.71106720 -0.34684896
2.54912210 30.71106720 -0.47415167
2.38561130 30.71106720 0.38652608
2.08600974 30.71106720 0.55187047
