0.02345113 62.70038605 -0.99448121
0.34190637 62.69039154 -1.46820283
0.16964707 62.69039154 -1.45588195
0.12078626 62.69039154 -1.40355837
0.05138224 62.69039154 -1.30166006
-0.00664063 62.69039154 -1.15928090
0.03809424 62.69039154 -0.92903441
0.04093194 62.69039154 -0.77246493
0.06902295 62.69039154 -0.61710364
0.07603341 62.69039154 -0.49934345
1.13883698 62.69039154 0.68348378
1.07168603 62.69039154 0.68296945
1.01286626 62.69039154 0.66452199
0.88316506 62.69039154 0.63526410
0.80119407 62.69039154 0.61921024
0.73566025 62.69039154 0.61386800
0.63825566 62.69039154 0.60750073
0.41123882 62.69039154 0.62973297
0.51500612 62.69039154 0.62799209
0.35029244 62.69039154 0.61193520
0.24994177 62.69039154 0.54155588
0.17118585 62.69039154 0.45572284
0.12746795 62.69039154 0.30543455
0.09704234 62.69039154 0.24491097
0.07195969 62.69039154 0.10449056
0.03464863 62.69039154 -0.03171006
0.11218864 62.69039154 -0.17705700
0.06225400 62.69039154 -0.08623178
0.08922149 62.69039154 -0.37308654
0.60721225 62.69039154 -1.51735902
0.76270932 62.69039154 -1.51276624
0.91754413 62.69039154 -1.49430418
1.12463045 62.69039154 -1.48443735
1.28527176 62.69039154 -1.48171115
1.39863312 62.69039154 -1.47747171
1.56082737 62.69039154 -1.48461127
1.66542900 62.69039154 -1.47736037
1.84687543 62.69039154 -1.46546316
1.99191129 62.69039154 -1.45762014
2.01588130 62.69039154 -1.35517645
2.18856788 62.69039154 -1.21148765
2.24598837 62.69039154 -1.16080630
2.27518058 62.69039154 -1.07936287
2.24961138 62.69039154 -0.89155102
2.26473713 62.69039154 -0.75604850
2.24533725 62.69039154 -0.61725557
2.24153185 62.69039154 -0.49331534
2.24290800 62.69039154 -0.36294776
2.21697164 62.69039154 -0.25494462
2.20635152 62.69039154 -0.15575196
2.20682430 62.69039154 -0.00200551
2.19890165 62.69039154 0.06613210
2.18667388 62.69039154 0.17517571
2.18213534 62.69039154 0.24735896
2.14885545 62.69039154 0.41805822
2.10396647 62.69039154 0.49448419
2.01026392 62.69039154 0.53904253
1.93368888 62.69039154 0.59121591
1.79624581 62.69039154 0.58335972
1.69478142 62.69039154 0.58993459
1.61069965 62.69039154 0.60353464
1.52952242 62.69039154 0.60708082
1.46269977 62.69039154 0.61884087
1.35239649 62.69039154 0.64318371
1.24487972 62.69039154 0.66594833
0.50242937 62.69039154 -1.50293207
