0.16665447 -49.35724640 0.46083376
0.56855649 -49.35724640 -1.44239020
2.33064747 -49.35724640 -0.74437982
2.24620795 -49.35724640 -0.42975295
2.15541387 -49.35724640 0.00541227
1.38316000 -49.35724640 0.69332415
1.23747659 -49.36724091 0.70219314
1.31277394 -49.36724091 0.68811154
1.44814694 -49.36724091 0.69850993
1.51329029 -49.36724091 0.70301116
1.65550876 -49.36724091 0.65983719
1.86583161 -49.36724091 0.71341568
1.91564429 -49.36724091 0.59920925
1.97047508 -49.36724091 0.48102415
2.02998233 -49.36724091 0.34909311
2.09346032 -49.36724091 0.24142474
2.15356803 -49.36724091 -0.11367700
2.18807840 -49.36724091 -0.24339877
2.22053838 -49.36724091 -0.37120426
2.28607965 -49.36724091 -0.53703308
2.31235647 -49.36724091 -0.68094653
2.36055350 -49.36724091 -0.91494024
2.38395047 -49.36724091 -1.11942840
2.32298923 -49.36724091 -1.30935431
2.14505196 -49.36724091 -1.38236237
1.95106351 -49.36724091 -1.41335547
1.75852418 -49.36724091 -1.41159225
1.58462870 -49.36724091 -1.43255627
1.45734465 -49.36724091 -1.44585633
1.30910051 -49.36724091 -1.45389867
1.16859758 -49.36724091 -1.45587206
1.05178297 -49.36724091 -1.45534372
0.98856580 -49.36724091 -1.45714200
0.89008349 -49.36724091 -1.45886588
0.69602787 -49.36724091 -1.45108557
0.62976897 -49.36724091 -1.44703960
0.39392701 -49.36724091 -1.43736875
0.31475118 -49.36724091 -1.43866491
0.25180617 -49.36724091 -1.44016933
0.15469892 -49.36724091 -1.44638717
0.08396288 -49.36724091 -1.44384754
-0.09918748 -49.36724091 -1.42208326
-0.18247384 -49.36724091 -1.41993034
-0.26817039 -49.36724091 -1.38733673
-0.32663858 -49.36724091 -1.33567309
-0.39076573 -49.36724091 -1.29351187
-0.39886829 -49.36724091 -1.20938635
-0.51146513 -49.36724091 -1.05902302
-0.54135031 -49.36724091 -0.95282286
-0.50873041 -49.36724091 -0.74314851
-0.49313834 -49.36724091 -0.61930555
-0.37420592 -49.36724091 -0.48983994
-0.31931204 -49.36724091 -0.43358648
-0.27660811 -49.36724091 -0.35164461
-0.23754236 -49.36724091 -0.29449514
-0.16889687 -49.36724091 -0.16131663
-0.13648906 -49.36724091 -0.06419919
-0.09027639 -49.36724091 0.02891656
-0.02497941 -49.36724091 0.20997438
0.00254256 -49.36724091 0.26353624
0.13401040 -49.36724091 0.40917525
0.18618479 -49.36724091 0.51824403
0.19957173 -49.36724091 0.59017402
0.29807591 -49.36724091 0.64014113
0.37186143 -49.36724091 0.61784667
0.54659492 -49.36724091 0.63815516
0.72593552 -49.36724091 0.68547863
0.78999728 -49.36724091 0.69899148
0.90177560 -49.36724091 0.72114652
0.99230754 -49.36724091 0.69767612
1.06529403 -49.36724091 0.70245486
1.14613473 -49.36724091 0.71110541
0.45985216 -49.36724091 0.61171335
0.22933756 -49.36724091 0.65533334
0.11988080 -49.36724091 0.33050752
-0.05237645 -49.36724091 0.10458240
-0.20107546 -49.36724091 -0.22405653
-0.54995447 -49.36724091 -0.84796470
-0.47307733 -49.36724091 -1.14573324
-0.00525533 -49.36724091 -1.43391597
2.40140390 -49.36724091 -1.23458397
2.13767099 -49.36724091 0.15626149
0.61588895 -49.36724091 0.67071015
