1.65666902 -28.29769135 0.68241990
2.60770750 -28.29769135 0.29681703
1.59698391 -28.30768585 0.67743534
1.71886945 -28.30768585 0.65536684
1.80101657 -28.30768585 0.63250035
1.86400688 -28.30768585 0.64535660
1.95328450 -28.30768585 0.61771399
2.08952308 -28.30768585 0.58982968
2.14737058 -28.30768585 0.54079622
2.20681834 -28.30768585 0.58818334
2.31614709 -28.30768585 0.57688880
2.39145160 -28.30768585 0.53004217
2.54828835 -28.30768585 0.51278204
2.61621261 -28.30768585 0.14508319
2.64285111 -28.30768585 0.01312620
2.65320611 -28.30768585 -0.09411244
2.60500407 -28.30768585 -0.18030083
2.64846087 -28.30768585 -0.25621867
2.69999504 -28.30768585 -0.39142278
2.70833182 -28.30768585 -0.46952000
2.71493030 -28.30768585 -0.54222500
2.71810389 -28.30768585 -0.65250307
2.69546390 -28.30768585 -0.72738320
2.67502499 -28.30768585 -0.86715251
2.65123391 -28.30768585 -0.96159369
2.63254833 -28.30768585 -1.01881802
2.55662465 -28.30768585 -1.16436243
2.50816464 -28.30768585 -1.28145206
2.44693208 -28.30768585 -1.38190961
2.40939856 -28.30768585 -1.43479514
2.30052018 -28.30768585 -1.45429850
2.16963601 -28.30768585 -1.43798852
2.07083869 -28.30768585 -1.45076597
1.97970200 -28.30768585 -1.46447921
1.89950109 -28.30768585 -1.47553086
1.81520450 -28.30768585 -1.48237240
1.70834970 -28.30768585 -1.46207869
1.57452893 -28.30768585 -1.45296073
1.45806956 -28.30768585 -1.45134950
1.34631348 -28.30768585 -1.44839406
1.28289235 -28.30768585 -1.44041693
1.21117330 -28.30768585 -1.42680311
1.08556318 -28.30768585 -1.43962264
0.98637569 -28.30768585 -1.43667436
0.86414099 -28.30768585 -1.43977273
0.72832233 -28.30768585 -1.43880582
0.54731625 -28.30768585 -1.42911386
0.43750009 -28.30768585 -1.40070438
0.39278153 -28.30768585 -1.35290241
0.30232438 -28.30768585 -1.23885214
0.29637057 -28.30768585 -1.05155540
0.31829268 -28.30768585 -0.92000121
0.33473140 -28.30768585 -0.80077243
0.36653599 -28.30768585 -0.67714030
0.36944842 -28.30768585 -0.58552182
0.37515453 -28.30768585 -0.40329081
0.37077913 -28.30768585 -0.30241644
0.33086604 -28.30768585 -0.13664168
0.30522427 -28.30768585 -0.02184425
0.32707909 -28.30768585 0.09439159
0.35383332 -28.30768585 0.22730465
0.43233964 -28.30768585 0.28188148
0.54859376 -28.30768585 0.41695717
0.60000342 -28.30768585 0.51534563
0.66617906 -28.30768585 0.53098553
1.14287329 -28.30768585 0.64527935
1.32647276 -28.30768585 0.67793667
1.41150904 -28.30768585 0.71893805
1.47601235 -28.30768585 0.71164203
2.54890394 -28.30768585 0.40454358
2.57429314 -28.30768585 0.34968147
0.28305581 -28.30768585 -1.17908466
1.23615706 -28.30768585 0.65174425
