0.19449063 -80.03659821 -0.29292843
0.25242212 -80.03659821 0.52164608
2.84180665 -80.03659821 0.61515057
2.99233890 -80.03659821 0.51356167
3.46848345 -80.03659821 0.22237682
1.30050457 -80.04659271 1.07176340
1.18375432 -80.04659271 1.09114850
1.03094959 -80.04659271 1.05893552
0.92528963 -80.04659271 1.03557932
0.86089844 -80.04659271 1.01544464
0.75905055 -80.04659271 0.98207748
0.66080648 -80.04659271 0.92890388
0.57923317 -80.04659271 0.86136019
0.46558881 -80.04659271 0.81147873
0.38581976 -80.04659271 0.73812711
0.33242548 -80.04659271 0.64705771
0.24706049 -80.04659271 0.45907313
0.23193283 -80.04659271 0.33844224
0.19956328 -80.04659271 0.14089617
0.18754031 -80.04659271 0.02030169
0.17957529 -80.04659271 -0.13779277
0.19302343 -80.04659271 -0.06048366
0.18623669 -80.04659271 -0.36032388
0.18531679 -80.04659271 -0.51698881
0.19795844 -80.04659271 -0.45006537
0.11157426 -80.04659271 -0.72379696
0.12315317 -80.04659271 -0.65950638
0.12281703 -80.04659271 -0.91409057
0.14636853 -80.04659271 -0.78952563
0.05999137 -80.04659271 -1.17327726
0.06823447 -80.04659271 -1.27958429
0.30308101 -80.04659271 -1.36220562
0.20706883 -80.04659271 -1.35406578
0.40125138 -80.04659271 -1.39787900
0.50322437 -80.04659271 -1.41876888
0.74874645 -80.04659271 -1.43324709
0.67533970 -80.04659271 -1.43246412
0.91164821 -80.04659271 -1.45505929
0.83798718 -80.04659271 -1.44417465
1.09626889 -80.04659271 -1.47308004
1.00604069 -80.04659271 -1.46156096
1.31826091 -80.04659271 -1.49746931
1.55925584 -80.04659271 -1.49545121
1.44659412 -80.04659271 -1.49702477
1.77131772 -80.04659271 -1.47520292
1.70011067 -80.04659271 -1.48267913
1.93794370 -80.04659271 -1.48059881
1.87258589 -80.04659271 -1.47834229
2.09885883 -80.04659271 -1.47548723
2.03740597 -80.04659271 -1.48014402
2.28318429 -80.04659271 -1.46658456
2.20860887 -80.04659271 -1.46851742
2.46502304 -80.04659271 -1.46760452
2.39013052 -80.04659271 -1.47010517
2.69280410 -80.04659271 -1.46327639
2.60824227 -80.04659271 -1.45944726
2.94713211 -80.04659271 -1.48095703
2.84803081 -80.04659271 -1.47679019
3.19133186 -80.04659271 -1.45650232
3.10302830 -80.04659271 -1.46980476
3.45620537 -80.04659271 -1.41629887
3.38468766 -80.04659271 -1.42825496
3.59959221 -80.04659271 -1.20459795
3.53662086 -80.04659271 -1.27693069
3.63377833 -80.04659271 -1.13923705
3.80250955 -80.04659271 -0.93888599
3.84326935 -80.04659271 -0.79341245
3.82819319 -80.04659271 -0.87076521
3.97761226 -80.04659271 -0.38589141
3.93957424 -80.04659271 -0.48830682
4.00110912 -80.04659271 -0.31052685
3.94911861 -80.04659271 -0.13821436
3.96766710 -80.04659271 -0.20070860
3.86529326 -80.04659271 0.08881881
3.89927363 -80.04659271 0.02781430
3.27292609 -80.04659271 0.29928160
3.40734410 -80.04659271 0.24668694
3.11816788 -80.04659271 0.42193276
2.92399454 -80.04659271 0.55005914
2.79630899 -80.04659271 0.65360624
2.68056369 -80.04659271 0.70903498
2.56764793 -80.04659271 0.81078732
2.42421126 -80.04659271 0.91535574
2.32136273 -80.04659271 1.00211191
2.21923351 -80.04659271 0.99981147
2.07874370 -80.04659271 1.01750696
1.96584070 -80.04659271 1.02344322
1.83219099 -80.04659271 1.07633722
1.73260450 -80.04659271 1.08640420
1.65272641 -80.04659271 1.09441066
1.48864198 -80.04659271 1.09551120
1.37744987 -80.04659271 1.10633242
1.22972846 -80.04659271 -1.48995841
0.06670922 -80.04659271 -1.09812295
0.19586395 -80.04659271 -0.21987824
0.21459952 -80.04659271 0.24361539
0.27723888 -80.04659271 0.58429271
1.12231982 -80.04659271 1.07902992
1.26697171 -80.04659271 1.12745512
1.58269107 -80.04659271 1.08398902
2.49547005 -80.04659271 0.88579327
