0.14037848 -56.63709259 0.06301203
-0.00709554 -56.63709259 -0.22069606
-0.08268515 -56.63709259 -0.36033276
-0.25955677 -56.63709259 -0.66657835
0.06686995 -56.63709259 -1.34999442
0.59308344 -56.63709259 -1.39945698
2.50447679 -56.63709259 -0.85834581
2.53700924 -56.63709259 -0.74284405
2.55252457 -56.63709259 0.36713013
2.09917068 -56.63709259 0.75200748
0.23696338 -56.64708710 0.34142148
0.22941817 -56.64708710 0.25054327
0.19330819 -56.64708710 0.10892130
0.03827736 -56.64708710 -0.03366029
0.05328685 -56.64708710 -0.15084295
-0.04293914 -56.64708710 -0.27544424
-0.11179334 -56.64708710 -0.42085662
-0.26726687 -56.64708710 -0.73239028
-0.25627211 -56.64708710 -0.91183937
-0.23854831 -56.64708710 -0.85071480
-0.14642008 -56.64708710 -1.21966970
-0.20060630 -56.64708710 -1.15790915
-0.04735313 -56.64708710 -1.28162098
0.12864447 -56.64708710 -1.37822008
0.30498135 -56.64708710 -1.38943875
0.24325927 -56.64708710 -1.38682961
0.42780691 -56.64708710 -1.38843310
0.65895063 -56.64708710 -1.40900266
0.75330549 -56.64708710 -1.41793370
0.97721148 -56.64708710 -1.43427444
1.11959970 -56.64708710 -1.45647371
1.21827054 -56.64708710 -1.45618594
1.41167402 -56.64708710 -1.44263434
1.63140368 -56.64708710 -1.42254186
1.76958525 -56.64708710 -1.40030980
1.89882731 -56.64708710 -1.38945425
2.03249407 -56.64708710 -1.38033485
2.15947151 -56.64708710 -1.34449172
2.40820765 -56.64708710 -1.27399421
2.44678664 -56.64708710 -1.22325027
2.46003914 -56.64708710 -1.07430482
2.50098252 -56.64708710 -0.93634641
2.50938773 -56.64708710 -0.79655707
-0.23602767 -56.64708710 -0.56699324
-0.28457910 -56.64708710 -1.07668340
0.88259977 -56.64708710 -1.43043733
1.52915156 -56.64708710 -1.44354987
2.27444053 -56.64708710 -1.34899247
2.60187817 -56.64708710 -0.62276191
0.82718813 -56.64708710 0.81278104
0.74346626 -56.64708710 0.76493740
0.63278443 -56.64708710 0.72492093
0.54819262 -56.64708710 0.67776233
0.42463899 -56.64708710 0.60011935
0.29457480 -56.64708710 0.53231740
0.24301103 -56.64708710 0.43280548
2.59800696 -56.64708710 -0.46078604
2.61436272 -56.64708710 -0.31282467
2.64151883 -56.64708710 -0.13688123
2.65739655 -56.64708710 -0.03752384
2.62245512 -56.64708710 0.11187423
2.65277147 -56.64708710 0.02335533
2.57138395 -56.64708710 0.30984795
2.38732934 -56.64708710 0.60126597
2.35489058 -56.64708710 0.72674227
2.23896694 -56.64708710 0.74742073
2.04084253 -56.64708710 0.77550727
1.81973112 -56.64708710 0.84916842
1.92704880 -56.64708710 0.79584378
1.75406480 -56.64708710 0.85860980
1.69067025 -56.64708710 0.86428851
1.56226361 -56.64708710 0.87066555
1.45315897 -56.64708710 0.87669235
1.38256729 -56.64708710 0.87372375
1.29314244 -56.64708710 0.86203778
1.14985406 -56.64708710 0.85262138
1.05684543 -56.64708710 0.83201873
0.94813108 -56.64708710 0.81318569
2.45433903 -56.64708710 0.48852539
