-0.06302490 44.24077606 -0.30228579
2.37019420 44.24077606 -1.22226906
1.33828247 44.24077606 0.45775288
0.18803470 44.23078156 -1.54400146
-0.05381664 44.23078156 -1.51724613
-0.05457089 44.23078156 -1.45134354
-0.04693124 44.23078156 -1.33549035
-0.06044025 44.23078156 -1.18889368
-0.08917273 44.23078156 -1.05232406
-0.09473900 44.23078156 -0.88148749
-0.10070942 44.23078156 -0.74455988
-0.09905430 44.23078156 -0.63753223
-0.10476123 44.23078156 -0.52635062
-0.09068013 44.23078156 -0.41116029
-0.01372624 44.23078156 -0.20220172
-0.02602447 44.23078156 -0.04339308
0.00745930 44.23078156 0.07863659
0.04910590 44.23078156 0.13866873
0.16815850 44.23078156 0.29777607
0.39365673 44.23078156 0.44369256
0.45452416 44.23078156 0.49853376
0.02312942 44.23078156 -1.53489769
0.31145841 44.23078156 -1.54152763
1.27662873 44.23078156 0.47238097
1.13507605 44.23078156 0.47387400
0.66472393 44.23078156 0.49202508
0.90148413 44.23078156 0.43233913
0.52455455 44.23078156 0.48245603
0.44746438 44.23078156 -1.54417384
0.54525328 44.23078156 -1.54465377
0.63341492 44.23078156 -1.53748739
0.70594722 44.23078156 -1.54083014
0.77528977 44.23078156 -1.54584873
0.83913010 44.23078156 -1.54867005
0.95296127 44.23078156 -1.54727864
1.10037661 44.23078156 -1.53929079
1.16156614 44.23078156 -1.54713452
1.22380590 44.23078156 -1.55099654
1.34847307 44.23078156 -1.55664098
1.28439891 44.23078156 -1.55211520
1.42026007 44.23078156 -1.55302000
1.49552929 44.23078156 -1.54507172
1.60548556 44.23078156 -1.57143986
1.71025860 44.23078156 -1.57141125
1.80981612 44.23078156 -1.55166268
1.93267393 44.23078156 -1.53579664
2.06178975 44.23078156 -1.50301874
2.13562393 44.23078156 -1.48796785
2.18771243 44.23078156 -1.34580362
2.35332203 44.23078156 -1.27993083
2.36919045 44.23078156 -1.13796175
2.30562997 44.23078156 -0.89619660
2.30777502 44.23078156 -1.01354849
2.20951223 44.23078156 -0.75672698
2.18119407 44.23078156 -0.64890510
2.13847351 44.23078156 -0.42611161
2.14997625 44.23078156 -0.52115762
2.12290740 44.23078156 -0.30766186
2.10899949 44.23078156 -0.02895414
2.11481833 44.23078156 0.08984375
2.09906960 44.23078156 0.30373311
2.02174091 44.23078156 0.41650254
1.94460452 44.23078156 0.45175672
1.80998552 44.23078156 0.45495111
1.56481290 44.23078156 0.40104240
1.51876819 44.23078156 0.45991138
2.12720346 44.23078156 -0.17472027
