0.53024918 -1.26825714 0.29496518
0.43056592 -1.26825714 0.16607796
0.38182011 -1.26825714 0.09417006
0.43982264 -1.26825714 -0.08396751
0.43667072 -1.26825714 -0.17552657
0.43448457 -1.26825714 -0.27065080
0.35996160 -1.26825714 -0.42437738
0.35069454 -1.26825714 -0.57975572
0.34843332 -1.26825714 -0.71540201
0.34438515 -1.26825714 -0.81124437
0.37833977 -1.26825714 -0.89395064
0.33671907 -1.26825714 -1.05581319
0.29689848 -1.26825714 -1.18445551
0.47212416 -1.26825714 -1.30717373
0.34934476 -1.26825714 -1.28679144
0.59373319 -1.26825714 -1.32853734
0.69753247 -1.26825714 -1.34684503
0.80128354 -1.26825714 -1.35307884
0.89108735 -1.26825714 -1.35521317
0.97491938 -1.26825714 -1.35070765
1.06811261 -1.26825714 -1.35213506
1.14806092 -1.26825714 -1.35922658
1.26304913 -1.26825714 -1.36295831
1.34379566 -1.26825714 -1.36681712
1.45594788 -1.26825714 -1.35636592
1.56171143 -1.26825714 -1.34149373
1.63502455 -1.26825714 -1.35383987
1.70960402 -1.26825714 -1.35740161
1.79964256 -1.26825714 -1.34968007
1.89287758 -1.26825714 -1.35454333
1.98478615 -1.26825714 -1.34313476
2.09249425 -1.26825714 -1.32294095
2.22264743 -1.26825714 -1.33592832
2.31324744 -1.26825714 -1.28845823
2.37416720 -1.26825714 -0.75406367
2.34277987 -1.26825714 -0.60468227
2.29729557 -1.26825714 -0.49743524
2.27510428 -1.26825714 -0.34574592
2.26222849 -1.26825714 -0.25379297
2.21701598 -1.26825714 -0.08862286
2.21328282 -1.26825714 0.01694942
2.20881367 -1.26825714 0.08034794
2.07534194 -1.26825714 0.30778363
2.00510287 -1.26825714 0.37250811
1.93910301 -1.26825714 0.44719273
1.82127964 -1.26825714 0.49567750
1.64116776 -1.26825714 0.56011248
1.41721201 -1.26825714 0.64341408
1.35382164 -1.26825714 0.65330398
1.03735590 -1.26825714 0.59847623
0.79563278 -1.26825714 0.42708379
0.66517425 -1.26825714 0.36110142
2.14212823 -1.26825714 0.16591309
1.55182409 -1.26825714 0.59746319
