0.50509727 -49.09725189 -1.43674207
0.33644921 -49.09725189 0.38319722
1.80967581 -49.09725189 0.80265111
1.37334991 -49.09725189 0.70877260
0.49670419 -49.10724640 0.54720110
0.41336173 -49.10724640 0.54788125
0.37701547 -49.10724640 0.46850955
0.30682120 -49.10724640 0.32887551
0.26065332 -49.10724640 0.27455974
0.18105808 -49.10724640 0.20731075
0.11086290 -49.10724640 0.15619183
0.04488387 -49.10724640 0.07720743
-0.00696713 -49.10724640 0.04530963
-0.04590786 -49.10724640 -0.02519707
-0.09223992 -49.10724640 -0.12770131
-0.13528818 -49.10724640 -0.20471221
-0.20852987 -49.10724640 -0.30584818
-0.28244218 -49.10724640 -0.42226100
-0.24918810 -49.10724640 -0.36195230
-0.44059512 -49.10724640 -0.65302122
-0.33977243 -49.10724640 -0.54956889
-0.50548244 -49.10724640 -0.81247532
-0.46426454 -49.10724640 -0.72160292
-0.55684483 -49.10724640 -0.99576342
-0.56203008 -49.10724640 -0.89748377
-0.56842822 -49.10724640 -1.16238725
-0.60134012 -49.10724640 -1.08231902
-0.42251858 -49.10724640 -1.27306020
-0.49489668 -49.10724640 -1.21168792
-0.36144564 -49.10724640 -1.31288171
-0.22066280 -49.10724640 -1.39267421
-0.30083227 -49.10724640 -1.36214399
-0.07371186 -49.10724640 -1.42721009
-0.15882142 -49.10724640 -1.41661751
0.08727609 -49.10724640 -1.44205797
0.01002952 -49.10724640 -1.43364191
0.24112511 -49.10724640 -1.44702804
0.16034943 -49.10724640 -1.45233977
0.37427485 -49.10724640 -1.44454122
0.31090859 -49.10724640 -1.44561732
0.60119778 -49.10724640 -1.43944955
0.70658910 -49.10724640 -1.44861412
0.85035712 -49.10724640 -1.45430851
0.95674050 -49.10724640 -1.45622611
1.15220976 -49.10724640 -1.45044458
1.07513130 -49.10724640 -1.45019281
1.26501966 -49.10724640 -1.45086050
1.44471383 -49.10724640 -1.44294655
1.37701404 -49.10724640 -1.44772363
1.55376709 -49.10724640 -1.43088186
1.76349521 -49.10724640 -1.41466069
1.69789243 -49.10724640 -1.42274189
1.93287945 -49.10724640 -1.40650558
1.84882092 -49.10724640 -1.40652668
2.10425735 -49.10724640 -1.38897979
2.02651572 -49.10724640 -1.40241575
2.33327770 -49.10724640 -1.30975819
2.26809001 -49.10724640 -1.33656025
2.41045570 -49.10724640 -1.24677944
2.46366405 -49.10724640 -1.19852710
2.42909765 -49.10724640 -0.99879616
2.43932939 -49.10724640 -1.07333064
2.32794189 -49.10724640 -0.71298075
2.34629107 -49.10724640 -0.79367995
2.32161927 -49.10724640 -0.63502681
2.25833058 -49.10724640 -0.44235995
2.21001649 -49.10724640 -0.27572024
2.18244672 -49.10724640 -0.14570789
2.18085527 -49.10724640 0.02892075
2.17898798 -49.10724640 -0.03166467
2.15025663 -49.10724640 0.16039047
2.09096742 -49.10724640 0.29425347
2.06722283 -49.10724640 0.36761397
1.99199438 -49.10724640 0.51599991
1.94424117 -49.10724640 0.63530499
1.75040913 -49.10724640 0.78564894
1.58797491 -49.10724640 0.75171769
1.46958303 -49.10724640 0.71510589
1.30294085 -49.10724640 0.70718241
1.16955280 -49.10724640 0.74300599
1.07893050 -49.10724640 0.75290293
0.98232776 -49.10724640 0.72212946
0.90584058 -49.10724640 0.72808009
0.82568908 -49.10724640 0.69836003
0.69488299 -49.10724640 0.67842793
0.65084112 -49.10724640 0.62503654
0.57183254 -49.10724640 0.56478709
-0.30531082 -49.10724640 -0.48461324
0.44354308 -49.10724640 -1.43801010
1.62524259 -49.10724640 -1.42401838
2.19469237 -49.10724640 -1.37030065
2.38972044 -49.10724640 -0.89195323
2.29116392 -49.10724640 -0.51646358
2.18503809 -49.10724640 0.09303639
1.87549245 -49.10724640 0.79807574
