2.24620986 -55.59711456 0.89856827
0.98420882 -55.59711456 0.87561673
1.14565408 -55.60710907 0.82989764
0.77034700 -55.60710907 0.80614686
0.91693836 -55.60710907 0.85936338
0.53783166 -55.60710907 0.77336586
0.62432939 -55.60710907 0.77002478
0.40429595 -55.60710907 0.69937688
0.45873004 -55.60710907 0.73190397
0.35104805 -55.60710907 0.60251611
0.25876260 -55.60710907 0.41069278
0.23602165 -55.60710907 0.35248527
0.20583886 -55.60710907 0.26702416
0.19573325 -55.60710907 0.09572717
0.21052888 -55.60710907 0.17788647
0.14111263 -55.60710907 -0.08200927
0.16993149 -55.60710907 0.00258464
0.09941623 -55.60710907 -0.19790182
0.13138436 -55.60710907 -0.14255656
0.06866845 -55.60710907 -0.32613489
0.08109568 -55.60710907 -0.25748280
0.06273972 -55.60710907 -0.42233330
0.04716744 -55.60710907 -0.61458820
0.05120493 -55.60710907 -0.50483078
0.03410108 -55.60710907 -0.77007395
0.04089400 -55.60710907 -0.68756270
0.02931152 -55.60710907 -0.92524570
0.03061742 -55.60710907 -0.84543753
0.06656724 -55.60710907 -1.08242512
0.04291342 -55.60710907 -0.99315602
0.07466126 -55.60710907 -1.18414640
0.08771539 -55.60710907 -1.28815484
0.24453245 -55.60710907 -1.34932923
0.16211571 -55.60710907 -1.32009482
0.33658758 -55.60710907 -1.36538351
0.50096178 -55.60710907 -1.38284719
0.40530217 -55.60710907 -1.37576187
0.66405833 -55.60710907 -1.40055513
0.58349603 -55.60710907 -1.38715184
0.80130124 -55.60710907 -1.41620088
0.72613811 -55.60710907 -1.40969598
0.94142050 -55.60710907 -1.43247855
0.86688620 -55.60710907 -1.42299235
1.11703539 -55.60710907 -1.45642054
1.02276456 -55.60710907 -1.44202936
1.18608224 -55.60710907 -1.45952678
1.24649632 -55.60710907 -1.45900536
1.31383574 -55.60710907 -1.46082854
1.42740095 -55.60710907 -1.45243990
1.66956830 -55.60710907 -1.41353524
1.58114994 -55.60710907 -1.43028104
1.76020586 -55.60710907 -1.40690231
1.86048019 -55.60710907 -1.39972043
1.92397201 -55.60710907 -1.39168143
2.05147481 -55.60710907 -1.37713850
2.17288327 -55.60710907 -1.36155415
2.41011453 -55.60710907 -1.20860112
2.45763779 -55.60710907 -1.16029239
2.47683525 -55.60710907 -1.07249141
2.48459578 -55.60710907 -1.00433230
2.46818733 -55.60710907 -0.87858695
2.49962449 -55.60710907 -0.74880320
2.50615430 -55.60710907 -0.65076971
2.51929545 -55.60710907 -0.54575431
2.53666544 -55.60710907 -0.42127076
2.60263276 -55.60710907 -0.22091353
2.61997056 -55.60710907 -0.16055445
2.56124854 -55.60710907 -0.03460265
2.63239956 -55.60710907 0.14020979
2.64714527 -55.60710907 0.27415955
2.67202377 -55.60710907 0.44135508
2.67507243 -55.60710907 0.60828006
2.45086551 -55.60710907 0.92565447
2.53401327 -55.60710907 0.89760953
2.18292665 -55.60710907 0.89547533
2.05753875 -55.60710907 0.85744119
1.96163797 -55.60710907 0.86587942
1.85745406 -55.60710907 0.88459539
1.78218985 -55.60710907 0.89068580
1.62384677 -55.60710907 0.88518715
1.42663133 -55.60710907 0.88777798
1.35378027 -55.60710907 0.86657113
1.21697819 -55.60710907 0.85001725
1.56319463 -55.60710907 0.88766921
1.68678570 -55.60710907 0.88388598
2.33053446 -55.60710907 0.91165984
2.62844706 -55.60710907 0.86039048
2.70177913 -55.60710907 0.77871466
2.56005716 -55.60710907 -0.32639992
2.31139255 -55.60710907 -1.31613374
0.30071744 -55.60710907 0.52301913
0.70330524 -55.60710907 0.80654973
1.27964151 -55.60710907 0.86721247
