0.39258426 25.00118256 0.65780157
0.06219908 25.00118256 0.04786494
0.03470595 25.00118256 -0.11901952
2.11921883 25.00118256 -1.34634519
1.05363572 24.99118805 0.62253076
2.39126492 24.99118805 -1.04461515
2.33176136 24.99118805 -1.23164773
2.29655170 24.99118805 -1.28076732
2.18557596 24.99118805 -1.32824504
2.05110931 24.99118805 -1.36459279
1.81263411 24.99118805 -1.40545380
1.68899059 24.99118805 -1.41286659
1.59058714 24.99118805 -1.41224527
1.43207312 24.99118805 -1.42462146
1.34315896 24.99118805 -1.42729807
1.26033950 24.99118805 -1.42677033
1.17789030 24.99118805 -1.42678332
1.07944262 24.99118805 -1.42896473
0.88742685 24.99118805 -1.41483915
0.79671186 24.99118805 -1.42715740
0.62007803 24.99118805 -1.45396149
0.49871024 24.99118805 -1.45292294
0.36288825 24.99118805 -1.45816791
0.22184306 24.99118805 -1.44808948
0.05345032 24.99118805 -1.44121933
-0.08061338 24.99118805 -1.40224624
-0.15213256 24.99118805 -1.38666582
-0.09918392 24.99118805 -1.18656516
-0.13179554 24.99118805 -1.10683751
-0.10593604 24.99118805 -1.00449109
-0.06925209 24.99118805 -0.95476729
-0.04021549 24.99118805 -0.78745705
-0.02907656 24.99118805 -0.67439455
-0.02643188 24.99118805 -0.50699985
0.02362424 24.99118805 -0.45454910
0.02551619 24.99118805 -0.28902096
0.02378378 24.99118805 -0.19014207
0.05027841 24.99118805 -0.02319318
0.08029236 24.99118805 0.15653802
0.12342797 24.99118805 0.28270522
0.14766021 24.99118805 0.42237476
0.18047103 24.99118805 0.55340540
0.27984282 24.99118805 0.66977906
0.48179853 24.99118805 0.64501160
0.58773398 24.99118805 0.63407743
0.70774072 24.99118805 0.62770665
0.94509673 24.99118805 0.62340838
1.12120283 24.99118805 0.62347329
0.82737064 24.99118805 0.61203337
0.18829474 24.99118805 0.67213851
-0.07145378 24.99118805 -0.86844987
-0.14793976 24.99118805 -1.31105661
0.71892935 24.99118805 -1.44481254
0.97692633 24.99118805 -1.40936184
1.93427563 24.99118805 -1.39105797
1.22938323 24.99118805 0.62582248
2.40077305 24.99118805 -0.92235559
2.32452488 24.99118805 -0.79146492
2.31000066 24.99118805 -0.68296063
2.28088069 24.99118805 -0.57923704
2.24284506 24.99118805 -0.48660228
2.14235377 24.99118805 -0.29633161
2.13448262 24.99118805 -0.14126827
2.10412884 24.99118805 -0.07072408
2.08521676 24.99118805 0.05828086
2.04243159 24.99118805 0.15432219
1.99845171 24.99118805 0.27205902
1.91024613 24.99118805 0.35312384
1.79128170 24.99118805 0.49371919
1.75553107 24.99118805 0.57027286
1.67003441 24.99118805 0.57444137
1.55863523 24.99118805 0.59843987
1.45913136 24.99118805 0.62368685
1.35043871 24.99118805 0.62193292
2.20985007 24.99118805 -0.36380363
