0.50304115 -2.03824615 0.21139221
1.88589990 -2.03824615 0.46521547
2.09721899 -2.04824066 0.26790139
2.20031142 -2.04824066 0.08972384
2.27252698 -2.04824066 -0.05998634
2.32438493 -2.04824066 -0.14277600
2.35841346 -2.04824066 -0.22071594
2.37766147 -2.04824066 -0.30252218
2.34996963 -2.04824066 -0.36655864
2.35035992 -2.04824066 -0.45303565
2.34160757 -2.04824066 -0.52941000
2.31266212 -2.04824066 -0.59402609
2.32116151 -2.04824066 -0.66663474
2.31643891 -2.04824066 -0.75506711
2.32126999 -2.04824066 -0.87426597
2.32471943 -2.04824066 -0.93580723
2.31992698 -2.04824066 -1.00520849
2.33336401 -2.04824066 -1.06818020
2.30186677 -2.04824066 -1.14146972
2.25777245 -2.04824066 -1.20811832
2.24855137 -2.04824066 -1.28472257
2.17217422 -2.04824066 -1.31348288
2.10523868 -2.04824066 -1.33646083
1.98639858 -2.04824066 -1.35201705
1.88766229 -2.04824066 -1.36499465
1.77378845 -2.04824066 -1.36722577
1.70289886 -2.04824066 -1.37189722
1.60743535 -2.04824066 -1.36527467
1.50317848 -2.04824066 -1.35691357
1.42860079 -2.04824066 -1.37282395
1.34668183 -2.04824066 -1.37685168
1.24924850 -2.04824066 -1.37683845
1.15020275 -2.04824066 -1.37260878
1.07728601 -2.04824066 -1.35984790
0.99558747 -2.04824066 -1.35605311
0.91561526 -2.04824066 -1.36405182
0.83903921 -2.04824066 -1.36433876
0.75783539 -2.04824066 -1.36667609
0.67385948 -2.04824066 -1.34654748
0.56236929 -2.04824066 -1.31461751
0.46658137 -2.04824066 -1.28697455
0.33768004 -2.04824066 -1.26799333
0.25357831 -2.04824066 -1.22643638
0.20661500 -2.04824066 -1.14144778
0.22849016 -2.04824066 -1.07630086
0.25587526 -2.04824066 -1.00412536
0.28251594 -2.04824066 -0.92160183
0.28428298 -2.04824066 -0.80300331
0.28427824 -2.04824066 -0.67797434
0.28038824 -2.04824066 -0.57850862
0.26645586 -2.04824066 -0.50282574
0.24781211 -2.04824066 -0.42113435
0.26599735 -2.04824066 -0.30787635
0.26829660 -2.04824066 -0.19659376
0.25632438 -2.04824066 -0.12798704
0.30755293 -2.04824066 -0.06186959
0.36799476 -2.04824066 0.04116122
0.47131091 -2.04824066 0.15999968
0.54083264 -2.04824066 0.26058939
0.56889933 -2.04824066 0.34204111
0.63704330 -2.04824066 0.36031613
0.66360456 -2.04824066 0.43948680
0.73989946 -2.04824066 0.48161504
0.80553776 -2.04824066 0.51885402
0.86658305 -2.04824066 0.55245036
0.96120584 -2.04824066 0.59040922
1.04429400 -2.04824066 0.60876936
1.41099489 -2.04824066 0.57517201
1.83205044 -2.04824066 0.49763417
1.96299148 -2.04824066 0.45643950
2.00693083 -2.04824066 0.39698184
1.10373330 -2.04824066 0.66396058
0.43367898 -2.04824066 0.07869121
2.24762797 -2.04824066 0.03097652
2.04711843 -2.04824066 0.33940375
