2.07459044 62.96038055 -1.40264571
-0.02575494 62.96038055 -1.05173659
0.07030725 62.96038055 -0.12296703
0.06118323 62.96038055 0.08327922
0.73905993 62.96038055 0.61174995
0.19142795 62.95038605 0.35951856
0.18066847 62.95038605 0.29443660
0.10230397 62.95038605 0.12632720
0.02379793 62.95038605 0.02977722
0.04237647 62.95038605 -0.06080111
0.08569761 62.95038605 -0.18480445
0.09804339 62.95038605 -0.44312459
0.09257038 62.95038605 -0.54460257
0.06266761 62.95038605 -0.67001581
0.05088543 62.95038605 -0.80229139
-0.04465684 62.95038605 -1.13145816
0.00177018 62.95038605 -1.26916742
0.04289121 62.95038605 -1.40792418
0.17686555 62.95038605 -1.46047270
0.37334108 62.95038605 -1.47967982
0.60239333 62.95038605 -1.51580215
0.70433348 62.95038605 -1.51560521
0.85723025 62.95038605 -1.50443983
1.01019573 62.95038605 -1.48162043
1.25730371 62.95038605 -1.48236740
1.36648011 62.95038605 -1.47936881
1.51686919 62.95038605 -1.48524237
1.62851393 62.95038605 -1.48132575
1.77097893 62.95038605 -1.46592379
1.91611278 62.95038605 -1.45426655
1.99744105 62.95038605 -1.44362628
2.17531824 62.95038605 -1.26522219
2.21326876 62.95038605 -1.16762996
2.14264083 62.95038605 -1.36765873
1.12962568 62.95038605 -1.48343146
0.48695442 62.95038605 -1.50554228
0.02365996 62.95038605 -0.92042661
0.02378557 62.95038605 -0.35256937
0.30401102 62.95038605 0.54676729
1.02943897 62.95038605 0.67231613
1.11588478 62.95038605 0.67949092
1.19735003 62.95038605 0.67884296
1.29499781 62.95038605 0.65944505
1.41408002 62.95038605 0.65397155
1.49469876 62.95038605 0.64017689
1.58368659 62.95038605 0.63627601
1.66715086 62.95038605 0.61450243
1.78164113 62.95038605 0.58225018
1.86659408 62.95038605 0.56962001
1.94094408 62.95038605 0.53157359
2.08205962 62.95038605 0.48657498
2.16549635 62.95038605 0.38074219
2.16243958 62.95038605 0.30636710
2.18341064 62.95038605 0.17541230
2.19671679 62.95038605 0.08099706
2.22394037 62.95038605 -0.09186985
2.23499060 62.95038605 -0.16896373
2.24304485 62.95038605 -0.27570492
2.25899291 62.95038605 -0.39611572
2.24746156 62.95038605 -0.56117344
2.26337910 62.95038605 -0.68768328
2.28936791 62.95038605 -0.81797677
2.30475640 62.95038605 -0.96115530
2.27490401 62.95038605 -1.07671571
0.45352566 62.95038605 0.55616105
0.55220383 62.95038605 0.57464844
0.67826414 62.95038605 0.59472990
0.81471968 62.95038605 0.61525869
0.95511973 62.95038605 0.64858598
