0.64741981 66.60030365 0.65902460
0.99458921 66.60030365 0.68689376
1.52860081 66.60030365 0.64118171
1.65998697 66.60030365 0.62126863
1.94768405 66.59030914 -0.22094747
1.96121728 66.59030914 -0.34020045
1.97866154 66.59030914 -0.44974869
2.02859831 66.59030914 -0.66255164
2.05916190 66.59030914 -0.80580169
2.05459571 66.59030914 -0.86945254
2.05834842 66.59030914 -0.93931603
2.03665805 66.59030914 -1.06510949
2.00958991 66.59030914 -1.12009978
1.99726176 66.59030914 -1.23468125
1.98009551 66.59030914 -1.34036136
1.96942151 66.59030914 -1.41162705
1.88820350 66.59030914 -1.45035684
1.76988792 66.59030914 -1.49436259
1.65136123 66.59030914 -1.49626875
1.52409446 66.59030914 -1.51437664
1.45345747 66.59030914 -1.50310385
1.35408783 66.59030914 -1.48463798
1.26500309 66.59030914 -1.48968267
1.18641520 66.59030914 -1.49174380
1.09852052 66.59030914 -1.49146700
1.01747549 66.59030914 -1.49082828
0.93184072 66.59030914 -1.48640871
0.82467932 66.59030914 -1.50009191
0.74259400 66.59030914 -1.50963366
0.66496420 66.59030914 -1.51220453
0.57141894 66.59030914 -1.51769745
0.48097932 66.59030914 -1.51962447
0.39681640 66.59030914 -1.51440644
0.28854385 66.59030914 -1.49011195
0.17420094 66.59030914 -1.48344791
0.06473513 66.59030914 -1.48992217
-0.00148141 66.59030914 -1.48392725
-0.07236119 66.59030914 -1.47105587
-0.08463705 66.59030914 -1.40107417
-0.14833885 66.59030914 -1.28950930
-0.13617136 66.59030914 -1.09489906
-0.13897449 66.59030914 -0.97582626
-0.12874831 66.59030914 -0.87148982
-0.12020631 66.59030914 -0.73189402
-0.10562140 66.59030914 -0.61166006
-0.08825926 66.59030914 -0.46955025
-0.07296728 66.59030914 -0.36809748
-0.05496915 66.59030914 -0.29200652
-0.05682329 66.59030914 -0.18596275
-0.05673864 66.59030914 -0.07713118
-0.07924204 66.59030914 0.05451957
-0.07633326 66.59030914 0.21453685
-0.04545327 66.59030914 0.28330758
0.04548154 66.59030914 0.40260538
0.12173308 66.59030914 0.42769110
0.23646316 66.59030914 0.46331561
0.37551484 66.59030914 0.54087543
0.45650545 66.59030914 0.58360207
0.52013791 66.59030914 0.62667060
0.58807909 66.59030914 0.65547520
0.74648756 66.59030914 0.66488463
0.93141043 66.59030914 0.68933469
1.08803701 66.59030914 0.69095743
1.21980715 66.59030914 0.67135572
1.33326459 66.59030914 0.65703034
1.46052790 66.59030914 0.66011339
1.60081708 66.59030914 0.63278520
1.71337950 66.59030914 0.58538932
1.75695968 66.59030914 0.53765041
1.80109096 66.59030914 0.38878512
1.85967278 66.59030914 0.26962611
1.89501417 66.59030914 0.12854388
1.91075945 66.59030914 0.02584180
1.91643977 66.59030914 -0.04670664
1.93346035 66.59030914 -0.10924546
1.99107397 66.59030914 -0.55525208
-0.12553953 66.59030914 -1.20459664
0.82918596 66.59030914 0.67363107
