1.34231436 80.63001251 0.56492472
1.25966537 80.63001251 0.58372575
1.19989741 80.63001251 0.59598762
1.09286439 80.63001251 0.60687047
0.85776305 80.63001251 0.64498401
0.75444680 80.63001251 0.67731464
0.64701861 80.63001251 0.68110681
0.56237197 80.63001251 0.68550712
0.43678722 80.63001251 0.62203342
0.37511083 80.63001251 0.55455846
0.30329162 80.63001251 0.44540635
0.24422415 80.63001251 0.35539111
0.19703242 80.63001251 0.25336620
0.11532603 80.63001251 0.08721164
-0.09859732 80.63001251 -0.13464437
-0.00469511 80.63001251 -0.08217116
-0.11631052 80.63001251 -0.21100475
-0.02648281 80.63001251 -0.30957618
-0.07659997 80.63001251 -0.41501528
-0.04805902 80.63001251 -0.53992206
0.00204685 80.63001251 -0.76753497
-0.01720299 80.63001251 -0.68451643
0.05825753 80.63001251 -0.98589075
0.08174588 80.63001251 -0.92425507
0.14715464 80.63001251 -1.25746977
0.14839835 80.63001251 -1.13771701
0.15346514 80.63001251 -1.44210362
0.32553011 80.63001251 -1.59543669
0.24259174 80.63001251 -1.57708228
0.55788261 80.63001251 -1.63698781
1.07966805 80.63001251 -1.60335088
0.64170337 80.63001251 -1.63151157
1.60937309 80.63001251 -1.62758780
1.24971747 80.63001251 -1.61014020
1.71690059 80.63001251 -1.62538564
1.88327146 80.63001251 -1.62067556
1.78770912 80.63001251 -1.61765730
1.95359612 80.63001251 -1.61662316
2.10060859 80.63001251 -1.44889188
2.05367255 80.63001251 -1.54725122
2.18094563 80.63001251 -1.42304218
2.23914242 80.63001251 -1.30893946
2.17834377 80.63001251 -1.35090709
2.28609896 80.63001251 -1.25515914
2.29131579 80.63001251 -1.19351971
2.32112288 80.63001251 -1.11664951
2.28555632 80.63001251 -0.99882174
2.28237271 80.63001251 -0.93814993
2.22388577 80.63001251 -0.75041544
2.24603057 80.63001251 -0.82365614
2.20581746 80.63001251 -0.64884645
2.17273450 80.63001251 -0.54439050
2.13382697 80.63001251 -0.40083832
2.13511634 80.63001251 -0.30796972
2.05647492 80.63001251 -0.22442007
2.07184887 80.63001251 -0.10767163
2.07420301 80.63001251 -0.01991271
2.07164383 80.63001251 0.08342961
2.04951620 80.63001251 0.16794394
2.03171539 80.63001251 0.25373572
1.95123398 80.63001251 0.40798336
2.01943350 80.63001251 0.36613730
1.88404393 80.63001251 0.46825430
1.82186091 80.63001251 0.50716805
1.68979049 80.63001251 0.50096279
1.76018894 80.63001251 0.50615728
1.57189894 80.63001251 0.51581424
1.47475970 80.63001251 0.52863050
0.98284274 80.63001251 0.61641294
