1.49573660 79.08003998 0.49504870
0.76235515 79.08003998 0.42457452
0.20128861 79.08003998 -1.29639518
0.85276735 79.08003998 -1.48148322
1.75310910 79.08003998 0.48587513
1.37721312 79.07004547 0.51462978
1.43781722 79.07004547 0.51289064
1.66806853 79.07004547 0.46830055
1.87186062 79.07004547 0.51103050
1.13479483 79.07004547 -1.48294127
1.01328564 79.07004547 -1.48071635
0.94517970 79.07004547 -1.47470903
0.76013905 79.07004547 -1.48818767
0.62369359 79.07004547 -1.49066818
0.47760510 79.07004547 -1.48308218
0.20856921 79.07004547 -1.42689312
0.20827632 79.07004547 -1.36506462
0.17541263 79.07004547 -1.05619419
0.16239436 79.07004547 -0.93920702
0.20377016 79.07004547 -0.80351055
0.15197910 79.07004547 -0.65385813
0.17774317 79.07004547 -0.57743531
0.18391898 79.07004547 -0.48692042
0.14279459 79.07004547 -0.30340853
0.10049403 79.07004547 -0.09454738
0.09361903 79.07004547 -0.01617861
0.11326075 79.07004547 0.05040908
0.16479714 79.07004547 0.18109758
0.21874987 79.07004547 0.23701559
0.38322964 79.07004547 0.42267418
0.45476383 79.07004547 0.46591812
0.67209238 79.07004547 0.41321170
0.98919111 79.07004547 0.46088034
1.06087899 79.07004547 0.49689874
1.12733889 79.07004547 0.53972298
1.24341309 79.07004547 0.51832545
0.30998003 79.07004547 0.31106710
0.12692654 79.07004547 -0.17862295
0.33466130 79.07004547 -1.53721809
1.28072453 79.07004547 -1.48195124
2.01833391 79.07004547 0.49474844
1.55375290 79.07004547 0.48075098
1.31059992 79.07004547 0.50969726
1.56118345 79.07004547 -1.49163747
1.38451338 79.07004547 -1.47247887
1.62009954 79.07004547 -1.47882164
1.73975611 79.07004547 -1.46111345
1.86229038 79.07004547 -1.44996166
2.03969717 79.07004547 -1.46056950
2.17436481 79.07004547 -1.43052292
2.26517868 79.07004547 -1.19792223
2.33071232 79.07004547 -0.93684703
2.28884053 79.07004547 -1.13558853
2.40547013 79.07004547 -0.76693481
2.46700191 79.07004547 -0.64359176
2.51174307 79.07004547 -0.46481693
2.50384116 79.07004547 -0.39542422
2.44371605 79.07004547 -0.29233834
2.39064407 79.07004547 -0.19380957
2.33276725 79.07004547 -0.06333011
2.30566716 79.07004547 0.06995744
2.28657436 79.07004547 0.19056362
2.30993986 79.07004547 0.13168488
2.23522449 79.07004547 0.30740538
2.15489602 79.07004547 0.41759300
2.19688988 79.07004547 0.37215453
2.07558990 79.07004547 0.47363275
