0.12122072 65.04033661 -1.46552205
-0.04195494 65.04033661 -1.32999015
2.16324043 65.04033661 -0.27009282
-0.11657814 65.03034210 -0.61017191
-0.10476809 65.03034210 -0.84182304
-0.10720178 65.03034210 -0.96639836
-0.10207844 65.03034210 -1.09031284
-0.08025879 65.03034210 -1.21615446
-0.03365863 65.03034210 -1.44381237
0.02628892 65.03034210 -1.46576309
0.21708935 65.03034210 -1.47295141
0.35697952 65.03034210 -1.48813903
0.47974688 65.03034210 -1.50763822
0.61236727 65.03034210 -1.50096130
0.67621064 65.03034210 -1.49818635
1.52356243 65.03034210 0.71292841
1.68412507 65.03034210 0.69927269
1.77227473 65.03034210 0.64058834
1.86447740 65.03034210 0.53947717
1.90902579 65.03034210 0.47853583
1.97928262 65.03034210 0.38958985
2.01103568 65.03034210 0.29731980
2.02924943 65.03034210 0.22787611
2.04435396 65.03034210 0.15253964
2.07814956 65.03034210 0.04602028
2.11609054 65.03034210 -0.06000771
2.14987063 65.03034210 -0.16045485
2.14668751 65.03034210 -0.32776418
2.14177203 65.03034210 -0.39617488
2.11400986 65.03034210 -0.46075469
2.12231040 65.03034210 -0.53135347
2.11144352 65.03034210 -0.62347978
2.13142872 65.03034210 -0.72728550
2.14354753 65.03034210 -0.78641623
2.13726783 65.03034210 -0.86764282
2.12247109 65.03034210 -0.97828472
2.12331891 65.03034210 -1.07974112
2.11701775 65.03034210 -1.17350507
2.12748313 65.03034210 -1.31095648
2.04462004 65.03034210 -1.39126444
1.98625898 65.03034210 -1.43196869
1.90032709 65.03034210 -1.46321571
1.80680430 65.03034210 -1.49165940
1.70634139 65.03034210 -1.51349449
1.61827004 65.03034210 -1.51816368
1.51279795 65.03034210 -1.51647294
1.41433883 65.03034210 -1.50376832
1.33580804 65.03034210 -1.50668705
1.23212707 65.03034210 -1.51004934
1.16160107 65.03034210 -1.51057076
1.08895373 65.03034210 -1.51050818
1.01913512 65.03034210 -1.50207222
0.95560050 65.03034210 -1.50697100
0.81151378 65.03034210 -1.50849116
-0.16493742 65.03034210 -0.48804098
-0.18376403 65.03034210 -0.41377860
-0.19637969 65.03034210 -0.23235363
-0.21610484 65.03034210 -0.14147255
-0.20906603 65.03034210 0.05908153
-0.17915395 65.03034210 0.18965031
-0.15990566 65.03034210 0.25632241
-0.06525154 65.03034210 0.43082860
-0.00039236 65.03034210 0.52213085
0.14661250 65.03034210 0.54154158
0.28087407 65.03034210 0.55009633
0.43052706 65.03034210 0.62205124
0.52565897 65.03034210 0.64366597
0.66960424 65.03034210 0.67720419
0.78252769 65.03034210 0.70269263
0.95671248 65.03034210 0.74131441
1.05599415 65.03034210 0.75019175
1.16863680 65.03034210 0.73933321
1.31352377 65.03034210 0.74079770
1.39628005 65.03034210 0.72278798
1.45545089 65.03034210 0.70430458
