0.61595494 42.68080902 0.46687061
0.85106725 42.68080902 0.46349609
1.07623446 42.67081451 0.45434996
0.96937680 42.67081451 0.44651979
0.78226477 42.67081451 0.47004378
0.34993690 42.67081451 0.41093364
0.22693703 42.67081451 0.40007138
0.27767777 42.67081451 0.43449908
0.12696172 42.67081451 0.32822475
0.03321704 42.67081451 0.22677194
0.07547147 42.67081451 0.27074063
0.03085195 42.67081451 0.08732969
-0.01221073 42.67081451 -0.02874989
-0.06649543 42.67081451 -0.14657235
-0.09606237 42.67081451 -0.25232267
-0.14111026 42.67081451 -0.35736728
-0.16404864 42.67081451 -0.52349102
-0.18328820 42.67081451 -0.60484934
-0.21143663 42.67081451 -0.70514250
-0.18211538 42.67081451 -0.77196240
-0.15769765 42.67081451 -0.92674559
-0.14559959 42.67081451 -0.86664927
-0.15988608 42.67081451 -0.98889422
-0.16115063 42.67081451 -1.07075775
-0.17190816 42.67081451 -1.17290759
-0.13930291 42.67081451 -1.23829317
-0.09442556 42.67081451 -1.34290278
-0.04542575 42.67081451 -1.41845787
-0.00165909 42.67081451 -1.46463120
0.08211265 42.67081451 -1.50139439
0.14971496 42.67081451 -1.51717770
0.25194213 42.67081451 -1.53214920
0.34873396 42.67081451 -1.53109312
0.43181032 42.67081451 -1.54068339
0.53317058 42.67081451 -1.54360807
0.64029264 42.67081451 -1.54798114
0.70285898 42.67081451 -1.55705619
0.76352918 42.67081451 -1.56079102
0.85746729 42.67081451 -1.56136429
0.93231982 42.67081451 -1.55608916
0.99671698 42.67081451 -1.54075289
1.09319592 42.67081451 -1.53020239
1.17370403 42.67081451 -1.53572083
1.25375307 42.67081451 -1.54109240
1.34291339 42.67081451 -1.53770590
1.45129848 42.67081451 -1.53632689
1.57559717 42.67081451 -1.54729891
1.71184218 42.67081451 -1.53825331
1.85422015 42.67081451 -1.51892972
1.97657967 42.67081451 -1.43386495
2.02238798 42.67081451 -1.25787079
2.13337564 42.67081451 -1.09175098
2.10882545 42.67081451 -1.01991630
2.11850047 42.67081451 -0.79508495
2.10627747 42.67081451 -0.58706516
2.06858301 42.67081451 -0.52890038
2.01290321 42.67081451 -0.37664050
2.02164865 42.67081451 -0.25424320
2.03181386 42.67081451 -0.15192589
1.97743130 42.67081451 -0.02956849
1.90462470 42.67081451 0.15710101
1.83643079 42.67081451 0.23557861
1.69835496 42.67081451 0.31697005
1.56838083 42.67081451 0.35407847
1.50081563 42.67081451 0.35069504
1.35301006 42.67081451 0.41819519
1.17373061 42.67081451 0.45010626
1.28566408 42.67081451 0.43542936
0.54720813 42.67081451 0.46509320
0.46544516 42.67081451 0.44530809
-0.18522416 42.67081451 -0.46068195
1.95159578 42.67081451 -1.49259555
2.09750462 42.67081451 -1.14731276
2.05033803 42.67081451 -0.88393265
1.94475996 42.67081451 0.09689864
