1.73566186 60.88042450 -1.45073676
0.30334410 60.88042450 -1.44247174
0.12564687 60.88042450 0.39775425
2.60666704 60.88042450 -0.17277023
0.98433983 60.87042999 0.86426830
0.76696742 60.87042999 0.74373627
0.68522865 60.87042999 0.74327743
0.57667583 60.87042999 0.66329068
0.50558740 60.87042999 0.66331393
0.38400885 60.87042999 0.61085212
0.28153050 60.87042999 0.56635088
0.21977921 60.87042999 0.52387601
0.12909986 60.87042999 0.32789156
0.14623146 60.87042999 0.22770374
0.11374950 60.87042999 0.06826524
0.09815153 60.87042999 -0.14305428
0.11678585 60.87042999 -0.27592671
0.12727566 60.87042999 -0.41208068
0.13909358 60.87042999 -0.53978938
0.15342742 60.87042999 -0.66921902
0.18296167 60.87042999 -0.80053174
0.13030243 60.87042999 -1.04890716
0.15138528 60.87042999 -0.95823115
0.15025042 60.87042999 -1.21435869
0.22396220 60.87042999 -1.42902780
0.19442131 60.87042999 -1.37374175
0.35648182 60.87042999 -1.47992766
0.46867427 60.87042999 -1.50343287
0.63885063 60.87042999 -1.50048697
0.77406543 60.87042999 -1.50434971
0.98498273 60.87042999 -1.47663021
1.15676856 60.87042999 -1.47415972
1.33093500 60.87042999 -1.46745682
1.41107559 60.87042999 -1.46254480
1.62444401 60.87042999 -1.45608532
1.79758859 60.87042999 -1.44687343
1.90686035 60.87042999 -1.43887115
1.17505157 60.87042999 0.92606717
1.11430168 60.87042999 0.86567682
2.02646232 60.87042999 -1.42300010
2.13269734 60.87042999 -1.29428113
0.10146349 60.87042999 -0.04820533
0.10196477 60.87042999 0.47161394
0.84478140 60.87042999 0.74626940
0.90465403 60.87042999 0.75170344
1.06656945 60.87042999 0.82924587
1.35378313 60.87042999 0.91159588
1.47850227 60.87042999 0.94739032
1.70856392 60.87042999 1.15972865
1.80271578 60.87042999 1.13213181
1.90225840 60.87042999 1.09287894
2.03284812 60.87042999 1.04890335
2.12731338 60.87042999 0.98317486
2.21466279 60.87042999 0.92572701
2.32453179 60.87042999 0.84105486
2.38612175 60.87042999 0.75563985
2.46894431 60.87042999 0.64700258
2.52146149 60.87042999 0.47799855
2.56171823 60.87042999 0.26939493
2.60451579 60.87042999 0.15145107
2.66321111 60.87042999 0.02890704
2.60786295 60.87042999 -0.23202616
2.47634435 60.87042999 -0.43773252
2.46945071 60.87042999 -0.56275773
2.46199083 60.87042999 -0.70991939
2.43991804 60.87042999 -0.89838743
2.27005577 60.87042999 -1.11106622
1.25610399 60.87353897 0.87915039
