1.15040278 -66.51688385 -1.48240364
0.38882297 -66.52687836 -1.28043604
0.48672441 -66.52687836 -1.35924494
0.60239881 -66.52687836 -1.39951539
0.69804341 -66.52687836 -1.43230939
0.78852654 -66.52687836 -1.44696653
0.98474044 -66.52687836 -1.46939540
1.08721721 -66.52687836 -1.46987271
1.24475861 -66.52687836 -1.50307083
1.34165132 -66.52687836 -1.48718369
1.56961179 -66.52687836 -1.48171425
1.80296099 -66.52687836 -1.47452629
1.44754076 -66.52687836 -1.48431277
0.88969022 -66.52687836 -1.46212435
0.37716621 -66.52687836 -1.14155889
1.45062506 -66.52687836 0.63651901
1.52800691 -66.52687836 0.63296092
1.60025477 -66.52687836 0.62788171
1.74103689 -66.52687836 0.60219115
1.80666649 -66.52687836 0.60245574
1.94278061 -66.52687836 0.58361661
2.01007628 -66.52687836 0.56085157
2.11349797 -66.52687836 0.46197537
2.20450592 -66.52687836 0.46448451
2.18899965 -66.52687836 0.36084273
2.23582196 -66.52687836 0.29246712
2.26317525 -66.52687836 0.19274311
2.32498050 -66.52687836 0.06801029
2.30291152 -66.52687836 -0.03813152
2.35416436 -66.52687836 -0.14205565
2.41063118 -66.52687836 -0.19836456
2.46551394 -66.52687836 -0.31476858
2.52595162 -66.52687836 -0.43294388
2.56997991 -66.52687836 -0.60351372
2.58704662 -66.52687836 -0.72472048
2.60634637 -66.52687836 -0.79343915
2.58371019 -66.52687836 -0.89502811
2.49301720 -66.52687836 -1.11994064
2.49009466 -66.52687836 -1.20023811
2.41079283 -66.52687836 -1.42955148
2.25317097 -66.52687836 -1.43862402
2.05636716 -66.52687836 -1.46108735
1.92472291 -66.52687836 -1.46845853
0.35499570 -66.52687836 -0.90258932
0.27998462 -66.52687836 -0.80143768
0.27344826 -66.52687836 -0.73604178
0.31972089 -66.52687836 -0.57494366
0.28782064 -66.52687836 -0.51800126
0.26019025 -66.52687836 -0.46219611
0.25846642 -66.52687836 -0.36815414
0.23903574 -66.52687836 -0.29132709
0.21328886 -66.52687836 -0.20952517
0.17474498 -66.52687836 -0.08998157
0.19277263 -66.52687836 -0.01539189
0.28535429 -66.52687836 0.10557889
0.38082439 -66.52687836 0.12169851
0.42215696 -66.52687836 0.23472778
0.49725059 -66.52687836 0.28879279
0.54096657 -66.52687836 0.37848595
0.63050562 -66.52687836 0.56040865
0.73412091 -66.52687836 0.56623936
0.83222723 -66.52687836 0.60112816
1.15921593 -66.52687836 0.59486252
1.25800776 -66.52687836 0.62321305
1.35207260 -66.52687836 0.63329279
2.06271839 -66.52687836 0.50125390
2.26363659 -66.52687836 0.11378265
0.42199975 -66.52687836 0.16542396
0.59177876 -66.52687836 0.49185178
