0.51082534 -81.07657623 0.91422874
1.83456230 -81.08657074 1.06957221
1.65795732 -81.08657074 1.03628981
1.41998518 -81.08657074 1.17430198
1.51391017 -81.08657074 1.09407794
1.34899688 -81.08657074 1.14254653
1.14649439 -81.08657074 1.09885085
0.97717631 -81.08657074 1.09572768
0.74877286 -81.08657074 1.04452682
0.61497295 -81.08657074 1.02121127
0.47307456 -81.08657074 0.86728460
0.37668994 -81.08657074 0.60512531
0.28468019 -81.08657074 0.49775875
0.20295991 -81.08657074 0.36039472
0.19307540 -81.08657074 0.21672478
0.07364007 -81.08657074 -0.12356222
0.13751204 -81.08657074 -0.00949850
0.10033225 -81.08657074 -0.18732555
0.15434895 -81.08657074 -0.52786571
0.13478354 -81.08657074 -0.42252758
0.19724609 -81.08657074 -0.58217716
0.18500830 -81.08657074 -0.86163557
0.19286755 -81.08657074 -0.94644600
0.19679184 -81.08657074 -1.34881961
0.18069150 -81.08657074 -1.21526682
0.25838742 -81.08657074 -1.43454039
0.39789280 -81.08657074 -1.44036496
0.58177972 -81.08657074 -1.47016537
0.75874305 -81.08657074 -1.46563482
0.90461773 -81.08657074 -1.49190664
1.05001473 -81.08657074 -1.49826288
1.19383454 -81.08657074 -1.52054989
1.31549716 -81.08657074 -1.52163529
1.47437453 -81.08657074 -1.51072204
1.57960081 -81.08657074 -1.50978816
1.70543039 -81.08657074 -1.49346519
1.88227952 -81.08657074 -1.48888528
1.98637438 -81.08657074 -1.48777127
2.11191916 -81.08657074 -1.47851717
2.22730446 -81.08657074 -1.47233427
2.35614467 -81.08657074 -1.46768177
2.50050759 -81.08657074 -1.47161424
2.64829850 -81.08657074 -1.47363782
2.81915212 -81.08657074 -1.43990970
2.96659660 -81.08657074 -1.39936554
3.09649134 -81.08657074 -1.30765939
3.24706769 -81.08657074 -1.23588526
3.36629224 -81.08657074 -1.10062802
3.46138024 -81.08657074 -1.04010129
3.53534079 -81.08657074 -0.87423241
3.59031940 -81.08657074 -0.65092289
3.67397976 -81.08657074 -0.49346736
3.74005508 -81.08657074 -0.42741314
3.75935817 -81.08657074 -0.22393401
3.75239110 -81.08657074 -0.08876818
3.60397410 -81.08657074 0.02984136
3.37115788 -81.08657074 0.15533362
3.52401900 -81.08657074 0.05294197
3.25708961 -81.08657074 0.29089978
2.94736671 -81.08657074 0.42584097
2.76995659 -81.08657074 0.62437558
2.83783650 -81.08657074 0.51819271
2.70454144 -81.08657074 0.69770515
2.56467891 -81.08657074 0.81513101
2.46678424 -81.08657074 0.84256959
2.32802987 -81.08657074 0.91635585
1.96600127 -81.08657074 1.08175790
2.23369956 -81.08657074 0.98456544
3.14386916 -81.08657074 0.37941590
2.15033221 -81.08657074 1.02796459
