1.69075894 76.22010040 0.52604288
1.17521298 76.21010590 -1.53858292
1.25106943 76.21010590 -1.53872263
1.34996927 76.21010590 -1.53433561
1.41155267 76.21010590 -1.52352178
1.54397535 76.21010590 -1.55381119
1.66375577 76.21010590 -1.54331124
1.77297163 76.21010590 -1.52744496
1.89432740 76.21010590 -1.51594698
2.01003194 76.21010590 -1.47864807
2.10156298 76.21010590 -1.44909883
2.18344665 76.21010590 -1.37128842
2.18946576 76.21010590 -1.24407911
2.19026566 76.21010590 -1.17733324
2.19010663 76.21010590 -1.08180261
2.23918462 76.21010590 -0.94479102
2.26479697 76.21010590 -0.78318399
2.30401134 76.21010590 -0.66306657
2.27215099 76.21010590 -0.71574372
2.29314399 76.21010590 -0.59202665
2.28054452 76.21010590 -0.50105453
2.22695184 76.21010590 -0.26711264
2.24252200 76.21010590 -0.35397741
2.19717765 76.21010590 -0.09544291
2.19869089 76.21010590 -0.18989804
2.16442704 76.21010590 0.01523156
2.12716460 76.21010590 0.08220576
2.05510569 76.21010590 0.21262835
2.02324677 76.21010590 0.33955210
2.03058219 76.21010590 0.41173768
1.96693110 76.21010590 0.53004926
1.87681901 76.21010590 0.57255220
1.81606221 76.21010590 0.56583303
1.46291459 76.21010590 0.49898070
1.63082683 76.21010590 0.50173777
1.28024161 76.21010590 0.49989697
1.37606382 76.21010590 0.50947183
1.03662491 76.21010590 0.49479017
1.17476225 76.21010590 0.49259371
0.97442770 76.21010590 0.48835430
0.81949842 76.21010590 0.42626911
0.72451282 76.21010590 0.44613144
0.57125628 76.21010590 0.46147549
0.27196872 76.21010590 0.41164851
0.38827929 76.21010590 0.43600845
0.20861797 76.21010590 0.38112137
0.19487995 76.21010590 0.30008525
0.02273387 76.21010590 0.13855167
0.00528247 76.21010590 0.04560135
0.00484318 76.21010590 -0.07876649
-0.01529269 76.21010590 -0.28080684
-0.02477774 76.21010590 -0.21459532
-0.07590979 76.21010590 -0.42533430
-0.08743225 76.21010590 -0.62752765
-0.08720258 76.21010590 -0.48910257
-0.09714782 76.21010590 -0.75383192
-0.09592420 76.21010590 -0.89047754
-0.06240555 76.21010590 -1.04590690
-0.03464143 76.21010590 -1.26179814
-0.04190360 76.21010590 -1.15161550
0.00276628 76.21010590 -1.35478330
0.03603259 76.21010590 -1.47626257
0.12950453 76.21010590 -1.54681230
0.25855657 76.21010590 -1.56558514
0.37114421 76.21010590 -1.56826079
0.48435718 76.21010590 -1.56983829
0.59251595 76.21010590 -1.56372380
0.70067871 76.21010590 -1.55493772
0.78685105 76.21010590 -1.55667758
0.87480539 76.21010590 -1.55337858
0.95662570 76.21010590 -1.54946196
1.07940888 76.21010590 -1.53960598
2.21689558 76.21010590 -1.02762246
