0.30487737 27.08113861 -1.38954568
1.13657498 27.08113861 -1.43344355
-0.05331710 27.07114410 -0.44047743
0.00685268 27.07114410 -0.58096343
0.02839641 27.07114410 -0.69823253
0.04909830 27.07114410 -0.82202280
0.07640298 27.07114410 -0.91110861
0.11259000 27.07114410 -1.05941296
0.17018536 27.07114410 -1.18709338
0.14097966 27.07114410 -1.26903450
0.19293422 27.07114410 -1.37517178
0.37568280 27.07114410 -1.40382659
0.52406043 27.07114410 -1.41468167
0.63275981 27.07114410 -1.42235613
-0.10207998 27.07114410 -0.32157212
-0.06373306 27.07114410 -0.23181576
1.41879463 27.07114410 0.55719650
1.55295169 27.07114410 0.57109863
1.34718835 27.07114410 0.54624969
1.21107650 27.07114410 0.53175503
1.08271027 27.07114410 0.53600985
0.93988335 27.07114410 0.54411715
0.83687830 27.07114410 0.53072047
0.74288934 27.07114410 0.52485281
0.58224124 27.07114410 0.52802563
0.41749579 27.07114410 0.45137900
0.12225655 27.07114410 0.48223567
0.28007230 27.07114410 0.46704355
0.11387032 27.07114410 0.38172773
0.10021980 27.07114410 0.18703526
-0.04630692 27.07114410 -0.02872487
-0.02482034 27.07114410 0.03704529
0.72045755 27.07114410 -1.43067408
0.80422300 27.07114410 -1.43263102
0.88616526 27.07114410 -1.43575835
1.01126373 27.07114410 -1.42164874
0.94873548 27.07114410 -1.43261921
1.07596862 27.07114410 -1.42878139
1.23669147 27.07114410 -1.44015229
1.31438529 27.07114410 -1.44253898
1.39972544 27.07114410 -1.44290233
1.46135199 27.07114410 -1.43706989
1.60167491 27.07114410 -1.46691108
1.52531672 27.07114410 -1.42396235
1.79620242 27.07114410 -1.48656392
1.71805656 27.07114410 -1.47944748
1.89911139 27.07114410 -1.48154962
2.00909781 27.07114410 -1.46991634
2.12040997 27.07114410 -1.43854475
2.29242373 27.07114410 -1.42951488
2.34125018 27.07114410 -1.39341998
2.43929935 27.07114410 -1.30621409
2.42367077 27.07114410 -1.16728818
2.38056326 27.07114410 -1.03687787
2.35703373 27.07114410 -0.88811272
2.35098720 27.07114410 -0.82607299
2.35255146 27.07114410 -0.65817595
2.29892421 27.07114410 -0.48826441
2.34514260 27.07114410 -0.59573239
2.26939893 27.07114410 -0.29627970
2.28090596 27.07114410 -0.38074738
2.24958205 27.07114410 -0.21547590
2.15763855 27.07114410 0.18387771
2.19188881 27.07114410 -0.04383132
2.08622193 27.07114410 0.34584448
2.12653136 27.07114410 0.26027450
2.00985503 27.07114410 0.46457666
2.06012249 27.07114410 0.40170357
1.92121804 27.07114410 0.51134199
1.83606553 27.07114410 0.59965146
1.74352908 27.07114410 0.59305495
2.22536492 27.07114410 -0.13334543
