0.15680853 -40.51743317 -0.59978485
0.25944957 -40.51743317 0.42933556
1.05324328 -40.52742767 0.76141953
0.98628026 -40.52742767 0.75456655
0.79324287 -40.52742767 0.71184856
0.87987423 -40.52742767 0.72744966
0.61946332 -40.52742767 0.68812710
0.46395805 -40.52742767 0.67555422
0.54251701 -40.52742767 0.67508715
0.37698665 -40.52742767 0.65792733
0.31245005 -40.52742767 0.64824623
0.25353825 -40.52742767 0.51907218
0.26556605 -40.52742767 0.35966134
0.21350750 -40.52742767 0.23080882
0.18808798 -40.52742767 0.14487647
0.16468777 -40.52742767 0.03912104
0.17860585 -40.52742767 -0.08599976
0.19083838 -40.52742767 -0.20287625
0.15719701 -40.52742767 -0.31069604
0.16340396 -40.52742767 -0.37155476
0.15505643 -40.52742767 -0.48097160
0.16931175 -40.52742767 -0.66480291
0.18055899 -40.52742767 -0.76263827
0.18435107 -40.52742767 -0.83854753
0.17081162 -40.52742767 -0.90305066
0.17485884 -40.52742767 -1.00846088
0.18955311 -40.52742767 -1.13127470
0.17203194 -40.52742767 -1.27235258
0.19063804 -40.52742767 -1.34989929
0.24099420 -40.52742767 -1.39594567
0.35578814 -40.52742767 -1.40833235
0.47169498 -40.52742767 -1.43535376
0.53668821 -40.52742767 -1.43695617
0.64646602 -40.52742767 -1.43367112
0.76173395 -40.52742767 -1.43208969
0.87007910 -40.52742767 -1.42979848
0.99048841 -40.52742767 -1.42354929
1.12798357 -40.52742767 -1.42594087
1.20257998 -40.52742767 -1.43323350
1.28934348 -40.52742767 -1.42936957
1.40878820 -40.52742767 -1.42806101
1.46997035 -40.52742767 -1.42551434
1.54594553 -40.52742767 -1.42704952
1.64976192 -40.52742767 -1.40296793
1.77114880 -40.52742767 -1.40949035
1.89162612 -40.52742767 -1.40485513
2.02653170 -40.52742767 -1.39708507
2.34363770 -40.52742767 -1.37795401
2.28157187 -40.52742767 -1.38314450
2.44627023 -40.52742767 -1.32487571
2.53519225 -40.52742767 -1.22355449
2.63443112 -40.52742767 -1.12820828
2.74288559 -40.52742767 -0.95430112
2.75742912 -40.52742767 -0.76254070
2.76633954 -40.52742767 -0.56576782
2.75280404 -40.52742767 -0.63841391
2.75574923 -40.52742767 -0.47625098
2.77864265 -40.52742767 -0.25713286
2.78762031 -40.52742767 -0.17563029
2.80990553 -40.52742767 -0.03090187
2.70722365 -40.52742767 0.33851564
2.71864390 -40.52742767 0.26885960
2.66420603 -40.52742767 0.42939964
2.63248706 -40.52742767 0.55082816
2.57046556 -40.52742767 0.64262766
2.48551011 -40.52742767 0.68738276
1.97185564 -40.52742767 0.76256686
1.76337194 -40.52742767 0.76840007
1.82468092 -40.52742767 0.78678304
1.65002275 -40.52742767 0.74953091
1.52355075 -40.52742767 0.75754964
1.39520264 -40.52742767 0.76868612
1.27983308 -40.52742767 0.74900252
1.16283345 -40.52742767 0.75390160
2.75425959 -40.52742767 0.18393858
2.74970007 -40.52742767 -0.84738910
2.69855642 -40.52742767 -1.01246178
2.17677212 -40.52742767 -1.38745105
0.26081517 -40.52742767 0.59708065
0.70866096 -40.52742767 0.70981985
