2.16842675 80.12001801 0.15680480
1.26619244 80.12001801 0.56029445
1.19791543 80.11002350 0.55943030
1.34112656 80.11002350 0.55364782
1.41075754 80.11002350 0.54612082
1.47240722 80.11002350 0.53149903
1.60786426 80.11002350 0.48879886
1.66276360 80.11002350 0.45983881
1.73306704 80.11002350 0.43473601
1.83624578 80.11002350 0.42831093
1.95094836 80.11002350 0.33435628
2.01876354 80.11002350 0.35690385
2.07361507 80.11002350 0.29673713
2.14169407 80.11002350 0.31312859
2.15210700 80.11002350 0.24942553
2.23483086 80.11002350 -0.00531681
2.29963923 80.11002350 -0.24835184
2.32843614 80.11002350 -0.33480024
2.41426682 80.11002350 -0.43165004
2.42961264 80.11002350 -0.50226533
2.40201735 80.11002350 -0.63607746
2.41478848 80.11002350 -0.73791897
2.41519260 80.11002350 -0.79820728
2.41520429 80.11002350 -0.86151296
2.42461276 80.11002350 -0.93050033
2.45242143 80.11002350 -1.00298965
2.47570634 80.11002350 -1.08436656
2.46754313 80.11002350 -1.14713728
2.45309520 80.11002350 -1.21440554
2.40520716 80.11002350 -1.26346028
2.34368372 80.11002350 -1.33343029
2.28790808 80.11002350 -1.38293242
2.20896482 80.11002350 -1.42337656
2.03606343 80.11002350 -1.40028787
1.91634822 80.11002350 -1.47937572
1.81009614 80.11002350 -1.47800219
1.72653472 80.11002350 -1.48720860
1.66151989 80.11002350 -1.49332511
1.58840787 80.11002350 -1.49361956
1.48429382 80.11002350 -1.50133753
1.41130531 80.11002350 -1.50596213
1.29916763 80.11002350 -1.50814116
1.14544380 80.11002350 -1.51867318
1.03614581 80.11002350 -1.52536500
0.93548274 80.11002350 -1.52846551
0.80711538 80.11002350 -1.53779221
0.69150704 80.11002350 -1.54452038
0.53044039 80.11002350 -1.62413871
0.40493655 80.11002350 -1.56995010
0.31434733 80.11002350 -1.57788920
0.19329616 80.11002350 -1.45313168
0.11565722 80.11002350 -1.42457354
0.00153462 80.11002350 -1.14738095
0.00162692 80.11002350 -1.05851114
0.02647498 80.11002350 -0.91555864
-0.02907505 80.11002350 -0.77502239
-0.02391265 80.11002350 -0.63797957
-0.02815319 80.11002350 -0.53988993
-0.05663473 80.11002350 -0.36052665
-0.08057306 80.11002350 -0.24612705
-0.10055558 80.11002350 -0.11275960
-0.08148068 80.11002350 -0.04482530
0.01759036 80.11002350 0.04587617
0.08594520 80.11002350 0.13682377
0.15828645 80.11002350 0.23333001
0.20274611 80.11002350 0.28816137
0.27144679 80.11002350 0.37790009
0.35716772 80.11002350 0.46737173
0.41845176 80.11002350 0.53918457
0.47628045 80.11002350 0.58470476
0.53407627 80.11002350 0.61462295
0.63616759 80.11002350 0.61767757
0.74787390 80.11002350 0.63490301
0.81398344 80.11002350 0.64741838
0.90606546 80.11002350 0.63594377
1.00593328 80.11002350 0.61498129
1.10511124 80.11002350 0.58497357
1.89474332 80.11002350 0.37102228
2.19497466 80.11002350 0.10032535
2.25100279 80.11002350 -0.09925367
1.98854291 80.11002350 -1.47506404
0.08926791 80.11002350 -1.31135440
