0.13008730 -72.23676300 -0.32890683
0.16738540 -72.23676300 -1.17406499
1.69808555 -72.23676300 -1.45728588
1.94784749 -72.23676300 -1.45939076
2.41929650 -72.23676300 -1.34754872
2.42168760 -72.24675751 -1.40940940
2.14292502 -72.24675751 -1.44882977
2.01655364 -72.24675751 -1.45611012
1.88856602 -72.24675751 -1.46196842
1.76657915 -72.24675751 -1.46423042
1.56299388 -72.24675751 -1.45917308
1.44213343 -72.24675751 -1.46406376
1.35887432 -72.24675751 -1.46491408
1.19872415 -72.24675751 -1.46347296
1.08238482 -72.24675751 -1.45244670
0.88915735 -72.24675751 -1.44497180
0.78826034 -72.24675751 -1.43179369
0.66238016 -72.24675751 -1.42146873
0.52064824 -72.24675751 -1.42586410
0.37757891 -72.24675751 -1.41039741
0.25115716 -72.24675751 -1.34166932
0.20274881 -72.24675751 -1.23935139
0.10487758 -72.24675751 -1.06352389
0.08579810 -72.24675751 -0.99102217
0.05223409 -72.24675751 -0.77374125
0.03787941 -72.24675751 -0.65745974
0.04318990 -72.24675751 -0.53748131
0.05654681 -72.24675751 -0.42422473
0.18948920 -72.24675751 -0.26047504
0.22012116 -72.24675751 -0.12032872
0.06101402 -72.24675751 -0.89009649
1.01185596 -72.24675751 -1.45460832
2.28943658 -72.24675751 -1.42400920
2.42222190 -72.24675751 -1.21774375
0.92450774 -72.24675751 0.76851743
0.77963257 -72.24675751 0.70903891
0.68860775 -72.24675751 0.69992709
0.54917264 -72.24675751 0.68675506
0.41148120 -72.24675751 0.62229884
0.35725993 -72.24675751 0.48410037
0.32834888 -72.24675751 0.38697493
0.26622891 -72.24675751 0.18061857
0.22331569 -72.24675751 0.05787729
0.24394630 -72.24675751 -0.02297523
2.45614052 -72.24675751 -1.07107723
2.46264744 -72.24675751 -0.96696597
2.47560048 -72.24675751 -0.84523064
2.50469542 -72.24675751 -0.73684901
2.57674670 -72.24675751 -0.56309265
2.47370243 -72.24675751 -0.43727973
2.36785483 -72.24675751 -0.24391298
2.40368581 -72.24675751 -0.31722462
2.31195974 -72.24675751 -0.08779875
2.24348927 -72.24675751 0.01757438
2.26315379 -72.24675751 0.20777547
2.16881132 -72.24675751 0.24096756
2.18335795 -72.24675751 0.36359414
2.15793777 -72.24675751 0.43311819
2.08346653 -72.24675751 0.55471480
2.00305557 -72.24675751 0.82546788
1.93606055 -72.24675751 0.76784760
1.80106091 -72.24675751 0.80813044
1.62013090 -72.24675751 0.84750742
1.55846596 -72.24675751 0.87422884
1.38303256 -72.24675751 0.91492915
1.27893054 -72.24675751 0.89186472
1.12794769 -72.24675751 0.82395029
0.98100483 -72.24675751 0.79087007
0.28892192 -72.24675751 0.23917282
2.01503563 -72.24675751 0.66796136
