1.14674771 65.30033112 0.73103648
-0.25046107 65.30033112 0.21787272
-0.23584306 65.30033112 0.03103915
-0.24238896 65.30033112 -0.45955548
-0.20617822 65.30033112 -0.66559631
-0.13332374 65.30033112 -1.04824853
1.03651440 65.29033661 -1.52401435
0.97287315 65.29033661 -1.50995076
0.83855045 65.29033661 -1.50412548
0.75406295 65.29033661 -1.50534916
0.64579803 65.29033661 -1.50091398
0.54437882 65.29033661 -1.50056851
0.43351009 65.29033661 -1.49384964
0.31728160 65.29033661 -1.47615266
0.06061559 65.29033661 -1.46537960
-0.04241650 65.29033661 -1.43875146
-0.06668206 65.29033661 -1.36196673
-0.09097670 65.29033661 -1.21066892
-0.12003268 65.29033661 -1.12052417
-0.19629486 65.29033661 -0.83447570
-0.19651876 65.29033661 -0.74498135
-0.22035821 65.29033661 -0.52007884
-0.26414374 65.29033661 -0.30332753
-0.22595836 65.29033661 -0.15284877
-0.23315619 65.29033661 -0.03746449
-0.25680560 65.29033661 0.15018889
-0.17050879 65.29033661 0.43896165
-0.03564776 65.29033661 0.49634272
0.10436933 65.29033661 0.54905313
0.26374862 65.29033661 0.55706501
0.37488642 65.29033661 0.59173751
0.49688393 65.29033661 0.63930041
0.61217773 65.29033661 0.67274350
0.75918937 65.29033661 0.69250798
1.22781026 65.29033661 0.73929423
1.34221876 65.29033661 0.72563326
-0.30628580 65.29033661 0.42571422
-0.27099589 65.29033661 0.34331694
-0.25883654 65.29033661 -0.37777466
-0.19590659 65.29033661 -0.90393376
0.21565582 65.29033661 -1.46817887
1.45622230 65.29033661 0.73891598
1.13470650 65.29033661 -1.52294004
1.21219897 65.29033661 -1.52334929
1.28694880 65.29033661 -1.52094471
1.35581601 65.29033661 -1.52300572
1.43032348 65.29033661 -1.50165296
1.55653262 65.29033661 -1.52902353
1.67690766 65.29033661 -1.51739919
1.78047812 65.29033661 -1.50202858
1.86325943 65.29033661 -1.48106706
1.93981004 65.29033661 -1.44704211
2.06727791 65.29033661 -1.25802875
1.96893167 65.29033661 -1.38160288
2.07087088 65.29033661 -1.10098660
2.07270575 65.29033661 -1.17651999
2.08750415 65.29033661 -1.00780129
2.08114743 65.29033661 -0.90340012
2.10094547 65.29033661 -0.71472430
2.08298612 65.29033661 -0.63524139
2.05013847 65.29033661 -0.47592524
2.05732203 65.29033661 -0.36598411
2.11331916 65.29033661 -0.26918766
2.08434749 65.29033661 -0.10605279
2.06010866 65.29033661 0.04209273
2.02769589 65.29033661 0.15159756
2.01869869 65.29033661 0.30776197
1.96903527 65.29033661 0.39418396
1.92553329 65.29033661 0.48693961
1.84738779 65.29033661 0.61765701
1.72984660 65.29033661 0.68584383
1.60129285 65.29033661 0.75569272
2.08532047 65.29033661 -0.81346136
