0.73726553 42.42081451 0.45969185
1.54733920 42.42081451 -1.53340364
1.67361975 42.42081451 -1.53504598
1.02946138 42.41082001 0.46452609
0.96084112 42.41082001 0.46421486
0.39208847 42.41082001 0.44873539
0.17458522 42.41082001 0.33561930
0.14791183 42.41082001 0.26891360
0.04051447 42.41082001 0.15024051
0.00847026 42.41082001 0.05909232
-0.05294244 42.41082001 -0.05754027
-0.10959570 42.41082001 -0.16642964
-0.12261520 42.41082001 -0.25592697
-0.15003148 42.41082001 -0.38158706
-0.16483906 42.41082001 -0.48208699
-0.17365088 42.41082001 -0.55941850
-0.20484577 42.41082001 -0.68283850
-0.18971294 42.41082001 -0.79260904
-0.15943572 42.41082001 -0.85821295
-0.18930921 42.41082001 -0.98896730
-0.18544821 42.41082001 -1.06859195
-0.19070753 42.41082001 -1.18291891
-0.18575697 42.41082001 -1.25691175
-0.12561014 42.41082001 -1.40484345
0.07517660 42.41082001 -1.51213157
0.17484502 42.41082001 -1.53076684
0.34234908 42.41082001 -1.53569973
0.42541707 42.41082001 -1.53554916
0.49242616 42.41082001 -1.54001820
0.56017095 42.41082001 -1.53881919
0.73929554 42.41082001 -1.56044495
0.82996482 42.41082001 -1.56229627
0.89185661 42.41082001 -1.56048167
0.97109288 42.41082001 -1.55217767
1.05251718 42.41082001 -1.51909566
1.12736666 42.41082001 -1.52496016
1.19548154 42.41082001 -1.53466773
1.28340971 42.41082001 -1.53419554
1.37317050 42.41082001 -1.53444469
1.46815741 42.41082001 -1.52771914
1.61239278 42.41082001 -1.53827274
1.76681674 42.41082001 -1.52829504
1.95475471 42.41082001 -1.51113844
1.45107269 42.41082001 0.35645238
1.25030756 42.41082001 0.42307520
1.16053391 42.41082001 0.45240223
0.31524739 42.41082001 0.41877973
-0.05127004 42.41082001 -1.47890282
0.27883828 42.41082001 -1.53024650
0.64439768 42.41082001 -1.54902434
2.07249665 42.41082001 -1.47902608
2.03853035 42.41082001 -1.41899455
2.03606057 42.41082001 -1.30282724
2.08703303 42.41082001 -1.14723086
2.11238337 42.41082001 -1.07899570
2.24791813 42.41082001 -0.92073685
2.24182630 42.41082001 -0.79457027
2.17236853 42.41082001 -0.62589061
2.12740111 42.41082001 -0.50717992
2.01785731 42.41082001 -0.42545959
2.01828051 42.41082001 -0.29287335
2.03172612 42.41082001 -0.17984854
1.96864831 42.41082001 -0.06272033
1.90399539 42.41082001 0.04620488
1.80320442 42.41082001 0.16330643
1.73415005 42.41082001 0.28508773
1.65793717 42.41082001 0.37340948
1.55487585 42.41082001 0.40669650
