1.08673501 81.15999603 -1.61740637
0.92399186 81.15999603 -1.61687911
0.20714979 81.15999603 -1.52789557
0.10585163 81.15999603 -1.27669704
0.33100614 81.15999603 0.66804171
0.81496090 81.15999603 0.62648332
1.02782834 81.15000153 -1.60720313
0.74906826 81.15000153 -1.63434315
0.35221234 81.15000153 -1.61024201
0.12283439 81.15000153 -1.42752838
0.10285370 81.15000153 -1.34453726
0.11033435 81.15000153 -1.15803587
0.08356589 81.15000153 -1.03823304
0.04467174 81.15000153 -0.84519148
0.05307599 81.15000153 -0.71043098
0.04257768 81.15000153 -0.62776709
0.00018738 81.15000153 -0.30444986
0.01432205 81.15000153 -0.23786831
0.09328290 81.15000153 0.05133720
0.13508354 81.15000153 0.10320063
0.19196343 81.15000153 0.23109116
0.21727012 81.15000153 0.30549335
0.24647981 81.15000153 0.39833295
0.22823980 81.15000153 0.55575264
0.28362286 81.15000153 0.62647372
0.39702305 81.15000153 0.67389792
0.47137040 81.15000153 0.68030506
0.56987387 81.15000153 0.69099218
0.67217869 81.15000153 0.65794694
0.74984676 81.15000153 0.63088667
0.88309360 81.15000153 0.62634146
0.98393154 81.15000153 0.62621152
1.05202961 81.15000153 0.63855618
1.13127303 81.15000153 0.63342571
1.22477555 81.15000153 0.61690462
1.29301631 81.15000153 0.61185950
1.38983166 81.15000153 0.60331619
1.48654699 81.15000153 0.60596007
1.38290060 81.15000153 -1.63358045
1.54809535 81.15000153 0.58242685
1.49539387 81.15000153 -1.58471167
1.17692673 81.15000153 -1.63576090
0.56395519 81.15000153 -1.63630903
0.24630566 81.15000153 -1.57645011
0.05695822 81.15000153 -0.92703795
-0.01135370 81.15000153 -0.48573378
0.00338129 81.15000153 -0.39737153
0.03195808 81.15000153 -0.10086199
0.06611840 81.15000153 -0.01006904
1.76957524 81.15000153 0.60450870
1.91456175 81.15000153 0.57606512
1.97006154 81.15000153 0.54541343
2.00636864 81.15000153 0.46164319
2.02232218 81.15000153 0.35745427
2.06193566 81.15000153 0.23982617
2.06492257 81.15000153 0.09334416
2.07742095 81.15000153 -0.03644660
2.08770084 81.15000153 -0.09953038
2.04210281 81.15000153 -0.29611033
2.10928535 81.15000153 -0.48724049
2.03991389 81.15000153 -0.59663862
2.07987118 81.15000153 -0.72767097
2.14690304 81.15000153 -0.88892031
2.21975088 81.15000153 -1.08161283
2.21055031 81.15000153 -1.20489419
2.15404296 81.15000153 -1.38040626
2.13327217 81.15000153 -1.49545765
1.79988849 81.15000153 -1.61554825
