0.86331499 -63.13695526 -1.41818500
2.23906350 -63.13695526 0.36970156
0.72153479 -63.13695526 0.47000861
1.17785752 -63.13695526 0.57228458
1.34947050 -63.13695526 0.63557035
1.67700982 -63.13695526 0.70503223
1.95340753 -63.13695526 0.60392159
0.89352006 -63.14694977 0.50405759
0.96324497 -63.14694977 0.52254981
0.65608728 -63.14694977 0.44115245
0.60092896 -63.14694977 0.36147061
0.60309184 -63.14694977 0.19296253
0.54717547 -63.14694977 0.08837146
0.51754874 -63.14694977 -0.04793947
0.46003312 -63.14694977 -0.11812314
0.35796511 -63.14694977 -0.25862420
0.30252832 -63.14694977 -0.36477309
0.26355028 -63.14694977 -0.42451063
0.23515324 -63.14694977 -0.49499404
0.22067177 -63.14694977 -0.57587349
0.23041500 -63.14694977 -0.65086347
0.25849485 -63.14694977 -0.71156895
0.23438272 -63.14694977 -0.76825005
0.27390680 -63.14694977 -0.90218967
0.32853255 -63.14694977 -0.96867305
0.34705687 -63.14694977 -1.11284173
0.34970358 -63.14694977 -1.17515731
0.34273341 -63.14694977 -1.26297379
0.40408698 -63.14694977 -1.30314827
0.46945593 -63.14694977 -1.33769619
0.54932714 -63.14694977 -1.36408699
0.63964796 -63.14694977 -1.38521492
0.71969277 -63.14694977 -1.39850593
0.80445951 -63.14694977 -1.41025937
0.96275419 -63.14694977 -1.44188893
1.05246711 -63.14694977 -1.45194399
1.17184544 -63.14694977 -1.48294556
1.28746843 -63.14694977 -1.48587120
1.36124015 -63.14694977 -1.48899889
1.43324733 -63.14694977 -1.48900235
1.61108458 -63.14694977 -1.47905266
1.71713710 -63.14694977 -1.47339439
1.83274162 -63.14694977 -1.47593105
1.95753706 -63.14694977 -1.47352803
2.14470339 -63.14694977 -1.45593381
2.08450174 -63.14694977 -1.45815015
2.29004979 -63.14694977 -1.42284715
2.22188377 -63.14694977 -1.44240427
2.45532084 -63.14694977 -1.38622820
2.50500751 -63.14694977 -1.33332193
2.50970078 -63.14694977 -1.24850404
2.54954886 -63.14694977 -0.97751987
2.53286052 -63.14694977 -1.03941369
2.56743765 -63.14694977 -0.85606301
2.55532336 -63.14694977 -0.79382563
2.49203205 -63.14694977 -0.63933164
2.48417020 -63.14694977 -0.56435400
2.44443893 -63.14694977 -0.43971664
2.41205764 -63.14694977 -0.28693148
2.37656236 -63.14694977 -0.07535784
2.29252458 -63.14694977 0.13839778
2.27306294 -63.14694977 0.27828687
2.19265819 -63.14694977 0.42170286
1.79677451 -63.14694977 0.69441175
1.43822825 -63.14694977 0.66164094
1.28646779 -63.14694977 0.61407506
2.39566565 -63.14694977 -0.19128366
2.38826227 -63.14694977 -1.41068041
1.52155328 -63.14694977 -1.49573457
0.41867104 -63.14694977 -0.17436838
0.79602301 -63.14694977 0.48495659
1.09525549 -63.14694977 0.55092949
1.55417025 -63.14694977 0.70295578
