0.43710327 48.14069366 -0.66510874
0.50958151 48.14069366 -0.13961045
0.32992914 48.14069366 -1.24145448
2.51775885 48.14069366 0.53785717
2.30597115 48.14069366 0.65153116
0.83951688 48.14069366 0.75181425
0.51611203 48.14069366 0.40026450
1.81084418 48.13069916 0.72265357
1.94777632 48.13069916 0.70717478
2.06862187 48.13069916 0.70010948
2.14308357 48.13069916 0.69846487
2.23470426 48.13069916 0.66157460
2.46468997 48.13069916 0.58946401
2.59471202 48.13069916 0.42863500
2.65518832 48.13069916 0.31625065
2.68892789 48.13069916 0.19843313
2.69502425 48.13069916 0.10030419
2.65493584 48.13069916 -0.01202677
2.63590407 48.13069916 -0.11969776
2.65090799 48.13069916 -0.20056513
2.64613366 48.13069916 -0.31803945
2.58563304 48.13069916 -0.50555444
2.60648465 48.13069916 -0.58054334
2.56488490 48.13069916 -0.90872985
2.54873538 48.13069916 -0.97538489
2.50275922 48.13069916 -1.14136732
2.51676989 48.13069916 -1.22236371
2.53439403 48.13069916 -1.34398472
2.49398041 48.13069916 -1.40024936
2.41448760 48.13069916 -1.43469954
2.34567738 48.13069916 -1.44004107
2.27766967 48.13069916 -1.45760286
2.21789122 48.13069916 -1.46652102
2.07711887 48.13069916 -1.44691551
1.99480176 48.13069916 -1.45890415
1.92739642 48.13069916 -1.46902537
1.82829237 48.13069916 -1.47906744
1.75836158 48.13069916 -1.48613811
1.55120897 48.13069916 -1.47657537
1.44848216 48.13069916 -1.47507620
1.38630497 48.13069916 -1.47828948
1.27189100 48.13069916 -1.47849154
1.20392919 48.13069916 -1.47997999
1.10817266 48.13069916 -1.47473776
1.04641926 48.13069916 -1.46605623
0.93285143 48.13069916 -1.45804286
0.87177688 48.13069916 -1.45696855
0.79417515 48.13069916 -1.45048463
0.72682285 48.13069916 -1.44842339
0.62576365 48.13069916 -1.45248604
0.55207658 48.13069916 -1.45192373
0.47288778 48.13069916 -1.42881751
0.41098505 48.13069916 -1.40749955
0.35270461 48.13069916 -1.29785609
0.37077105 48.13069916 -1.16529834
0.40146285 48.13069916 -1.02464855
0.40020826 48.13069916 -0.96129149
0.41679221 48.13069916 -0.85259706
0.43850172 48.13069916 -0.78521818
0.43038055 48.13069916 -0.72423410
0.42099404 48.13069916 -0.58967352
0.46824530 48.13069916 -0.38692236
0.46943337 48.13069916 -0.30297798
0.49482578 48.13069916 -0.20413820
0.51025468 48.13069916 -0.05218010
0.48893547 48.13069916 0.05792221
0.47268969 48.13069916 0.13376905
0.45964658 48.13069916 0.21048760
0.47409758 48.13069916 0.28752291
0.46851316 48.13069916 0.36460033
0.58231223 48.13069916 0.47737944
0.62081009 48.13069916 0.53963149
0.65820009 48.13069916 0.63117570
0.79126358 48.13069916 0.71358675
0.89728683 48.13069916 0.77516979
0.99263161 48.13069916 0.84219116
1.05890810 48.13069916 0.84710169
1.18641722 48.13069916 0.87882096
1.24640226 48.13069916 0.87452132
1.39401591 48.13069916 0.91732520
1.51017749 48.13069916 0.87328434
1.60267425 48.13069916 0.80554593
1.72044098 48.13069916 0.75505298
0.43741056 48.13069916 -0.49385840
1.64902687 48.13069916 -1.48145819
2.52840686 48.13069916 -1.06409335
2.62402439 48.13069916 -0.78440332
2.67849779 48.13069916 -0.67512214
2.60036325 48.13069916 -0.38143259
2.40143466 48.13069916 0.65962899
1.12045920 48.13069916 0.87150913
0.71314192 48.13069916 0.69409728
