1.86114252 45.28075409 0.59350073
1.30079854 45.27075958 0.63162065
1.45412767 45.27075958 0.61919504
1.58124840 45.27075958 0.60968107
1.66570592 45.27075958 0.60498053
1.97805345 45.27075958 0.55382621
2.22099328 45.27075958 0.43903422
2.22161293 45.27075958 0.35931817
2.30020308 45.27075958 0.21361062
2.35662436 45.27075958 0.12097500
2.40180922 45.27075958 0.00388669
2.43275595 45.27075958 -0.09344064
2.48682976 45.27075958 -0.23813123
2.51340723 45.27075958 -0.36538577
2.54873919 45.27075958 -0.54248822
2.57808256 45.27075958 -0.65593320
2.58188772 45.27075958 -0.77023602
2.57199907 45.27075958 -1.02059817
2.59577680 45.27075958 -1.17522287
2.56505275 45.27075958 -1.29935360
2.44120908 45.27075958 -1.38934100
2.34367323 45.27075958 -1.46732545
2.22938108 45.27075958 -1.52228355
2.07920337 45.27075958 -1.54344261
1.91904724 45.27075958 -1.51937437
1.80747437 45.27075958 -1.53614223
1.67647433 45.27075958 -1.55345070
1.55389321 45.27075958 -1.55328310
1.45496368 45.27075958 -1.53527999
1.33537579 45.27075958 -1.53896964
1.23052073 45.27075958 -1.53679264
1.13198316 45.27075958 -1.53049922
1.04475844 45.27075958 -1.51256013
0.97309297 45.27075958 -1.51564336
0.87357670 45.27075958 -1.53850698
0.71950495 45.27075958 -1.52934587
0.58712989 45.27075958 -1.52885079
0.48428851 45.27075958 -1.53141737
0.42192659 45.27075958 -1.53158164
0.31978115 45.27075958 -1.52257657
0.24567856 45.27075958 -1.52105892
0.16967130 45.27075958 -1.48868287
0.07458115 45.27075958 -1.48150325
-0.03818390 45.27075958 -1.43351638
-0.07933408 45.27075958 -1.29013920
-0.10013460 45.27075958 -1.17206454
-0.16866107 45.27075958 -1.09057689
-0.16217139 45.27075958 -1.01817083
-0.15054649 45.27075958 -0.95389831
-0.15121484 45.27075958 -0.88977736
-0.17169183 45.27075958 -0.62346554
-0.14981899 45.27075958 -0.54677230
-0.12580468 45.27075958 -0.46250397
-0.09934353 45.27075958 -0.35066468
-0.09080938 45.27075958 -0.27577940
-0.06961451 45.27075958 -0.16317312
-0.01147426 45.27075958 -0.04698162
0.10364888 45.27075958 0.15817322
0.18595234 45.27075958 0.30089495
0.23188421 45.27075958 0.37473243
0.26330870 45.27075958 0.44074941
0.41210818 45.27075958 0.50926995
0.55075604 45.27075958 0.48359901
0.70492911 45.27075958 0.49641937
0.79352409 45.27075958 0.51628554
0.86395258 45.27075958 0.51563543
0.95739597 45.27075958 0.55700099
1.04066193 45.27075958 0.57696265
1.15238059 45.27075958 0.61157233
1.80040574 45.27075958 0.59855670
1.97717834 45.27075958 0.48051277
2.08532596 45.27075958 0.43444246
2.57292604 45.27075958 -0.87637895
-0.07045272 45.27075958 -1.35917139
-0.18291797 45.27075958 -0.76774651
0.09084337 45.27075958 0.06316780
0.12022460 45.27075958 0.22387394
0.31528807 45.27075958 0.50551587
1.22517312 45.27075958 0.63424772
1.36734986 45.27075958 0.62534869
