0.69765490 -20.23786163 0.70723075
0.37013471 -20.23786163 0.72772551
2.02932835 -20.23786163 0.70327383
1.71980405 -20.23786163 0.77469558
1.21449292 -20.23786163 0.83378088
1.14734828 -20.24785614 0.83635044
1.04015958 -20.24785614 0.82127446
0.86572027 -20.24785614 0.73984784
0.79506987 -20.24785614 0.74293303
0.63257051 -20.24785614 0.69937325
0.48057717 -20.24785614 0.69699448
0.30621013 -20.24785614 0.71686059
0.20514692 -20.24785614 0.70311326
0.11359306 -20.24785614 0.66593969
0.04742561 -20.24785614 0.53503692
0.07802911 -20.24785614 0.58778089
0.03623733 -20.24785614 0.39809501
0.03389096 -20.24785614 0.46156821
0.02460386 -20.24785614 0.24765031
0.02906981 -20.24785614 0.31992942
0.02485096 -20.24785614 0.12976429
0.02836042 -20.24785614 0.00992049
0.01950827 -20.24785614 -0.05473533
0.01557495 -20.24785614 -0.30761746
0.02959844 -20.24785614 -0.22142552
-0.00149412 -20.24785614 -0.37639517
-0.02273946 -20.24785614 -0.58402836
-0.01843496 -20.24785614 -0.65310019
-0.02325217 -20.24785614 -0.76057863
-0.01685285 -20.24785614 -0.91734678
-0.01834998 -20.24785614 -0.84988397
-0.01365959 -20.24785614 -1.04454470
-0.00843075 -20.24785614 -0.98263526
-0.06254718 -20.24785614 -1.17224467
-0.04539767 -20.24785614 -1.23829114
0.04891357 -20.24785614 -1.39175498
0.11610880 -20.24785614 -1.39959896
0.32353199 -20.24785614 -1.43149078
0.25655270 -20.24785614 -1.43091547
0.48478216 -20.24785614 -1.37628400
0.41585204 -20.24785614 -1.39289033
0.60480571 -20.24785614 -1.39306831
0.70492834 -20.24785614 -1.40479195
0.80253106 -20.24785614 -1.40953410
0.91159505 -20.24785614 -1.41381562
1.00432289 -20.24785614 -1.41303921
1.12186730 -20.24785614 -1.44116032
1.22633636 -20.24785614 -1.45388997
1.30622923 -20.24785614 -1.45921016
1.42006612 -20.24785614 -1.46013629
1.51065862 -20.24785614 -1.46030700
1.63004577 -20.24785614 -1.45721388
1.79048562 -20.24785614 -1.45760512
1.92526281 -20.24785614 -1.44816947
2.07334924 -20.24785614 -1.44049728
2.22483134 -20.24785614 -1.39454389
2.37719893 -20.24785614 -1.38442814
2.32420707 -20.24785614 -1.28271282
2.32121491 -20.24785614 -1.13116121
2.35885000 -20.24785614 -1.00807655
2.30675673 -20.24785614 -0.71536231
2.25238109 -20.24785614 -0.44963861
2.26807618 -20.24785614 -0.31696865
2.24654651 -20.24785614 -0.19537246
2.23148990 -20.24785614 -0.07087873
2.23961449 -20.24785614 0.04641471
2.22451591 -20.24785614 0.16812955
2.17580748 -20.24785614 0.29626051
2.14848804 -20.24785614 0.38479835
2.12037110 -20.24785614 0.52140492
2.05442667 -20.24785614 0.64644194
1.97413564 -20.24785614 0.73654282
1.62032533 -20.24785614 0.79236841
1.48744786 -20.24785614 0.81635863
1.34285891 -20.24785614 0.83670264
1.28350067 -20.24785614 0.84599257
0.95205623 -20.24785614 0.80571568
0.55764914 -20.24785614 0.69632882
0.03920175 -20.24785614 -0.16075523
-0.00732099 -20.24785614 -0.48324183
-0.00517310 -20.24785614 -1.35095692
0.17398794 -20.24785614 -1.41795671
2.32920766 -20.24785614 -0.78692079
2.22475004 -20.24785614 -0.54201347
