1.14690638 4.20162201 -0.90567845
0.29661536 4.20162201 0.06137979
2.63345146 4.20162201 -1.00978327
2.56381583 4.20162201 0.67271417
1.39178967 4.20162201 0.48888308
0.66970116 4.19162750 0.36708069
0.61388117 4.19162750 0.32037234
0.47078928 4.19162750 0.22991581
0.36142775 4.19162750 0.13281511
0.25162664 4.19162750 0.01786356
0.16311809 4.19162750 -0.06094345
0.13140114 4.19162750 -0.12020884
0.20279291 4.19162750 -0.29551020
0.18321578 4.19162750 -0.21140100
0.23738810 4.19162750 -0.38482633
0.33352524 4.19162750 -0.50188053
0.33896744 4.19162750 -0.75670630
0.31679335 4.19162750 -0.66360140
0.35959327 4.19162750 -0.86829460
1.22456288 4.19162750 -0.91378558
2.86559916 4.19162750 -0.89965236
2.85942483 4.19162750 -0.72965008
2.85787296 4.19162750 -0.62654930
2.86949372 4.19162750 -0.52389139
2.89298630 4.19162750 -0.40227315
2.87343431 4.19162750 -0.31006923
2.87268806 4.19162750 -0.21033488
2.83674359 4.19162750 -0.03008010
2.75942445 4.19162750 0.14937499
2.75315332 4.19162750 0.24411972
2.75358915 4.19162750 0.36117941
2.72464776 4.19162750 0.46422249
2.72114730 4.19162750 0.58629829
2.46354461 4.19162750 0.65930009
2.33903313 4.19162750 0.65452206
2.86084914 4.19162750 -1.02837694
2.84595299 4.19162750 0.03091932
2.64027143 4.19162750 0.68037105
