1.91708100 -15.29796600 -1.41431618
1.23189008 -15.30796051 0.74264574
1.17545712 -15.30796051 0.71523774
1.08443236 -15.30796051 0.68419504
1.00716925 -15.30796051 0.65469182
0.92651314 -15.30796051 0.61923105
0.85677832 -15.30796051 0.57350552
0.77701664 -15.30796051 0.52647328
0.70363504 -15.30796051 0.50005811
0.61146373 -15.30796051 0.47122380
0.43092355 -15.30796051 0.38580346
0.50352198 -15.30796051 0.40861040
0.37391898 -15.30796051 0.30451098
0.33634239 -15.30796051 0.25497657
0.28456634 -15.30796051 0.18231674
0.23638195 -15.30796051 0.06345996
0.21988888 -15.30796051 -0.00970293
0.19359122 -15.30796051 -0.20097736
0.22726052 -15.30796051 -0.12945107
0.16729233 -15.30796051 -0.27652380
0.14538269 -15.30796051 -0.34259260
0.07901029 -15.30796051 -0.48147881
-0.00387638 -15.30796051 -0.64868027
-0.07329471 -15.30796051 -0.84111434
-0.02784913 -15.30796051 -1.11413372
-0.06676561 -15.30796051 -1.00040984
-0.02069878 -15.30796051 -1.20648229
0.04876702 -15.30796051 -1.26560307
0.15882199 -15.30796051 -1.37321007
0.37941787 -15.30796051 -1.41309941
0.26815102 -15.30796051 -1.41959620
0.54147559 -15.30796051 -1.39810956
0.43943602 -15.30796051 -1.40567744
0.67715353 -15.30796051 -1.42612755
0.80998534 -15.30796051 -1.43884146
0.96042353 -15.30796051 -1.43445063
0.87240320 -15.30796051 -1.43688381
1.14320195 -15.30796051 -1.42163098
1.27587104 -15.30796051 -1.42757201
1.21244502 -15.30796051 -1.42282522
1.37624609 -15.30796051 -1.42826188
1.52674341 -15.30796051 -1.42018485
1.72686756 -15.30796051 -1.41858053
1.62548792 -15.30796051 -1.41936469
1.85651922 -15.30796051 -1.41615570
2.01123023 -15.30796051 -1.40878415
2.16522813 -15.30796051 -1.40873730
2.07325196 -15.30796051 -1.40755105
2.34108019 -15.30796051 -1.39757645
2.24566722 -15.30796051 -1.40268457
2.41124439 -15.30796051 -1.39978671
2.49107742 -15.30796051 -1.30303323
2.55816269 -15.30796051 -1.17605901
2.62315345 -15.30796051 -0.97210371
2.51848841 -15.30796051 -0.67527777
2.59158516 -15.30796051 -0.79994607
2.50709915 -15.30796051 -0.54363924
2.49508548 -15.30796051 -0.60482877
2.50663900 -15.30796051 -0.48269716
2.49978709 -15.30796051 -0.36158901
2.46781516 -15.30796051 -0.25152397
2.42987013 -15.30796051 -0.14498803
2.37306166 -15.30796051 0.05395838
2.40502691 -15.30796051 -0.00273036
2.29791093 -15.30796051 0.18034139
2.19480133 -15.30796051 0.25318217
2.01064944 -15.30796051 0.31802583
2.10665154 -15.30796051 0.28784412
1.89436376 -15.30796051 0.42611235
1.83529794 -15.30796051 0.48229223
1.66531050 -15.30796051 0.55616093
1.56362104 -15.30796051 0.58963591
1.51786983 -15.30796051 0.66064966
1.47541952 -15.30796051 0.73324901
1.40569985 -15.30796051 0.76247859
1.31789804 -15.30796051 0.77359027
2.59760761 -15.30796051 -0.87406355
2.62841153 -15.30796051 -1.06188273
1.45385563 -15.30796051 -1.42669666
