3.76479483 -30.89763641 0.14546397
3.65840340 -30.89763641 -1.21783161
2.96617723 -30.89763641 -1.51860297
1.96066546 -30.90763092 0.72801310
2.08385587 -30.90763092 0.74973625
2.18665290 -30.90763092 0.76617151
2.30916739 -30.90763092 0.78369141
2.41084123 -30.90763092 0.79957145
2.53813863 -30.90763092 0.81898451
2.68342018 -30.90763092 0.84122384
2.82228303 -30.90763092 0.84343702
2.88873363 -30.90763092 0.86966294
2.99497104 -30.90763092 0.83706146
3.11614060 -30.90763092 0.81664789
3.22312331 -30.90763092 0.80087668
3.34731650 -30.90763092 0.76910406
3.55717087 -30.90763092 0.75744110
3.69935822 -30.90763092 0.73620588
3.68404865 -30.90763092 0.57599175
3.73040342 -30.90763092 0.39269856
3.74396682 -30.90763092 0.28694108
3.74834037 -30.90763092 0.08688752
3.75132370 -30.90763092 0.02365212
3.86024427 -30.90763092 -0.19807760
3.80245280 -30.90763092 -0.25950983
3.78923130 -30.90763092 -0.50201684
3.81462955 -30.90763092 -0.73385161
3.80752158 -30.90763092 -0.82296056
3.70199990 -30.90763092 -1.08268940
3.63618255 -30.90763092 -1.27985120
3.57716250 -30.90763092 -1.47231424
3.35332322 -30.90763092 -1.51068711
3.12991595 -30.90763092 -1.51639903
2.90241838 -30.90763092 -1.51391196
2.50927854 -30.90763092 -1.45347607
2.39492178 -30.90763092 -1.46746027
2.27743649 -30.90763092 -1.45764911
2.14393044 -30.90763092 -1.45097172
1.99228823 -30.90763092 -1.44719923
1.84490252 -30.90763092 -1.44953573
1.77625048 -30.90763092 -1.44916368
1.56936407 -30.90763092 -1.44367683
1.46602368 -30.90763092 -1.44532585
1.29323769 -30.90763092 -1.44085181
1.13021851 -30.90763092 -1.45396578
0.96257114 -30.90763092 -1.45576143
0.75019228 -30.90763092 -1.46377182
0.53264785 -30.90763092 -1.48180759
0.30616057 -30.90763092 -1.42024302
0.23679861 -30.90763092 -1.24905217
0.17399183 -30.90763092 -1.06840253
0.20745173 -30.90763092 -0.71587169
0.27178293 -30.90763092 -0.53584862
0.31915435 -30.90763092 -0.28932735
0.33386737 -30.90763092 -0.21737131
0.36561945 -30.90763092 -0.09371814
0.46000028 -30.90763092 0.06305256
0.52175224 -30.90763092 0.17951229
0.60782605 -30.90763092 0.26246530
0.70182550 -30.90763092 0.44612530
0.73516703 -30.90763092 0.58886003
0.84619373 -30.90763092 0.66508299
1.02195060 -30.90763092 0.67359489
1.17346513 -30.90763092 0.65932626
1.33059394 -30.90763092 0.67104650
1.45150459 -30.90763092 0.65737379
1.57205796 -30.90763092 0.65278572
1.65472198 -30.90763092 0.64160007
1.72117960 -30.90763092 0.66889703
1.78662145 -30.90763092 0.70051712
1.88583231 -30.90763092 0.71822250
3.62849522 -30.90763092 0.74550569
0.12091873 -30.90763092 -0.92018992
