1.75160885 -82.63654327 1.21803832
1.95065534 -82.63654327 1.18323803
2.20919180 -82.63654327 1.12611353
2.34839058 -82.63654327 1.06370473
3.01871562 -82.63654327 0.68838221
3.65771770 -82.63654327 -0.53396171
-0.03126816 -82.63654327 -1.24475718
-0.04012764 -82.63654327 -1.09357715
-0.03669673 -82.63654327 -0.82505494
-0.01022708 -82.63654327 -0.62694502
0.02107980 -82.63654327 -0.49137548
0.02168220 -82.63654327 -0.22725625
0.32829767 -82.63654327 0.65254200
0.60745513 -82.63654327 1.06802022
0.71856558 -82.63654327 1.13977790
0.98525065 -82.63654327 1.19783318
1.39201140 -82.63654327 1.26528883
1.55638349 -82.63654327 1.25941098
1.49322891 -82.64653778 1.27189124
1.68992901 -82.64653778 1.22604895
1.85214818 -82.64653778 1.20282364
2.13928366 -82.64653778 1.14308298
2.28817606 -82.64653778 1.10176885
2.48595428 -82.64653778 0.96887636
2.64915895 -82.64653778 0.88153231
2.95899534 -82.64653778 0.72640085
3.12583852 -82.64653778 0.60791343
3.17991400 -82.64653778 0.55380219
3.27266169 -82.64653778 0.37263834
3.48124671 -82.64653778 -0.07686270
3.66967249 -82.64653778 -0.24472131
3.73085022 -82.64653778 -0.42296535
3.70314765 -82.64653778 -0.49295434
3.41561747 -82.64653778 -0.78241128
3.31967425 -82.64653778 -0.88873559
3.20702100 -82.64653778 -1.07012177
3.08660150 -82.64653778 -1.16643143
2.99956775 -82.64653778 -1.28569210
2.90386605 -82.64653778 -1.39912319
2.72145939 -82.64653778 -1.42154002
2.65696812 -82.64653778 -1.42331076
2.43382788 -82.64653778 -1.43026304
2.28710580 -82.64653778 -1.43995690
2.16378212 -82.64653778 -1.45056581
2.05735040 -82.64653778 -1.46028864
1.98945653 -82.64653778 -1.46553886
1.90195274 -82.64653778 -1.47355568
1.82381868 -82.64653778 -1.48397374
1.75174367 -82.64653778 -1.49166918
1.69151449 -82.64653778 -1.50205874
1.59098279 -82.64653778 -1.53347909
1.48535836 -82.64653778 -1.52550840
1.37287533 -82.64653778 -1.52418661
1.30023181 -82.64653778 -1.52336061
1.22729075 -82.64653778 -1.52847922
1.15882421 -82.64653778 -1.52525651
1.04769158 -82.64653778 -1.51537561
0.96386600 -82.64653778 -1.50946808
0.87117267 -82.64653778 -1.50471425
0.76503557 -82.64653778 -1.49173462
0.53475618 -82.64653778 -1.49788928
0.36876082 -82.64653778 -1.48532021
0.25470647 -82.64653778 -1.46961844
0.19108061 -82.64653778 -1.45777714
0.05851031 -82.64653778 -1.42948520
-0.00531369 -82.64653778 -1.40156460
-0.03313941 -82.64653778 -1.31168962
-0.03368424 -82.64653778 -1.16173089
-0.02928374 -82.64653778 -1.01769304
-0.03745081 -82.64653778 -0.89347237
-0.03450953 -82.64653778 -0.69700992
0.04672577 -82.64653778 -0.54513973
-0.03040864 -82.64653778 -0.43225819
0.00410959 -82.64653778 -0.28436816
0.06830418 -82.64653778 -0.13362795
0.09953937 -82.64653778 -0.03005973
0.13568260 -82.64653778 0.13327003
0.19556880 -82.64653778 0.25617659
0.28694528 -82.64653778 0.38823122
0.31899416 -82.64653778 0.55948812
0.34829774 -82.64653778 0.80471194
0.55917561 -82.64653778 1.02210093
0.65554267 -82.64653778 1.12413538
0.85151953 -82.64653778 1.18190324
1.30344260 -82.64653778 1.25159943
2.78952742 -82.64653778 0.80736864
3.33644915 -82.64653778 0.16669586
0.68689167 -82.64653778 -1.49221289
0.41279912 -82.64653778 0.92246330
1.21324921 -82.64653778 1.22600043
