0.39729986 18.50131989 -1.39178216
0.11218515 18.50131989 -1.25660145
0.15244702 18.50131989 -0.88831919
2.55640340 18.50131989 -1.30147886
2.66448188 18.50131989 -0.75754738
0.12552565 18.49132538 -0.34838194
0.19428693 18.49132538 -0.59759587
0.16158782 18.49132538 -0.65022427
0.15484942 18.49132538 -0.82428980
0.14712270 18.49132538 -0.99539590
0.13133498 18.49132538 -1.11310399
0.09395662 18.49132538 -1.36941040
0.21500258 18.49132538 -1.39853919
0.46260351 18.49132538 -1.38949919
0.65903634 18.49132538 -1.39779985
0.80298048 18.49132538 -1.40248942
0.92024380 18.49132538 -1.41456389
1.07810485 18.49132538 -1.39369345
1.14651287 18.49132538 -1.41088212
1.23673356 18.49132538 -1.41323805
1.32251441 18.49132538 -1.41619635
1.38464308 18.49132538 -1.41412508
1.47187054 18.49132538 -1.41514146
1.53838861 18.49132538 -1.39887881
1.61953652 18.49132538 -1.39595854
1.70721996 18.49132538 -1.40158617
1.77397919 18.49132538 -1.39877510
1.83668733 18.49132538 -1.40183318
1.92539430 18.49132538 -1.40028882
2.08631945 18.49132538 -1.38997698
2.17420888 18.49132538 -1.38068879
2.29967022 18.49132538 -1.38511813
2.42504478 18.49132538 -1.38583302
2.51105285 18.49132538 -1.36069310
2.60033846 18.49132538 -1.20002663
2.60562563 18.49132538 -1.14020276
0.16826755 18.49132538 -0.29968828
2.62497950 18.49132538 -0.95222437
2.00808597 18.49132538 -1.39893174
0.21163626 18.49132538 -0.25079215
0.20146339 18.49132538 -0.09818682
0.16455263 18.49132538 0.07209774
0.14723016 18.49132538 0.19746399
0.26812294 18.49132538 0.32872507
0.23527415 18.49132538 0.43690825
0.31360707 18.49132538 0.48640481
0.45000175 18.49132538 0.55665803
0.63149983 18.49132538 0.64025056
0.90141350 18.49132538 0.74045515
0.99901378 18.49132538 0.76137829
1.14185393 18.49132538 0.79158568
1.25752783 18.49132538 0.78206849
1.37977326 18.49132538 0.74163628
1.56667256 18.49132538 0.66703528
1.72631848 18.49132538 0.67449772
1.82803786 18.49132538 0.68639761
1.94506419 18.49132538 0.68074143
2.02048182 18.49132538 0.66182017
2.10283613 18.49132538 0.62759316
2.21036243 18.49132538 0.57532889
2.31278443 18.49132538 0.47265053
2.38282108 18.49132538 0.35524353
2.43698692 18.49132538 0.30146688
2.46864748 18.49132538 0.19651283
2.48475218 18.49132538 0.03815770
2.50388551 18.49132538 -0.07617378
2.51277661 18.49132538 -0.15716667
2.55566287 18.49132538 -0.28245655
2.59315038 18.49132538 -0.38057491
2.61345840 18.49132538 -0.44148016
2.66439676 18.49132538 -0.58501124
2.66257238 18.49132538 -0.81688273
2.59960890 18.49358940 -1.01806605
