-0.20130540 55.42053986 -1.04891002
2.04928541 55.42053986 -1.43708825
2.09797311 55.42053986 -1.32915056
1.85821378 55.42053986 0.32662562
0.49356502 55.41054535 0.48316672
0.30467072 55.41054535 0.46189123
0.24453934 55.41054535 0.45116928
0.10368035 55.41054535 0.35182920
0.08038528 55.41054535 0.29436833
0.05198192 55.41054535 0.23984270
-0.02882227 55.41054535 0.05714365
-0.05686749 55.41054535 -0.00962856
-0.07237130 55.41054535 -0.12691666
-0.07009767 55.41054535 -0.24059133
-0.08406089 55.41054535 -0.30070305
-0.09761257 55.41054535 -0.39077473
-0.09341203 55.41054535 -0.48006698
-0.10670511 55.41054535 -0.53993595
-0.13325398 55.41054535 -0.63969332
-0.14177093 55.41054535 -0.76624644
-0.15746963 55.41054535 -0.85891479
-0.20573027 55.41054535 -0.98278826
-0.23742208 55.41054535 -1.09630454
-0.22799300 55.41054535 -1.19968057
-0.24526455 55.41054535 -1.32064700
-0.20254777 55.41054535 -1.38281238
-0.06560024 55.41054535 -1.45270801
0.06293403 55.41054535 -1.48031449
0.22822678 55.41054535 -1.49494827
0.37367845 55.41054535 -1.49676275
0.46682283 55.41054535 -1.50414658
0.55144793 55.41054535 -1.51432681
0.61223620 55.41054535 -1.51971424
0.70198673 55.41054535 -1.52249146
0.78909826 55.41054535 -1.51718044
0.86799818 55.41054535 -1.50627434
0.95651901 55.41054535 -1.48679614
1.04376912 55.41054535 -1.47268403
1.22356713 55.41054535 -1.47416508
1.34736359 55.41054535 -1.47558606
1.44226408 55.41054535 -1.47345889
1.61942995 55.41054535 -1.51531971
1.76552939 55.41054535 -1.49766016
1.93656063 55.41054535 -1.46061051
2.07400036 55.41054535 -1.24651575
2.05627966 55.41054535 -0.99749959
2.08091831 55.41054535 -0.82049119
2.09830284 55.41054535 -0.72869647
2.08914924 55.41054535 -0.55651093
2.11443233 55.41054535 -0.43070662
2.12996745 55.41054535 -0.31192020
2.11386919 55.41054535 -0.20055453
2.03555655 55.41054535 0.00981498
1.96007931 55.41054535 0.14683843
1.94210470 55.41054535 0.21397468
1.79031312 55.41054535 0.37275195
1.48632038 55.41054535 0.36885622
1.42603552 55.41054535 0.37429819
1.25230622 55.41054535 0.40579993
1.14865732 55.41054535 0.44143173
1.07829034 55.41054535 0.45307523
0.97941440 55.41054535 0.44327945
0.84139919 55.41054535 0.45664549
0.72518247 55.41054535 0.48576182
0.61837351 55.41054535 0.46582583
0.43306327 55.41054535 0.48350239
0.16413027 55.41054535 0.41038889
-0.00164624 55.41054535 0.14911231
-0.14017475 55.41054535 -1.43356121
0.15705511 55.41054535 -1.49873686
1.14695179 55.41054535 -1.47476125
2.11910009 55.41054535 -1.42230058
2.08604765 55.41054535 -1.11869013
1.32522666 55.41054535 0.39948785
