1.17984712 83.75994110 0.74207139
1.75774038 83.75994110 0.61683768
2.09824443 83.75994110 0.27436453
2.16675186 83.75994110 -0.01198313
2.16924882 83.75994110 -0.27328962
2.15954399 83.75994110 -0.79438204
2.05305600 83.75994110 -1.23107696
1.94206238 83.75994110 -1.56741631
-0.17729443 83.75994110 -1.46975958
-0.20942897 83.75994110 -0.93472981
-0.23096713 83.75994110 -0.79977357
-0.01273623 83.75994110 0.26326224
0.98956639 83.74994659 0.71955037
1.33106542 83.74994659 0.72590524
1.49378932 83.74994659 0.70508432
1.69763446 83.74994659 0.66637075
1.94764793 83.74994659 0.46196702
2.07176256 83.74994659 0.35324433
2.15122032 83.74994659 0.06859256
2.18820119 83.74994659 -0.15016073
2.18493915 83.74994659 -0.39012843
2.18000364 83.74994659 -0.45486289
2.15629959 83.74994659 -0.59021312
2.14810967 83.74994659 -0.71734869
2.17888737 83.74994659 -0.91075319
2.16579890 83.74994659 -0.97426951
2.07899332 83.74994659 -1.16738033
2.00290895 83.74994659 -1.36795712
2.00602007 83.74994659 -1.43450570
2.00601816 83.74994659 -1.55855489
1.75216961 83.74994659 -1.59855807
1.66958904 83.74994659 -1.59994435
1.54063916 83.74994659 -1.60918522
1.43207073 83.74994659 -1.59833395
1.33269870 83.74994659 -1.59985316
1.23014593 83.74994659 -1.59946263
1.15025389 83.74994659 -1.59921587
1.02807164 83.74994659 -1.59875774
0.97003913 83.74994659 -1.57486117
0.86227459 83.74994659 -1.59473884
0.75576949 83.74994659 -1.59347486
0.66657549 83.74994659 -1.58201075
0.59967476 83.74994659 -1.51649427
0.50718594 83.74994659 -1.49074221
0.42320955 83.74994659 -1.54824495
0.20009311 83.74994659 -1.55943096
0.07868943 83.74994659 -1.55438340
-0.05494662 83.74994659 -1.53713334
-0.14617342 83.74994659 -1.53713393
-0.22443405 83.74994659 -1.37260950
-0.22198959 83.74994659 -1.30591881
-0.26425263 83.74994659 -1.21119523
-0.25550297 83.74994659 -1.07816303
-0.20091906 83.74994659 -0.99764323
-0.24897601 83.74994659 -0.86585397
-0.19457883 83.74994659 -0.73986852
-0.18438679 83.74994659 -0.66709983
-0.20730180 83.74994659 -0.57859659
-0.15463251 83.74994659 -0.46782115
-0.18906592 83.74994659 -0.38252351
-0.18084559 83.74994659 -0.32046002
-0.13600017 83.74994659 -0.18685259
-0.10845140 83.74994659 -0.13164470
-0.13498729 83.74994659 -0.02334706
-0.12555757 83.74994659 0.05900704
-0.05232608 83.74994659 0.20042241
0.05864789 83.74994659 0.34296784
0.16299607 83.74994659 0.40443197
0.24283852 83.74994659 0.41719836
0.37283513 83.74994659 0.55489314
0.49893993 83.74994659 0.58102375
0.59932053 83.74994659 0.60504109
0.71011788 83.74994659 0.63179946
0.84723848 83.74994659 0.67310613
1.10068250 83.74994659 0.75044936
1.60087383 83.74994659 0.69509357
2.15360975 83.74994659 -0.20853324
2.12015080 83.74994659 -1.05966425
0.31202093 83.74994659 -1.57541203
-0.26082927 83.74994659 -1.14754736
-0.09625134 83.74994659 0.11158489
0.26518503 83.74994659 0.49369925
