0.43838748 -64.95691681 -0.82890874
0.39996535 -64.95691681 -1.23349762
0.70629472 -64.95691681 -1.41433656
0.83572125 -64.95691681 -1.43936324
0.96962804 -64.95691681 -1.46024883
1.26691496 -64.96691132 0.52815199
1.17813349 -64.96691132 0.47537154
1.05113113 -64.96691132 0.46893412
0.94725114 -64.96691132 0.43406102
0.85254318 -64.96691132 0.34949321
0.80029821 -64.96691132 0.30678645
0.73325986 -64.96691132 0.27328837
0.68957341 -64.96691132 0.20387402
0.62161320 -64.96691132 0.11533773
0.56908488 -64.96691132 0.06100324
0.53562570 -64.96691132 -0.00270837
0.52380532 -64.96691132 -0.08433061
0.52302670 -64.96691132 -0.19707447
0.50631028 -64.96691132 -0.28510383
0.49805266 -64.96691132 -0.39218661
0.51245296 -64.96691132 -0.48718071
0.48858261 -64.96691132 -0.54750043
0.50753599 -64.96691132 -0.69581890
0.48363197 -64.96691132 -0.64005667
0.48663390 -64.96691132 -0.75772166
0.39611986 -64.96691132 -1.09239066
0.42270878 -64.96691132 -0.97320765
0.40450010 -64.96691132 -1.15988839
0.40250182 -64.96691132 -1.29490590
0.64834005 -64.96691132 -1.39941609
0.57280666 -64.96691132 -1.36105347
0.77691042 -64.96691132 -1.43243015
0.90786999 -64.96691132 -1.45183456
1.06734145 -64.96691132 -1.46404862
1.14739978 -64.96691132 -1.47996950
1.30133355 -64.96691132 -1.49997938
1.20761669 -64.96691132 -1.49217653
1.38945401 -64.96691132 -1.50351429
1.51244009 -64.96691132 -1.50667119
1.65481186 -64.96691132 -1.48593831
1.82072508 -64.96691132 -1.48403263
1.74200201 -64.96691132 -1.47893631
1.92609894 -64.96691132 -1.48113632
2.10892916 -64.96691132 -1.46207190
2.03222609 -64.96691132 -1.47031057
2.20268917 -64.96691132 -1.44275904
2.35454607 -64.96691132 -1.42650187
2.27762151 -64.96691132 -1.43846285
2.39547348 -64.96691132 -1.37524450
2.44993854 -64.96691132 -1.28893340
2.47302055 -64.96691132 -1.21378398
2.50829029 -64.96691132 -1.11846673
2.48839545 -64.96691132 -0.96103895
2.48675942 -64.96691132 -0.83829045
2.45050597 -64.96691132 -0.70902801
2.44916129 -64.96691132 -0.61491442
2.44875097 -64.96691132 -0.52458632
2.40861034 -64.96691132 -0.33784449
2.48174334 -64.96691132 -0.19710851
2.48461175 -64.96691132 -0.11791182
2.49144363 -64.96691132 -0.05616700
2.50358987 -64.96691132 0.11689124
2.51723814 -64.96691132 0.22294460
2.55313993 -64.96691132 0.35803810
2.54116821 -64.96691132 0.49791306
2.41623735 -64.96691132 0.53677911
2.26667786 -64.96691132 0.52335912
2.17594266 -64.96691132 0.52696431
2.05705023 -64.96691132 0.52831906
1.96266365 -64.96691132 0.55111909
1.87699056 -64.96691132 0.56761158
1.80451059 -64.96691132 0.57135642
1.71875453 -64.96691132 0.55013663
1.63559556 -64.96691132 0.55029327
1.57389975 -64.96691132 0.53717422
1.46207571 -64.96691132 0.52176923
1.35930741 -64.96691132 0.53013438
0.45735580 -64.96691132 -0.89052683
2.42623568 -64.96691132 -0.42997813
2.40866828 -64.96691132 -0.27007684
