0.30090430 -11.65804291 -1.26673627
2.58383608 -11.65804291 -1.22257257
2.63174248 -11.65804291 -1.00753522
2.60234189 -11.65804291 -0.81133676
2.58555913 -11.65804291 -0.55874479
2.54932189 -11.65804291 -0.28783089
2.48421264 -11.65804291 -0.01527305
2.33532739 -11.65804291 0.28785557
1.40357184 -11.66803741 0.50858772
1.14116609 -11.66803741 0.46364799
0.95588660 -11.66803741 0.43326670
0.84696752 -11.66803741 0.43116564
0.75423855 -11.66803741 0.45327258
0.60378832 -11.66803741 0.46456978
0.66289258 -11.66803741 0.47773710
0.50940084 -11.66803741 0.36296588
0.44944942 -11.66803741 0.27067459
0.39171743 -11.66803741 0.19628635
0.36745414 -11.66803741 0.11797393
0.29624471 -11.66803741 -0.04576229
0.26772550 -11.66803741 -0.18865280
0.30945182 -11.66803741 -0.14075215
0.17943735 -11.66803741 -0.36773306
0.20181201 -11.66803741 -0.47055650
0.24835232 -11.66803741 -0.56723052
0.29114208 -11.66803741 -0.71253306
0.28235570 -11.66803741 -0.65236628
0.26459485 -11.66803741 -0.87771982
0.31727141 -11.66803741 -1.05420876
0.30128640 -11.66803741 -1.11442482
0.29722676 -11.66803741 -1.33285058
0.45957440 -11.66803741 -1.35958350
0.58749616 -11.66803741 -1.36909795
0.76084942 -11.66803741 -1.37718391
0.85884190 -11.66803741 -1.38046134
1.02135098 -11.66803741 -1.38670135
1.18015230 -11.66803741 -1.37558150
1.24855447 -11.66803741 -1.37662041
1.35089409 -11.66803741 -1.37592280
1.41771340 -11.66803741 -1.38501143
1.52525091 -11.66803741 -1.37114263
1.63317442 -11.66803741 -1.36468899
1.76306713 -11.66803741 -1.38454282
1.89284050 -11.66803741 -1.38208950
2.05870152 -11.66803741 -1.38473892
2.26507521 -11.66803741 -1.39127147
2.43218637 -11.66803741 -1.35136497
2.51856613 -11.66803741 -1.31418753
2.61971855 -11.66803741 -1.16987705
2.63537741 -11.66803741 -1.09065521
2.62702012 -11.66803741 -0.94844568
2.58637524 -11.66803741 -0.71864718
2.58973098 -11.66803741 -0.65028352
2.58466268 -11.66803741 -0.49906832
2.56950188 -11.66803741 -0.39673126
2.52957606 -11.66803741 -0.20154133
2.45927501 -11.66803741 0.10498025
2.44764018 -11.66803741 0.16531388
2.27568913 -11.66803741 0.35713640
2.16455150 -11.66803741 0.42438498
2.04414296 -11.66803741 0.45974943
1.72696781 -11.66803741 0.50781214
1.82089198 -11.66803741 0.50268012
1.06219625 -11.66803741 0.44955447
0.54561174 -11.66803741 0.42719167
0.33773419 -11.66803741 0.05688283
0.20168507 -11.66803741 -0.22064374
0.14158860 -11.66803741 -0.26945552
0.25023827 -11.66803741 -0.79115587
0.24694335 -11.66803741 -0.98490381
0.29659590 -11.66803741 -1.19429851
0.38172150 -11.66803741 -1.35000670
0.69416374 -11.66803741 -1.37531531
0.94861746 -11.66803741 -1.38893950
1.91636443 -11.66803741 0.47168809
1.64211750 -11.66803741 0.51685494
1.31847084 -11.66803741 0.50300199
1.23902822 -11.66803741 0.49968141
