0.95758629 7.06156158 0.58215708
1.61363542 7.05156708 0.70399451
1.50936806 7.05156708 0.68474829
1.43058693 7.05156708 0.68623090
1.29791915 7.05156708 0.69943637
1.36289716 7.05156708 0.69016260
1.21454978 7.05156708 0.66447693
1.03024638 7.05156708 0.58541179
1.10506845 7.05156708 0.62067068
0.89275622 7.05156708 0.58078480
0.82870334 7.05156708 0.56721950
0.60136628 7.05156708 0.60023344
0.69565797 7.05156708 0.58214915
0.52836686 7.05156708 0.57778466
0.52530849 7.05156708 0.37001106
0.53621262 7.05156708 0.48112282
0.47658432 7.05156708 0.31225386
0.45309588 7.05156708 0.23372845
0.40252119 7.05156708 0.01548665
0.42744282 7.05156708 0.12453120
0.38871655 7.05156708 -0.17614681
0.40437782 7.05156708 -0.06578501
0.39497167 7.05156708 -0.26046887
0.40359879 7.05156708 -0.37012893
0.40746981 7.05156708 -0.51899719
0.40461174 7.05156708 -0.67341775
0.40418902 7.05156708 -0.58285612
0.38777772 7.05156708 -0.81510532
0.39416781 7.05156708 -0.74071962
0.32882741 7.05156708 -0.99003309
0.34771109 7.05156708 -0.90162039
0.32284704 7.05156708 -1.15173519
0.33138373 7.05156708 -1.05588365
0.31500691 7.05156708 -1.28071082
0.34249195 7.05156708 -1.22734797
0.48155388 7.05156708 -1.35654318
0.37858152 7.05156708 -1.33915806
0.64675021 7.05156708 -1.35726869
0.83219546 7.05156708 -1.35641158
0.74967557 7.05156708 -1.34870124
1.00289536 7.05156708 -1.34705293
0.92060238 7.05156708 -1.36059880
1.07449949 7.05156708 -1.35369754
1.19636273 7.05156708 -1.37730253
1.29494190 7.05156708 -1.38123572
1.41751313 7.05156708 -1.37512970
1.54095972 7.05156708 -1.35891724
1.61184120 7.05156708 -1.35053134
1.70835578 7.05156708 -1.36321151
1.81014562 7.05156708 -1.36388159
1.91375589 7.05156708 -1.36527801
2.06022477 7.05156708 -1.35405922
2.14813876 7.05156708 -1.34155190
2.32420421 7.05156708 -1.34765124
2.25267792 7.05156708 -1.33451080
2.47235107 7.05156708 -1.36578870
2.40878987 7.05156708 -1.36096430
2.61648536 7.05156708 -1.36213911
2.54533362 7.05156708 -1.36378622
2.75770140 7.05156708 -1.34095788
2.69126391 7.05156708 -1.35534477
2.84226751 7.05156708 -1.32239783
3.00579810 7.05156708 -1.21777642
2.95278811 7.05156708 -1.26987410
3.05691385 7.05156708 -1.14866567
3.05919480 7.05156708 -1.08197808
3.10569167 7.05156708 -0.95308214
3.01923800 7.05156708 -0.82195354
3.02542996 7.05156708 -0.68293524
2.99660420 7.05156708 -0.51735026
3.01868033 7.05156708 -0.57580703
2.96970344 7.05156708 -0.33018419
2.94614148 7.05156708 -0.20309792
2.95162845 7.05156708 -0.26801890
2.93351650 7.05156708 -0.09051871
2.96872783 7.05156708 0.01172473
2.97023129 7.05156708 0.13365366
2.96895051 7.05156708 0.24796078
2.94724369 7.05156708 0.38704979
2.97578955 7.05156708 0.31880832
2.91318321 7.05156708 0.47305349
2.87064672 7.05156708 0.53249049
2.63771057 7.05156708 0.56375086
2.69833779 7.05156708 0.55489236
2.54883051 7.05156708 0.56478810
2.42404151 7.05156708 0.58552092
2.31119847 7.05156708 0.57053620
2.20084882 7.05156708 0.56050384
2.12778282 7.05156708 0.61661065
2.03223491 7.05156708 0.62459111
1.85838854 7.05156708 0.59077895
1.76006532 7.05156708 0.67097950
1.67568779 7.05156708 0.65220398
1.93590617 7.05156708 0.62971294
2.14030099 7.05156708 0.55358195
2.98266220 7.05156708 -0.43759283
1.15492451 7.05156708 0.65450585
