0.40380073 80.90000153 -1.61270535
0.15768917 80.90000153 -1.46704257
0.12994464 80.90000153 -1.28696072
1.64041233 80.90000153 -1.62919927
0.06381398 80.89000702 -0.01947642
0.00369810 80.89000702 -0.13900773
0.02231167 80.89000702 -0.22846243
0.02190558 80.89000702 -0.40924132
0.02166351 80.89000702 -0.49332625
0.04448588 80.89000702 -0.61699229
0.04215452 80.89000702 -0.68973815
0.14095281 80.89000702 -0.79458302
0.05191861 80.89000702 -0.95578092
0.11759695 80.89000702 -1.07248318
0.13703848 80.89000702 -1.21754789
0.20441113 80.89000702 -1.52893245
0.25486568 80.89000702 -1.59072018
0.55741882 80.89000702 -1.63454616
0.64636016 80.89000702 -1.62939811
0.11910930 80.89000702 -1.41558981
0.10093353 80.89000702 0.05685814
1.02392387 80.89000702 -1.63453674
0.96669042 80.89000702 -1.60918641
0.16360182 80.89000702 0.15533566
0.21946308 80.89000702 0.28139493
0.24640867 80.89000702 0.38395506
0.28039330 80.89000702 0.47695652
0.37658641 80.89000702 0.64430106
0.53537905 80.89000702 0.67802936
0.63434649 80.89000702 0.70059413
0.69749194 80.89000702 0.69283897
0.79426372 80.89000702 0.68838817
0.90393162 80.89000702 0.65005541
0.98451990 80.89000702 0.61326569
1.09679163 80.89000702 0.61481816
1.18563712 80.89000702 0.61321211
1.28946972 80.89000702 0.58379036
1.40825152 80.89000702 0.57719880
1.50482106 80.89000702 0.57868177
1.58246636 80.89000702 0.56387419
1.65053797 80.89000702 0.55052143
1.78561056 80.89000702 0.56066203
1.89163160 80.89000702 0.52321768
1.96394467 80.89000702 0.45086750
2.02347207 80.89000702 0.37123820
2.05367684 80.89000702 0.25607362
2.05604434 80.89000702 0.16026931
2.06528378 80.89000702 0.09380412
2.04922652 80.89000702 -0.02375974
2.04935217 80.89000702 -0.10554979
2.03519702 80.89000702 -0.18921009
2.03480244 80.89000702 -0.26570043
2.04119635 80.89000702 -0.41664764
2.03033757 80.89000702 -0.51207131
2.04399014 80.89000702 -0.58496702
2.08271050 80.89000702 -0.70249373
2.09923840 80.89000702 -0.82178456
2.15724182 80.89000702 -0.98639733
2.16042614 80.89000702 -1.12867939
2.13578987 80.89000702 -1.28288543
2.10353422 80.89000702 -1.43906701
1.87518299 80.89000702 -1.58799314
1.81552160 80.89000702 -1.61024249
1.57629430 80.89000702 -1.63227761
