0.19297646 54.90055084 0.39567751
0.07821610 54.90055084 0.15188271
-0.35117137 54.90055084 -1.16586018
-0.32918683 54.90055084 -1.32551670
0.82681155 54.89055634 0.45917168
0.72821492 54.89055634 0.50536394
0.64856088 54.89055634 0.48760322
0.55656874 54.89055634 0.47864425
0.46135479 54.89055634 0.46073669
0.37639678 54.89055634 0.42924151
0.26012802 54.89055634 0.40853319
0.12305801 54.89055634 0.24790500
0.04915623 54.89055634 0.09771610
0.00191744 54.89055634 0.02589644
-0.03107306 54.89055634 -0.06119443
-0.03877237 54.89055634 -0.13391228
-0.11366198 54.89055634 -0.38152879
-0.19652879 54.89055634 -0.49619129
-0.25203264 54.89055634 -0.62369996
-0.28248540 54.89055634 -0.74171776
-0.29914993 54.89055634 -0.87711716
-0.31959081 54.89055634 -1.05497634
-0.32903972 54.89055634 -0.99283290
-0.34962738 54.89055634 -1.23242962
-0.31159297 54.89055634 -1.40038109
-0.22802648 54.89055634 -1.44916618
-0.08355769 54.89055634 -1.48899937
0.08833326 54.89055634 -1.51168025
0.28004938 54.89055634 -1.49970520
0.43515834 54.89055634 -1.50708556
0.52984738 54.89055634 -1.52050602
0.67678577 54.89055634 -1.52533674
0.85274893 54.89055634 -1.50945497
1.03607881 54.89055634 -1.46149182
1.13853788 54.89055634 -1.46223664
1.32295251 54.89055634 -1.46522081
1.46190429 54.89055634 -1.46689928
1.57969856 54.89055634 -1.49370921
0.13657495 54.89055634 0.36470875
-0.08082453 54.89055634 -0.27160254
0.77029425 54.89055634 -1.51928627
1.23813176 54.89055634 -1.46237743
1.65162432 54.89055634 -1.49507093
0.90645170 54.89055634 0.44564590
1.84009814 54.89055634 -1.47262430
1.98886704 54.89055634 -1.45982659
2.11104131 54.89055634 -1.44169569
2.16181707 54.89055634 -1.39579296
2.15373230 54.89055634 -1.26162994
2.15078640 54.89055634 -1.10275090
2.08337379 54.89055634 -0.91609144
2.10205817 54.89055634 -0.84187680
2.12334156 54.89055634 -0.71326828
2.11899066 54.89055634 -0.62914681
2.10970259 54.89055634 -0.55070400
2.10572028 54.89055634 -0.44733930
2.08604717 54.89055634 -0.25985515
2.07796907 54.89055634 -0.08013329
2.07199621 54.89055634 0.00162680
2.08953834 54.89055634 0.12142719
2.07086396 54.89055634 0.22385488
2.02082872 54.89055634 0.33967909
1.94796968 54.89055634 0.39703128
1.66375721 54.89055634 0.39411193
1.76616740 54.89055634 0.39454719
1.55138385 54.89055634 0.39522910
1.38026130 54.89055634 0.37275898
1.45183206 54.89055634 0.38211513
1.30104256 54.89055634 0.37642127
1.12747300 54.89055634 0.41666257
1.04999244 54.89055634 0.43249109
0.98540902 54.89055634 0.44524854
