0.78892082 -24.39777374 0.71019989
0.17434213 -24.39777374 -0.36830044
2.01305938 -24.39777374 0.62599975
1.21168268 -24.40776825 0.74218833
1.12204123 -24.40776825 0.71932358
1.06289577 -24.40776825 0.70604819
0.99160379 -24.40776825 0.69485098
0.92089736 -24.40776825 0.69356787
0.67955315 -24.40776825 0.74082279
0.60203171 -24.40776825 0.73211688
0.57367897 -24.40776825 0.66831487
0.53304124 -24.40776825 0.57723379
0.49728692 -24.40776825 0.52342081
0.45292079 -24.40776825 0.45494822
0.38307142 -24.40776825 0.34144768
0.41994116 -24.40776825 0.39226896
0.32316422 -24.40776825 0.25571075
0.26246470 -24.40776825 0.17643730
0.22081378 -24.40776825 0.01039159
0.23425324 -24.40776825 0.10354570
0.19847032 -24.40776825 -0.07169525
0.19862662 -24.40776825 -0.18408605
0.18850124 -24.40776825 -0.30974993
0.16586764 -24.40776825 -0.43042806
0.15917324 -24.40776825 -0.53309953
0.14412187 -24.40776825 -0.74022686
0.15325169 -24.40776825 -0.60744774
0.13954312 -24.40776825 -0.90847421
0.14651915 -24.40776825 -0.80191976
0.09962904 -24.40776825 -1.12073874
0.10679763 -24.40776825 -1.01036954
0.07894720 -24.40776825 -1.23309553
0.05428323 -24.40776825 -1.40618587
0.23466790 -24.40776825 -1.45322096
0.14865412 -24.40776825 -1.43746376
0.38914278 -24.40776825 -1.44889629
0.63229382 -24.40776825 -1.42555916
0.54866314 -24.40776825 -1.43477035
0.77156973 -24.40776825 -1.42055702
0.69896662 -24.40776825 -1.42505300
0.90117091 -24.40776825 -1.42389596
0.83471125 -24.40776825 -1.42219460
1.04890919 -24.40776825 -1.42800748
0.97855312 -24.40776825 -1.42532158
1.26879728 -24.40776825 -1.45066833
1.16984713 -24.40776825 -1.44050682
1.32961226 -24.40776825 -1.45297098
1.43802321 -24.40776825 -1.45377898
1.53164268 -24.40776825 -1.45015955
1.69145167 -24.40776825 -1.42743850
1.62658048 -24.40776825 -1.43543279
1.81846726 -24.40776825 -1.42222714
1.75473714 -24.40776825 -1.42487919
1.91732526 -24.40776825 -1.41478634
2.24238491 -24.40776825 -1.39994049
2.16469073 -24.40776825 -1.39484131
2.31174469 -24.40776825 -1.38681829
2.51503921 -24.40776825 -1.15273607
2.45396519 -24.40776825 -1.22656095
2.58732033 -24.40776825 -1.09376609
2.61183643 -24.40776825 -1.01852214
2.63167930 -24.40776825 -0.81486917
2.65953088 -24.40776825 -0.88522047
2.61418557 -24.40776825 -0.64042968
2.64589405 -24.40776825 -0.55799943
2.59123421 -24.40776825 -0.36806843
2.58649898 -24.40776825 -0.27709687
2.61479449 -24.40776825 -0.20014293
2.64200211 -24.40776825 -0.03541002
2.55552626 -24.40776825 0.13547756
2.55884027 -24.40776825 0.05366974
2.57527113 -24.40776825 0.24278997
2.53218102 -24.40776825 0.39977661
2.54913545 -24.40776825 0.33570251
2.39194226 -24.40776825 0.57876641
2.27867341 -24.40776825 0.62000483
2.09190106 -24.40776825 0.63541722
2.17119479 -24.40776825 0.64651865
1.94502795 -24.40776825 0.63062060
1.80912566 -24.40776825 0.67218035
1.73123908 -24.40776825 0.69957882
1.65463245 -24.40776825 0.71747148
1.54725707 -24.40776825 0.71821952
1.47908401 -24.40776825 0.74460876
1.34176517 -24.40776825 0.76606405
1.27154052 -24.40776825 0.74973857
1.41221786 -24.40776825 0.75703001
2.41189480 -24.40776825 0.49177006
2.66014385 -24.40776825 -0.09544164
2.61089468 -24.40776825 -0.73974699
2.07166100 -24.40776825 -1.40979052
0.46436465 -24.40776825 -1.44309318
0.84741211 -24.40776825 0.68456721
