2.07938528 44.76076508 -1.54519701
-0.04540118 44.76076508 -0.88574243
-0.04054357 44.76076508 -0.25348523
0.02325846 44.76076508 0.00015492
0.13839069 44.76076508 0.28393725
0.24412943 44.76076508 0.45178258
0.83401561 44.75077057 0.53189570
0.69613653 44.75077057 0.53103054
0.56310523 44.75077057 0.53071022
0.41593343 44.75077057 0.55439663
0.26223928 44.75077057 0.51262730
0.21429044 44.75077057 0.38215128
0.06289659 44.75077057 0.17025039
0.04525833 44.75077057 0.07680161
0.00822707 44.75077057 -0.06352416
-0.00786409 44.75077057 -0.15763685
-0.05957070 44.75077057 -0.32558206
-0.08058255 44.75077057 -0.48486543
-0.08581118 44.75077057 -0.61007732
-0.04808359 44.75077057 -0.74015659
-0.05644672 44.75077057 -0.95980507
-0.11781179 44.75077057 -1.10870624
-0.11516343 44.75077057 -1.21773028
-0.11354700 44.75077057 -1.28485799
-0.12750091 44.75077057 -1.41228378
-0.13274470 44.75077057 -1.49155402
-0.04832681 44.75077057 -1.52986848
0.14866635 44.75077057 -1.53926325
0.31886435 44.75077057 -1.54491210
0.47184175 44.75077057 -1.53906167
0.60203391 44.75077057 -1.54105377
0.71745694 44.75077057 -1.54020321
0.81905246 44.75077057 -1.54746044
0.91619188 44.75077057 -1.54934931
1.07839346 44.75077057 -1.54296899
1.18806994 44.75077057 -1.55519676
1.35890591 44.75077057 -1.55503738
1.46377242 44.75077057 -1.55083704
1.52695644 44.75077057 -1.54266119
1.66530418 44.75077057 -1.56521773
1.76803339 44.75077057 -1.55380559
1.87071228 44.75077057 -1.54017663
2.00972271 44.75077057 -1.54365420
2.15042830 44.75077057 -1.54611480
2.29952097 44.75077057 -1.50869441
-0.10125752 44.75077057 -0.67260128
0.96641135 44.75077057 0.54636598
1.04317868 44.75077057 0.56163692
1.15865731 44.75077057 0.55871719
1.21902084 44.75077057 0.55233580
1.38311553 44.75077057 0.55145580
1.46512508 44.75077057 0.56191450
1.56733418 44.75077057 0.54721493
1.68727446 44.75077057 0.52512920
1.80682981 44.75077057 0.54109532
1.95760250 44.75077057 0.59197468
2.10023308 44.75077057 0.51449877
2.15366220 44.75077057 0.43830383
2.20227075 44.75077057 0.31912723
2.23281217 44.75077057 0.20405132
2.26956606 44.75077057 0.10012001
2.26054931 44.75077057 -0.02822961
2.30314803 44.75077057 -0.17156287
2.34237099 44.75077057 -0.27140060
2.36483932 44.75077057 -0.40030184
2.38331127 44.75077057 -0.49082446
2.38735747 44.75077057 -0.56440192
2.41502309 44.75077057 -0.69683152
2.45662665 44.75077057 -0.81403929
2.45023990 44.75077057 -0.97074300
2.40665841 44.75077057 -1.14526725
2.40471077 44.75077057 -1.27659142
2.39848161 44.75077057 -1.45437968
