-0.02047500 67.12029266 -1.41113102
1.75121069 67.11029816 0.44566441
1.80419564 67.11029816 0.33319750
1.84553885 67.11029816 0.25040948
1.89813507 67.11029816 0.07068595
1.90105224 67.11029816 0.00676517
1.90345395 67.11029816 -0.14166602
1.92299402 67.11029816 -0.21968982
1.92364347 67.11029816 -0.28561950
1.94274676 67.11029816 -0.39108890
1.95781887 67.11029816 -0.45057848
1.98287463 67.11029816 -0.53793472
1.99219370 67.11029816 -0.60442680
1.99850726 67.11029816 -0.68942386
2.03019667 67.11029816 -0.76328808
2.03622055 67.11029816 -0.89869130
2.03988600 67.11029816 -0.98141021
2.08256435 67.11029816 -1.11009634
2.10462427 67.11029816 -1.23464930
2.09395576 67.11029816 -1.31886339
2.06546378 67.11029816 -1.39242828
1.95355213 67.11029816 -1.44795787
1.78722548 67.11029816 -1.49035609
1.61631989 67.11029816 -1.49985826
1.46798897 67.11029816 -1.49562597
1.33952177 67.11029816 -1.48832190
1.24977994 67.11029816 -1.50098443
1.14262128 67.11029816 -1.50088012
1.07852280 67.11029816 -1.49795604
1.00463247 67.11029816 -1.50053608
0.93427366 67.11029816 -1.49117875
0.85273558 67.11029816 -1.49414098
0.76977867 67.11029816 -1.50227845
0.62596029 67.11029816 -1.50710833
0.42889288 67.11029816 -1.50916696
0.36600846 67.11029816 -1.49988902
0.28992611 67.11029816 -1.49848497
0.22223820 67.11029816 -1.49683559
0.12856001 67.11029816 -1.48265755
0.03729195 67.11029816 -1.47926104
-0.02365616 67.11029816 -1.47210217
-0.02971771 67.11029816 -1.32266533
-0.04083259 67.11029816 -1.24590003
-0.05868107 67.11029816 -1.17689955
-0.04028062 67.11029816 -1.09396768
-0.06002561 67.11029816 -0.97895980
-0.07544560 67.11029816 -0.82700688
-0.08481050 67.11029816 -0.76058507
-0.07613195 67.11029816 -0.68939888
-0.07647596 67.11029816 -0.61380702
-0.10383261 67.11029816 -0.52517205
-0.16385750 67.11029816 -0.40111428
-0.16357128 67.11029816 -0.30414593
-0.14862533 67.11029816 -0.19511792
-0.16107187 67.11029816 -0.08741997
-0.14115554 67.11029816 0.05234328
-0.11273991 67.11029816 0.22873148
-0.10515907 67.11029816 0.41058874
0.04957622 67.11029816 0.47511911
0.16942343 67.11029816 0.49717352
0.35908660 67.11029816 0.55981123
0.52682126 67.11029816 0.61149555
0.64059311 67.11029816 0.64500922
0.78783423 67.11029816 0.66578066
0.91729748 67.11029816 0.67774481
0.99189180 67.11029816 0.68866217
1.12918890 67.11029816 0.67587262
1.30897141 67.11029816 0.67269289
1.38246632 67.11029816 0.66255701
1.68011594 67.11029816 0.51726252
0.52265054 67.11029816 -1.51496840
