1.66986048 -78.73662567 1.23380518
1.74305809 -78.74662018 1.25797582
1.61092603 -78.74662018 1.21813142
1.54023325 -78.74662018 1.14189184
1.39242005 -78.74662018 1.15997696
1.33174300 -78.74662018 1.13727105
1.24644399 -78.74662018 1.08906019
1.11777103 -78.74662018 1.04738212
1.03770185 -78.74662018 0.99841720
0.96922147 -78.74662018 0.92734212
0.75793922 -78.74662018 0.89335591
0.61579549 -78.74662018 0.83521742
0.55402339 -78.74662018 0.68448240
0.46184334 -78.74662018 0.76843774
0.40492892 -78.74662018 0.52904123
0.19319665 -78.74662018 0.27726877
0.04602449 -78.74662018 0.08577117
-0.14444351 -78.74662018 -0.14779280
-0.36322001 -78.74662018 -0.45661974
-0.13739285 -78.74662018 -0.89170295
-0.32392505 -78.74662018 -0.70042616
0.37264857 -78.74662018 -1.35927367
0.48102716 -78.74662018 -1.37746632
0.70490748 -78.74662018 -1.42095160
0.90681899 -78.74662018 -1.44294369
1.14987874 -78.74662018 -1.47113883
1.30783391 -78.74662018 -1.48873150
1.48002100 -78.74662018 -1.48853779
1.67278206 -78.74662018 -1.47926342
1.87130749 -78.74662018 -1.48640621
2.03870082 -78.74662018 -1.47851670
2.32449460 -78.74662018 -1.43752670
2.50051117 -78.74662018 -1.41630435
2.67414713 -78.74662018 -1.40057349
2.77817941 -78.74662018 -1.37955999
2.83659315 -78.74662018 -1.26698041
3.09827018 -78.74662018 -1.08747685
2.89040446 -78.74662018 -1.22417259
3.13037610 -78.74662018 -0.99889892
3.30908203 -78.74662018 -0.90468770
3.18220663 -78.74662018 -0.96848422
3.33691740 -78.74662018 -0.79494220
3.37164569 -78.74662018 -0.67444605
3.48009324 -78.74662018 -0.46937242
3.49781394 -78.74662018 -0.30823934
3.60884595 -78.74662018 -0.16311930
3.61375594 -78.74662018 -0.08542971
3.66454196 -78.74662018 0.12311839
3.68844247 -78.74662018 0.21770033
3.64967823 -78.74662018 0.34598273
3.57358885 -78.74662018 0.39821374
3.21201086 -78.74662018 0.60811543
3.34344935 -78.74662018 0.54166645
3.14185905 -78.74662018 0.71517980
3.07410336 -78.74662018 0.77333426
2.91039729 -78.74662018 0.83653486
2.99537420 -78.74662018 0.79290468
2.86991811 -78.74662018 0.88710815
2.70485139 -78.74662018 0.96359247
2.62627649 -78.74662018 1.00966525
2.57614756 -78.74662018 1.08087218
2.51939774 -78.74662018 1.14990973
2.44364452 -78.74662018 1.17877722
2.28663754 -78.74662018 1.21880019
2.18659234 -78.74662018 1.26130569
2.08025813 -78.74662018 1.30315411
2.01276159 -78.74662018 1.34331977
1.94733477 -78.74662018 1.34313214
1.80747855 -78.74662018 1.29824948
1.85963058 -78.74662018 1.33511734
0.02982512 -78.74662018 -0.97231734
0.28286591 -78.74662018 -1.27510583
