1.29360843 84.01993561 0.79801810
-0.23413117 84.01993561 -1.36739135
0.86159331 84.01993561 0.69283551
0.71386272 84.01993561 0.66296333
1.99933231 84.01993561 0.38860059
1.52542722 84.01993561 0.72457415
0.99363720 84.01993561 0.70904654
0.79808134 84.00994110 0.67985499
0.92852634 84.00994110 0.68143582
1.07410586 84.00994110 0.75691241
1.13477528 84.00994110 0.76813054
1.36533034 84.00994110 0.78869867
1.43757498 84.00994110 0.77628762
1.89323080 84.00994110 0.51938087
1.95985985 84.00994110 0.44269627
2.06328225 84.00994110 0.26172519
2.14590406 84.00994110 -0.00951105
2.13727045 84.00994110 -0.17588675
2.19916344 84.00994110 -0.37601522
2.20037270 84.00994110 -0.44161519
2.16436076 84.00994110 -0.57905549
2.19113350 84.00994110 -0.73130989
2.19979501 84.00994110 -0.92495036
2.14754844 84.00994110 -1.09392762
2.12455583 84.00994110 -1.24484444
2.11412978 84.00994110 -1.36955547
2.10771799 84.00994110 -1.45199907
1.82177889 84.00994110 -1.59261453
1.72204709 84.00994110 -1.59642303
1.53119791 84.00994110 -1.60725570
1.35951376 84.00994110 -1.59381771
1.25237727 84.00994110 -1.60033095
1.18896616 84.00994110 -1.59838903
1.12651217 84.00994110 -1.59867740
0.93913388 84.00994110 -1.59378600
0.79430944 84.00994110 -1.58514261
0.69907445 84.00994110 -1.52024114
0.60826015 84.00994110 -1.59017885
0.54439765 84.00994110 -1.55512714
0.46562153 84.00994110 -1.54234493
0.36484098 84.00994110 -1.57123268
0.29068133 84.00994110 -1.56683195
0.19289427 84.00994110 -1.54845405
-0.01658425 84.00994110 -1.52758706
-0.13784723 84.00994110 -1.51828468
-0.18955907 84.00994110 -1.45826268
-0.27146125 84.00994110 -1.31674731
-0.32234550 84.00994110 -1.16477525
-0.26580817 84.00994110 -0.97502708
-0.29679614 84.00994110 -0.85989189
-0.24860342 84.00994110 -0.71624011
-0.19529839 84.00994110 -0.64432019
-0.21539442 84.00994110 -0.56743675
-0.21304734 84.00994110 -0.49208096
-0.16524245 84.00994110 -0.43564558
-0.19723216 84.00994110 -0.37764677
-0.16317090 84.00994110 -0.14519575
-0.18837881 84.00994110 -0.01183967
-0.14042622 84.00994110 0.07568152
-0.12844980 84.00994110 0.17113122
-0.12179881 84.00994110 0.24598217
-0.04768380 84.00994110 0.32160813
0.01771709 84.00994110 0.39698225
0.13259077 84.00994110 0.49060506
0.20648916 84.00994110 0.56065959
0.26869494 84.00994110 0.54349744
0.37553063 84.00994110 0.53271776
0.45935231 84.00994110 0.54918969
0.54066032 84.00994110 0.62476379
0.65633416 84.00994110 0.64694381
0.04438956 84.00994110 0.46334660
-0.20801425 84.00994110 -0.26561856
-0.24268319 84.00994110 -0.80923140
-0.33026633 84.00994110 -1.05781567
-0.31232890 84.00994110 -1.26103806
0.09242170 84.00994110 -1.54024053
0.87801147 84.00994110 -1.59187651
1.00017381 84.00994110 -1.57544947
2.07826042 84.00994110 -1.51934373
2.10237432 84.00994110 0.15867706
1.23561859 84.00994110 0.78400695
