0.71095526 28.64110565 -1.41450644
0.30959472 28.64110565 -0.93376917
0.28133020 28.64110565 -0.47687578
0.41422692 28.64110565 0.32224441
0.45457670 28.64110565 0.45987326
0.84392631 28.64110565 0.61070979
1.17237687 28.64110565 0.66879541
1.43212318 28.64110565 0.70299780
1.77382636 28.64110565 0.70318770
2.45316529 28.63111115 0.04157207
2.49109840 28.63111115 -0.06269065
2.51789117 28.63111115 -0.18200624
2.48604941 28.63111115 -0.28143191
2.47645068 28.63111115 -0.47526300
2.48893452 28.63111115 -0.59016174
2.50135136 28.63111115 -0.73134416
2.51343584 28.63111115 -0.83435720
2.49192381 28.63111115 -0.95360076
2.50245523 28.63111115 -1.07964575
2.52300739 28.63111115 -1.21673846
2.50771642 28.63111115 -1.32377791
2.42616439 28.63111115 -1.38661170
2.30040431 28.63111115 -1.41283882
2.19701934 28.63111115 -1.40648055
2.12238884 28.63111115 -1.41526937
2.01706386 28.63111115 -1.43185246
1.95095968 28.63111115 -1.43960083
1.86086988 28.63111115 -1.44359660
1.77329421 28.63111115 -1.44761360
1.68653715 28.63111115 -1.45018280
1.54487836 28.63111115 -1.43338358
1.48347926 28.63111115 -1.42461669
1.41832423 28.63111115 -1.42704320
1.32872140 28.63111115 -1.42435849
1.24873126 28.63111115 -1.42778838
1.16108727 28.63111115 -1.42868185
1.07699943 28.63111115 -1.42068815
0.99202037 28.63111115 -1.41431308
0.88412154 28.63111115 -1.42119002
0.77381593 28.63111115 -1.41831267
0.64782614 28.63111115 -1.41097760
0.57212377 28.63111115 -1.40513551
0.43186516 28.63111115 -1.39225197
0.31160977 28.63111115 -1.35453200
0.32363251 28.63111115 -1.25095284
0.33387902 28.63111115 -1.19080031
0.33038908 28.63111115 -1.12167251
0.33086634 28.63111115 -1.05703640
0.32818562 28.63111115 -0.99344772
0.30812764 28.63111115 -0.69994622
0.28632587 28.63111115 -0.62375069
0.28747684 28.63111115 -0.53797650
0.27330288 28.63111115 -0.39544007
0.27320626 28.63111115 -0.32197705
0.29211637 28.63111115 -0.21828590
0.32803166 28.63111115 -0.13786596
0.34635708 28.63111115 -0.07820645
0.33447593 28.63111115 0.03380339
0.36101636 28.63111115 0.09784077
0.36248818 28.63111115 0.17589137
0.38482061 28.63111115 0.26748616
0.45727533 28.63111115 0.39432362
0.45041355 28.63111115 0.52845597
0.52141106 28.63111115 0.57285213
0.61019135 28.63111115 0.59736627
0.69339257 28.63111115 0.61468250
0.78131104 28.63111115 0.60555232
0.91477269 28.63111115 0.61102509
0.99390441 28.63111115 0.63446242
1.10735631 28.63111115 0.68550867
1.27078879 28.63111115 0.63698882
1.37538493 28.63111115 0.68593490
1.55509496 28.63111115 0.76232588
1.71669829 28.63111115 0.72496063
1.86228359 28.63111115 0.68714619
2.01383066 28.63111115 0.61973089
2.12415600 28.63111115 0.63535076
2.24672866 28.63111115 0.52139729
2.30701113 28.63111115 0.38973245
2.35498881 28.63111115 0.26913032
2.41148138 28.63111115 0.12663254
2.17734408 28.63111115 0.60459417
1.60438013 28.63111115 -1.44530725
0.50520712 28.63111115 -1.40164804
0.31871781 28.63111115 -0.78857481
1.50164485 28.63111115 0.71447337
