1.47505152 -12.43802643 -1.38925231
1.34102058 -12.44802094 0.50097293
1.47074950 -12.44802094 0.53194588
1.63390923 -12.44802094 0.51288563
1.70897377 -12.44802094 0.48957604
1.77018464 -12.44802094 0.47788751
1.88333797 -12.44802094 0.42674997
1.98549175 -12.44802094 0.38381654
2.04307961 -12.44802094 0.41314799
2.30097914 -12.44802094 0.28560323
2.39520240 -12.44802094 0.25284061
2.54451060 -12.44802094 0.05827647
2.60340953 -12.44802094 -0.05705988
2.63396549 -12.44802094 -0.16731794
2.63777614 -12.44802094 -0.23085463
2.59958315 -12.44802094 -0.35043964
2.60566807 -12.44802094 -0.49022374
2.56496882 -12.44802094 -0.66261631
2.56439567 -12.44802094 -0.77692688
2.56280994 -12.44802094 -0.89285296
2.55193114 -12.44802094 -1.01164579
2.53890824 -12.44802094 -1.14065886
2.52310419 -12.44802094 -1.25769746
2.44498515 -12.44802094 -1.33378327
2.43277693 -12.44802094 -1.41845942
2.34415078 -12.44802094 -1.44958615
2.17124033 -12.44802094 -1.45366812
1.98856008 -12.44802094 -1.40937912
1.86697030 -12.44802094 -1.41467226
1.75028646 -12.44802094 -1.41509616
1.66856444 -12.44802094 -1.40887034
1.54355896 -12.44802094 -1.38527298
1.41315293 -12.44802094 -1.39079297
1.33178616 -12.44802094 -1.39110172
1.25118339 -12.44802094 -1.38774431
1.16573596 -12.44802094 -1.37826765
1.00316513 -12.44802094 -1.41557622
0.92480963 -12.44802094 -1.41197646
0.83398062 -12.44802094 -1.40621972
0.71462476 -12.44802094 -1.39988446
0.60532409 -12.44802094 -1.40521049
0.48614624 -12.44802094 -1.39728022
0.31538579 -12.44802094 -1.39261186
0.17602859 -12.44802094 -1.33536077
0.12757578 -12.44802094 -1.12980902
0.12882674 -12.44802094 -0.98797929
0.12752816 -12.44802094 -0.86818337
0.15374953 -12.44802094 -0.67680198
0.23992492 -12.44802094 -0.54674584
0.28916773 -12.44802094 -0.44110283
0.32386434 -12.44802094 -0.29390883
0.33142427 -12.44802094 -0.09720998
0.40430754 -12.44802094 -0.03415848
0.41344467 -12.44802094 0.07487615
0.40202954 -12.44802094 0.15388785
0.44052237 -12.44802094 0.21327044
0.51401490 -12.44802094 0.31723845
0.62196636 -12.44802094 0.37021199
0.62571442 -12.44802094 0.43492290
0.74449170 -12.44802094 0.39763942
0.79474938 -12.44802094 0.50576872
0.93684918 -12.44802094 0.55162579
1.02598286 -12.44802094 0.57551432
1.12510693 -12.44802094 0.60844779
1.25426483 -12.44802094 0.57996196
2.15261745 -12.44802094 0.36059806
2.47157907 -12.44802094 0.19409426
