-0.31383187 -78.47663116 -0.32047379
-0.24198477 -78.47663116 -0.76084465
0.04155374 -78.47663116 -1.10930109
0.21959116 -78.47663116 -1.21013319
0.33558977 -78.47663116 -1.28734756
0.48320067 -78.47663116 -1.35847211
0.66273701 -78.47663116 -1.41120148
0.84965414 -78.47663116 -1.43604636
1.07524264 -78.47663116 -1.46569180
1.58766532 -78.47663116 -1.48597300
0.03279220 -78.48662567 0.08779957
-0.27803907 -78.48662567 -0.20377472
-0.32627693 -78.48662567 -0.65894669
-0.08509842 -78.48662567 -0.95474422
0.17113927 -78.48662567 -1.17256713
0.40900654 -78.48662567 -1.32705140
0.56566972 -78.48662567 -1.39495552
0.76113278 -78.48662567 -1.42773640
0.95551574 -78.48662567 -1.44597888
1.24600172 -78.48662567 -1.49413085
1.34834921 -78.48662567 -1.48709393
1.51032209 -78.48662567 -1.48666203
1.84872651 -78.48662567 -1.48394024
2.03374386 -78.48662567 -1.47374547
2.20381474 -78.48662567 -1.45103574
2.39872551 -78.48662567 -1.41675472
2.58687711 -78.48662567 -1.39107585
-0.34886190 -78.48662567 -0.43156084
-0.06168857 -78.48662567 -1.06070435
0.27954394 -78.48662567 -1.25787342
2.76137805 -78.48662567 -1.31246448
1.31484914 -78.48662567 1.27207065
1.19771993 -78.48662567 1.21526575
1.15565324 -78.48662567 1.14710653
0.97094816 -78.48662567 1.12561059
0.90421093 -78.48662567 1.01284587
0.74637550 -78.48662567 0.92699289
0.56674725 -78.48662567 0.89002073
0.48670971 -78.48662567 0.71361488
0.38977027 -78.48662567 0.51435143
0.14031033 -78.48662567 0.25435871
3.04072714 -78.48662567 -1.09432971
3.09540343 -78.48662567 -1.02693057
3.32726455 -78.48662567 -0.88978213
3.39389896 -78.48662567 -0.79061770
3.42197514 -78.48662567 -0.59719729
3.49590254 -78.48662567 -0.43937689
3.56158137 -78.48662567 -0.23448525
3.58989620 -78.48662567 -0.08820085
3.67039776 -78.48662567 0.26469597
3.31033754 -78.48662567 0.62692541
2.93247008 -78.48662567 0.84683514
2.82831621 -78.48662567 0.95604306
2.64525819 -78.48662567 1.00810385
2.52035832 -78.48662567 1.15012038
2.41985393 -78.48662567 1.17949986
2.33103037 -78.48662567 1.22693610
2.22658515 -78.48662567 1.23682737
2.01464534 -78.48662567 1.29534304
2.12959552 -78.48662567 1.27495730
1.95129538 -78.48662567 1.33412886
1.89542449 -78.48662567 1.37529063
1.79819119 -78.48662567 1.38318300
1.70795453 -78.48662567 1.36354196
1.56827140 -78.48662567 1.36822009
1.50207996 -78.48662567 1.35805106
1.43809927 -78.48662567 1.31968129
3.21277046 -78.48662567 0.76912189
3.42979479 -78.48662567 0.46951553
