2.59130836 -80.81658173 0.81262636
0.18679768 -80.82657623 -0.87356287
0.18812552 -80.82657623 -1.07601416
0.20278004 -80.82657623 -1.24635494
0.29346788 -80.82657623 -1.40945208
0.35531801 -80.82657623 -1.41264665
0.56133270 -80.82657623 -1.46021330
0.81538337 -80.82657623 -1.43040478
0.96878999 -80.82657623 -1.46349990
1.18817091 -80.82657623 -1.49627733
0.21899101 -80.82657623 -0.72054839
2.44024134 -80.82657623 0.88437170
2.53652692 -80.82657623 0.83951968
2.70881557 -80.82657623 0.69186711
2.81860113 -80.82657623 0.56222671
2.94088268 -80.82657623 0.51629150
3.02484846 -80.82657623 0.44705287
3.15426230 -80.82657623 0.36494818
3.27043533 -80.82657623 0.29628596
3.38769579 -80.82657623 0.16437611
3.78602004 -80.82657623 0.04969037
3.83760333 -80.82657623 -0.11714288
3.81540966 -80.82657623 -0.18412314
3.78074288 -80.82657623 -0.41496432
3.74623561 -80.82657623 -0.59830731
3.72866845 -80.82657623 -0.80433965
3.67634654 -80.82657623 -1.01413047
3.64922452 -80.82657623 -1.09576452
3.52043462 -80.82657623 -1.15879261
3.35410166 -80.82657623 -1.22976887
3.16819620 -80.82657623 -1.37502527
3.05278754 -80.82657623 -1.40160084
2.86521244 -80.82657623 -1.44604969
2.70995688 -80.82657623 -1.46152675
2.55752015 -80.82657623 -1.46669269
2.40767455 -80.82657623 -1.46171749
2.26504827 -80.82657623 -1.46674895
2.12660241 -80.82657623 -1.47610557
1.86738265 -80.82657623 -1.48752594
1.72571182 -80.82657623 -1.48873901
1.61067331 -80.82657623 -1.50199473
1.46897435 -80.82657623 -1.51047015
1.31885362 -80.82657623 -1.50925696
0.19630764 -80.82657623 -0.49460581
0.20930837 -80.82657623 -0.34268719
0.12480997 -80.82657623 -0.06178625
0.17516927 -80.82657623 0.09954610
0.21764523 -80.82657623 0.32761392
0.24027015 -80.82657623 0.41831246
0.31578675 -80.82657623 0.52534604
0.38410065 -80.82657623 0.74368387
0.42845246 -80.82657623 0.79703552
0.59583288 -80.82657623 1.00447524
0.57385415 -80.82657623 1.07347381
0.71361077 -80.82657623 1.11689353
0.96531796 -80.82657623 1.11674559
1.08523595 -80.82657623 1.08404136
1.22027373 -80.82657623 1.09352970
1.35844171 -80.82657623 1.10661709
1.42283559 -80.82657623 1.13929689
1.59589219 -80.82657623 1.13903511
1.72860563 -80.82657623 1.13891447
1.83003676 -80.82657623 1.11200750
1.92187810 -80.82657623 1.06183696
2.06635237 -80.82657623 1.03496826
2.20585370 -80.82657623 0.98606485
2.32631421 -80.82657623 0.93592787
