0.21794556 0.82169342 -0.16766390
1.05044270 0.82169342 -1.35169613
1.42658794 0.81169891 0.59060645
1.17754376 0.81169891 0.57712191
1.25606465 0.81169891 0.55865252
1.07522547 0.81169891 0.60221326
0.87272668 0.81169891 0.58035755
0.97401613 0.81169891 0.59010327
0.80928767 0.81169891 0.56890804
0.71595812 0.81169891 0.46571106
0.55631131 0.81169891 0.34602547
0.64028352 0.81169891 0.39046523
0.50965548 0.81169891 0.24812055
0.39716640 0.81169891 0.16020025
0.32319051 0.81169891 0.08068218
0.27825966 0.81169891 0.02191085
0.22105597 0.81169891 -0.22729076
0.16622804 0.81169891 -0.33879289
0.09249226 0.81169891 -0.40787885
0.12362859 0.81169891 -0.49479771
0.12935823 0.81169891 -0.58351326
0.13742569 0.81169891 -0.77236634
0.13476993 0.81169891 -0.69006735
0.14961359 0.81169891 -0.92382813
0.16222179 0.81169891 -1.01093721
0.15846331 0.81169891 -1.11139333
0.13911679 0.81169891 -1.26437187
0.18113494 0.81169891 -1.20381176
0.31974992 0.81169891 -1.33146870
0.19268452 0.81169891 -1.31064343
0.44921800 0.81169891 -1.32865882
0.55119252 0.81169891 -1.34123111
0.73131645 0.81169891 -1.36638463
0.63792217 0.81169891 -1.35511148
0.85253662 0.81169891 -1.37766957
0.94604701 0.81169891 -1.38553596
1.11206281 0.81169891 -1.36109996
1.20988846 0.81169891 -1.36212242
1.32162571 0.81169891 -1.36291635
1.39167261 0.81169891 -1.35554779
1.46540248 0.81169891 -1.35366249
1.61988080 0.81169891 -1.36024952
1.52526736 0.81169891 -1.34335732
1.73296368 0.81169891 -1.36995506
1.83878243 0.81169891 -1.37335885
1.99613392 0.81169891 -1.37203765
2.15422440 0.81169891 -1.35957181
2.34927320 0.81169891 -1.33111274
2.44344950 0.81169891 -1.29756939
2.39008856 0.81169891 -1.18961990
2.36028814 0.81169891 -1.03817129
2.33613729 0.81169891 -0.78120542
2.33879924 0.81169891 -0.92315584
2.33663630 0.81169891 -0.67537344
2.35139108 0.81169891 -0.54034036
2.40428257 0.81169891 -0.45314398
2.39993739 0.81169891 -0.32642722
2.39027500 0.81169891 -0.25185588
2.32203770 0.81169891 0.05942504
2.33818913 0.81169891 -0.09118957
2.26907372 0.81169891 0.18904531
2.17945218 0.81169891 0.25673765
1.85203075 0.81169891 0.47992253
1.75787461 0.81169891 0.53797704
1.48362672 0.81169891 0.60981876
