-0.15121269 70.24022675 -0.55968142
-0.14316575 70.24022675 -0.80683273
-0.09270807 70.24022675 -0.95388269
1.18483293 70.24022675 0.87866038
0.73711044 70.24022675 0.86426395
-0.13992982 70.24022675 0.41242692
-0.20762305 70.23023224 0.14962654
-0.20683317 70.23023224 0.06945103
-0.19807412 70.23023224 0.00791081
-0.19791263 70.23023224 -0.05314299
-0.20884541 70.23023224 -0.12064004
-0.21587555 70.23023224 -0.18261412
-0.21436280 70.23023224 -0.24681635
-0.20807520 70.23023224 -0.32360306
-0.19311443 70.23023224 -0.39969873
-0.16816351 70.23023224 -0.47996607
-0.14438544 70.23023224 -0.61940622
-0.13323490 70.23023224 -0.89136511
-0.06691214 70.23023224 -1.00836360
0.03407536 70.23023224 -1.20406032
0.01558136 70.23023224 -1.14098740
0.12924425 70.23023224 -1.43264425
0.31494558 70.23023224 -1.53256428
0.40958950 70.23023224 -1.53907192
0.57673824 70.23023224 -1.53477049
0.75317627 70.23023224 -1.53954709
0.92818612 70.23023224 -1.53677320
1.10355365 70.23023224 -1.54696882
1.33306324 70.23023224 -1.54703546
1.62141418 70.23023224 -1.55871391
1.68830001 70.23023224 -1.54994643
2.03683901 70.23023224 -1.36701763
2.04603338 70.23023224 -1.11244631
2.04259896 70.23023224 -0.81013221
2.00268984 70.23023224 -0.44119734
1.97952819 70.23023224 -0.18942668
1.93341303 70.23023224 -0.09149574
1.81416261 70.23023224 0.10104220
1.81628239 70.23023224 0.24963279
1.78420568 70.23023224 0.44437060
1.52033269 70.23023224 0.88812751
1.62555194 70.23023224 0.87266803
0.96106672 70.23023224 0.86080199
0.55292791 70.23023224 0.84583670
0.44072565 70.23023224 0.81364304
0.29159793 70.23023224 0.76442730
0.17829025 70.23023224 0.80842435
0.00646394 70.23023224 0.80222028
-0.06277557 70.23023224 0.79067069
-0.15019567 70.23023224 0.69066542
-0.13590117 70.23023224 0.54741246
-0.14373302 70.23023224 0.34944415
-0.19552284 70.23023224 0.23136373
1.95026720 70.23023224 -1.60809779
2.02947402 70.23023224 -1.61261678
2.04182768 70.23023224 -0.50677991
1.74174130 70.23023224 0.59929168
1.70877302 70.23023224 0.72334206
1.67944157 70.23023224 0.83301419
1.09004569 70.23023224 0.86693496
0.87550783 70.23023224 0.86507654
0.67005771 70.23023224 0.86368537
0.36850518 70.23023224 0.77581704
0.09950201 70.23023224 0.82069170
-0.12396108 70.23023224 0.77319217
-0.17419451 70.23023224 0.49786147
-0.17231129 70.23023224 0.29540503
