1.24359453 -23.88777924 0.67811155
1.31560004 -23.88777924 0.70917255
1.41590142 -23.88777924 0.74248070
1.48832834 -23.88777924 0.73520112
1.57753336 -23.88777924 0.72850525
1.63485885 -23.88777924 0.70429325
1.75035715 -23.88777924 0.64135444
1.81768250 -23.88777924 0.63228250
1.86542583 -23.88777924 0.59142017
1.92581105 -23.88777924 0.53952742
2.00952458 -23.88777924 0.50110847
2.09017563 -23.88777924 0.50462258
2.18812037 -23.88777924 0.44517154
2.28591275 -23.88777924 0.29402909
2.34068871 -23.88777924 0.22647874
2.38727236 -23.88777924 0.16980326
2.45343280 -23.88777924 0.08347096
2.48709297 -23.88777924 0.01481114
2.48794413 -23.88777924 -0.04616849
2.49605608 -23.88777924 -0.14974165
2.48571134 -23.88777924 -0.22933644
2.48539448 -23.88777924 -0.34152934
2.51749516 -23.88777924 -0.40606716
2.55693555 -23.88777924 -0.58392072
2.57451129 -23.88777924 -0.68455213
2.56559682 -23.88777924 -0.74518698
2.54040575 -23.88777924 -0.83419228
2.56037331 -23.88777924 -0.93000269
2.58040667 -23.88777924 -1.05022001
2.54720235 -23.88777924 -1.13876700
2.25880766 -23.88777924 -1.35252023
2.16706467 -23.88777924 -1.42171872
2.03160381 -23.88777924 -1.42032599
1.86764407 -23.88777924 -1.42560768
1.73414660 -23.88777924 -1.43366575
1.58385193 -23.88777924 -1.45232570
1.47474313 -23.88777924 -1.46275926
1.35608089 -23.88777924 -1.45889699
1.26598704 -23.88777924 -1.45221245
1.06523323 -23.88777924 -1.43380272
0.90467978 -23.88777924 -1.43243134
0.80792254 -23.88777924 -1.42951107
0.64790154 -23.88777924 -1.42558479
0.51801217 -23.88777924 -1.43655550
0.39099786 -23.88777924 -1.45790315
0.22514458 -23.88777924 -1.43341756
0.14803253 -23.88777924 -1.21168804
0.12411413 -23.88777924 -1.08379638
0.13581422 -23.88777924 -0.92029274
0.12085555 -23.88777924 -0.80638868
0.08885954 -23.88777924 -0.69838816
0.04115987 -23.88777924 -0.56666255
0.02707818 -23.88777924 -0.48117265
0.05197899 -23.88777924 -0.37941289
0.10433517 -23.88777924 -0.28688973
0.14886580 -23.88777924 -0.15794937
0.15478717 -23.88777924 -0.07513376
0.16251971 -23.88777924 0.03570968
0.16804829 -23.88777924 0.13233180
0.21726312 -23.88777924 0.27128950
0.23578918 -23.88777924 0.38707450
0.30581045 -23.88777924 0.43423399
0.38597265 -23.88777924 0.48392045
0.43251514 -23.88777924 0.52566850
0.52312106 -23.88777924 0.52568406
0.63241053 -23.88777924 0.55675095
0.71777338 -23.88777924 0.61954659
0.79883087 -23.88777924 0.64899200
0.87477070 -23.88777924 0.62084103
0.94544852 -23.88777924 0.64570439
1.06353116 -23.88777924 0.66420126
1.12912810 -23.88777924 0.61203998
0.15610372 -23.88777924 -1.43177021
