0.16389529 -17.89791107 -0.14379750
2.25380731 -17.89791107 0.60010272
2.61621690 -17.89791107 0.16032840
0.60451883 -17.89791107 0.72742969
1.13056409 -17.90790558 0.83743602
1.22153676 -17.90790558 0.82791239
1.32229316 -17.90790558 0.83633214
1.40091181 -17.90790558 0.84627122
1.46105909 -17.90790558 0.83355850
1.57488894 -17.90790558 0.84197170
1.76987803 -17.90790558 0.76431930
1.88019073 -17.90790558 0.71891391
2.02946901 -17.90790558 0.71826351
2.10722780 -17.90790558 0.71165168
2.19380760 -17.90790558 0.63873345
2.43084216 -17.90790558 0.47746998
2.49743390 -17.90790558 0.36096832
2.58625031 -17.90790558 0.21819240
2.61347175 -17.90790558 0.05516965
2.64885068 -17.90790558 -0.11733316
2.64158392 -17.90790558 -0.22900791
2.64726210 -17.90790558 -0.38865265
2.60924792 -17.90790558 -0.61742830
2.57657075 -17.90790558 -0.68814760
2.56370616 -17.90790558 -0.87449431
2.55800700 -17.90790558 -1.01524937
2.59220433 -17.90790558 -1.16057074
2.58272266 -17.90790558 -1.25297272
2.54413319 -17.90790558 -1.32030284
2.43108892 -17.90790558 -1.37939155
2.33723450 -17.90790558 -1.40587008
2.27781153 -17.90790558 -1.42807376
2.14403486 -17.90790558 -1.44287896
2.00168014 -17.90790558 -1.43571556
1.88548732 -17.90790558 -1.43821287
1.77856541 -17.90790558 -1.43624568
1.67905188 -17.90790558 -1.43775392
1.57662225 -17.90790558 -1.42142689
1.47365987 -17.90790558 -1.43934143
1.37649107 -17.90790558 -1.43876898
1.25877142 -17.90790558 -1.43639028
1.15789592 -17.90790558 -1.42842746
1.07085335 -17.90790558 -1.42567992
0.97364628 -17.90790558 -1.44011629
0.87255085 -17.90790558 -1.44497442
0.76726103 -17.90790558 -1.44098651
0.65753853 -17.90790558 -1.42755485
0.54048777 -17.90790558 -1.40479970
0.47487298 -17.90790558 -1.40127385
0.38106498 -17.90790558 -1.41590333
0.27345240 -17.90790558 -1.42515457
0.17575175 -17.90790558 -1.41596770
0.02554539 -17.90790558 -1.36647439
-0.06299379 -17.90790558 -1.23734307
-0.08263049 -17.90790558 -1.17454088
-0.10117856 -17.90790558 -1.10804057
-0.11382487 -17.90790558 -1.01536107
-0.09313343 -17.90790558 -0.93487060
-0.05556248 -17.90790558 -0.82747376
-0.03324005 -17.90790558 -0.75699866
-0.00965230 -17.90790558 -0.69852120
0.03093396 -17.90790558 -0.57138968
0.05321411 -17.90790558 -0.45547622
0.07643946 -17.90790558 -0.35554650
0.12671760 -17.90790558 -0.30432314
0.17377156 -17.90790558 -0.26280409
0.17453092 -17.90790558 -0.20280208
0.18967779 -17.90790558 -0.07944121
0.20174287 -17.90790558 0.02407960
0.21937072 -17.90790558 0.13673060
0.25089988 -17.90790558 0.25703990
0.27806121 -17.90790558 0.35053313
0.34132290 -17.90790558 0.43897682
0.34163946 -17.90790558 0.54493612
0.45375153 -17.90790558 0.61205643
0.55261278 -17.90790558 0.69313079
0.66279906 -17.90790558 0.76688379
0.76761031 -17.90790558 0.83645701
0.89945817 -17.90790558 0.88291156
0.96874422 -17.90790558 0.89891046
1.05159056 -17.90790558 0.86518896
1.68242979 -17.90790558 0.80742729
2.36137080 -17.90790558 0.55048740
2.66040850 -17.90790558 -0.44958335
0.07478882 -17.90790558 -1.41264975
-0.05200779 -17.90790558 -1.30649734
