2.32393503 -19.19788361 -0.06315227
2.31532311 -19.19788361 -0.78980684
1.74386287 -19.19788361 0.86024368
2.21449566 -19.20787811 0.29753065
2.27055931 -19.20787811 0.16326605
2.29822612 -19.20787811 0.07152975
2.31183839 -19.20787811 0.01279903
2.34187031 -19.20787811 -0.12537935
2.36192870 -19.20787811 -0.26149625
2.33218837 -19.20787811 -0.31583071
2.32811475 -19.20787811 -0.43929899
2.32220268 -19.20787811 -0.58777946
2.31493258 -19.20787811 -0.71962100
2.30474210 -19.20787811 -0.84912938
2.30886579 -19.20787811 -0.93008047
2.32771635 -19.20787811 -1.04050148
2.28251600 -19.20787811 -1.16769981
2.27706981 -19.20787811 -1.30825114
2.24764299 -19.20787811 -1.41974986
2.15017962 -19.20787811 -1.42533720
2.01687884 -19.20787811 -1.43695629
1.88524115 -19.20787811 -1.44618380
1.75605333 -19.20787811 -1.45301282
1.64091778 -19.20787811 -1.45297611
1.52423286 -19.20787811 -1.45832205
1.45264864 -19.20787811 -1.46681321
1.35878873 -19.20787811 -1.46469355
1.26013207 -19.20787811 -1.46249962
1.16667926 -19.20787811 -1.44970131
1.08953190 -19.20787811 -1.42757285
0.92043382 -19.20787811 -1.42609668
0.84176916 -19.20787811 -1.41966093
0.73727101 -19.20787811 -1.41157317
0.65332496 -19.20787811 -1.42213452
0.52268285 -19.20787811 -1.40263200
0.39148927 -19.20787811 -1.40563393
0.24685417 -19.20787811 -1.40064061
0.11092217 -19.20787811 -1.36876738
0.01633612 -19.20787811 -1.30372012
-0.03637472 -19.20787811 -1.14261031
-0.01905411 -19.20787811 -1.02265286
0.04366728 -19.20787811 -0.86944461
0.05854964 -19.20787811 -0.76325059
0.06854355 -19.20787811 -0.67304301
0.15752998 -19.20787811 -0.56183136
0.08872490 -19.20787811 -0.42766663
0.18276341 -19.20787811 -0.30489835
0.18721336 -19.20787811 -0.20422433
0.16662283 -19.20787811 -0.10732753
0.13905109 -19.20787811 0.00922736
0.18231663 -19.20787811 0.19257452
0.20910025 -19.20787811 0.31594077
0.23712797 -19.20787811 0.45054919
0.21735352 -19.20787811 0.61800492
0.29832998 -19.20787811 0.69141376
0.35949105 -19.20787811 0.71352166
0.52610058 -19.20787811 0.78062856
0.62842935 -19.20787811 0.82681650
0.69086099 -19.20787811 0.84401244
0.80252123 -19.20787811 0.81123382
0.98218238 -19.20787811 0.90872353
1.06283557 -19.20787811 0.94621754
1.20032120 -19.20787811 0.96621966
1.26575792 -19.20787811 0.94388437
1.35257161 -19.20787811 0.92263669
1.50062835 -19.20787811 0.88947868
1.68381655 -19.20787811 0.86473680
1.83946061 -19.20787811 0.84138048
2.03237128 -19.20787811 0.80043280
2.14341950 -19.20787811 0.74218893
2.19442010 -19.20787811 0.58267498
2.23073673 -19.20787811 0.46497971
0.15151656 -19.20787811 0.11207164
