0.97854215 63.48036957 0.53277653
0.09589719 63.48036957 0.24735630
0.01462437 63.48036957 -0.83364451
0.03872479 63.48036957 -0.98203444
2.21838903 63.48036957 -1.05750012
1.07123005 63.47037506 0.54985702
1.15383589 63.47037506 0.57183492
1.24708188 63.47037506 0.59291917
1.45098341 63.47037506 0.65859371
1.50360847 63.47037506 0.69313157
1.61542046 63.47037506 0.68919897
1.69531500 63.47037506 0.65857607
1.79722321 63.47037506 0.60962367
2.00294352 63.47037506 0.39285454
2.08939743 63.47037506 0.25542346
2.19782043 63.47037506 0.03825921
2.22294736 63.47037506 -0.02109947
2.23084807 63.47037506 -0.11629932
2.22385454 63.47037506 -0.21082358
2.24061871 63.47037506 -0.33442575
2.26574469 63.47037506 -0.51506317
2.25680733 63.47037506 -0.64700502
2.27183032 63.47037506 -0.73497808
2.27777743 63.47037506 -0.91405314
2.24804878 63.47037506 -0.99941766
2.14713669 63.47037506 -1.21984971
2.09861803 63.47037506 -1.32621121
1.95165443 63.47037506 -1.47956979
1.81107998 63.47037506 -1.46356976
1.69886911 63.47037506 -1.46872354
1.60215604 63.47037506 -1.47347116
1.49992526 63.47037506 -1.47334564
1.31395519 63.47037506 -1.48773944
1.16796350 63.47037506 -1.48380542
1.07455432 63.47037506 -1.48388052
0.98120368 63.47037506 -1.47932422
0.88598835 63.47037506 -1.49657524
0.79017657 63.47037506 -1.50669265
0.64616555 63.47037506 -1.51263463
0.50635326 63.47037506 -1.50712335
0.36995780 63.47037506 -1.49287701
0.25314128 63.47037506 -1.48727393
0.08582158 63.47037506 -1.42071462
0.02042616 63.47037506 -1.24069822
0.02197126 63.47037506 -1.04492939
0.01959584 63.47037506 -0.90317136
0.00071940 63.47037506 -0.69696635
0.04531876 63.47037506 -0.57071620
0.03910800 63.47037506 -0.39118212
0.02162567 63.47037506 -0.27788547
0.04445199 63.47037506 -0.17599544
0.05742348 63.47037506 -0.03912473
0.05737570 63.47037506 0.07632338
0.07996509 63.47037506 0.18770839
0.09311401 63.47037506 0.33929321
0.19625297 63.47037506 0.44072980
0.34148848 63.47037506 0.43626645
0.47965661 63.47037506 0.46389493
0.61259240 63.47037506 0.46368223
0.73176193 63.47037506 0.47125840
0.86395115 63.47037506 0.52716523
1.35212266 63.47037506 0.62482685
0.12471973 63.47037506 0.40679270
0.00076569 63.47037506 -0.75891215
0.02741520 63.47037506 -1.13703358
0.12645316 63.47037506 -1.46684813
1.40792596 63.47037506 -1.47711289
2.07517314 63.47037506 -1.46310568
2.19317603 63.47037506 -1.11396503
2.26821089 63.47037506 -0.83577871
1.99241042 63.47037506 0.45846707
1.95787632 63.47037506 0.52448118
2.18241978 63.47037506 0.17808118
2.15910411 63.47037506 0.25478488
