0.71523148 59.32045746 0.60620785
-0.19959053 59.32045746 -0.08754917
1.22597265 59.32045746 0.56526285
1.09043717 59.31046295 0.58278286
0.90261739 59.31046295 0.56856549
0.96293557 59.31046295 0.57243043
0.77677286 59.31046295 0.60103869
0.83867496 59.31046295 0.60416400
0.57337934 59.31046295 0.58200085
0.64295012 59.31046295 0.58939922
0.40145591 59.31046295 0.56485558
0.46696609 59.31046295 0.58242762
0.15300107 59.31046295 0.54550904
0.25858369 59.31046295 0.54375696
0.08024299 59.31046295 0.52502716
-0.07864048 59.31046295 0.35740823
-0.00522842 59.31046295 0.46246377
-0.11173373 59.31046295 0.29914278
-0.15674992 59.31046295 -0.03086659
-0.15979037 59.31046295 0.16191764
-0.25907874 59.31046295 -0.08208448
-0.31539467 59.31046295 -0.35624847
-0.26941469 59.31046295 -0.66981405
-0.23848903 59.31046295 -0.91495466
-0.25961670 59.31046295 -0.74462926
-0.23973668 59.31046295 -0.99476260
-0.15167017 59.31046295 -1.27596128
-0.20050941 59.31046295 -1.10135591
-0.12366638 59.31046295 -1.37378931
0.09253249 59.31046295 -1.43616617
0.24206333 59.31046295 -1.45219016
0.36953923 59.31046295 -1.46761394
0.48695406 59.31046295 -1.47861648
0.58720231 59.31046295 -1.48519325
0.67939174 59.31046295 -1.48781455
0.77117521 59.31046295 -1.48611164
0.84703642 59.31046295 -1.48299825
0.95163417 59.31046295 -1.47484016
1.06493044 59.31046295 -1.48514760
1.21341717 59.31046295 -1.49028599
1.13839900 59.31046295 -1.49094152
1.29390132 59.31046295 -1.48710883
1.39605093 59.31046295 -1.48751044
1.46839559 59.31046295 -1.47640693
1.57368541 59.31046295 -1.50807643
1.66703880 59.31046295 -1.50063789
1.75904906 59.31046295 -1.48226583
1.86966991 59.31046295 -1.46716058
2.02387285 59.31046295 -1.47612107
1.94878507 59.31046295 -1.47174931
2.18675995 59.31046295 -1.46357143
2.11288428 59.31046295 -1.47115970
2.31963348 59.31046295 -1.40990388
2.25465155 59.31046295 -1.43164361
2.40284491 59.31046295 -1.32251000
2.35788560 59.31046295 -1.36234426
2.44312954 59.31046295 -1.26558053
2.43732095 59.31046295 -1.10754526
2.46245551 59.31046295 -0.97530025
2.40870357 59.31046295 -0.87605697
2.37385654 59.31046295 -0.69024438
2.39698815 59.31046295 -0.76058143
2.39824271 59.31046295 -0.59905815
2.37590575 59.31046295 -0.52724797
2.28962016 59.31046295 -0.38465148
2.21670794 59.31046295 -0.22533663
2.25472045 59.31046295 -0.30258155
2.19089389 59.31046295 -0.13991760
2.17433262 59.31046295 -0.04860182
2.16522241 59.31046295 0.01834668
2.17637849 59.31046295 0.17919318
2.11928439 59.31046295 0.29745406
2.08391881 59.31046295 0.39638445
2.01660275 59.31046295 0.48526275
1.84658539 59.31046295 0.54029632
1.78087997 59.31046295 0.54637104
1.70781124 59.31046295 0.54082209
1.56938207 59.31046295 0.53948337
1.63508928 59.31046295 0.55433398
1.45026386 59.31046295 0.54714662
1.30606318 59.31046295 0.55384457
1.38402319 59.31046295 0.54186833
1.15856993 59.31046295 0.57382673
2.41761851 59.31046295 -1.17329073
-0.05749205 59.31046295 -1.39434528
-0.29412740 59.31046295 -0.45824140
-0.25230306 59.31046295 -0.28200391
