0.35468054 -22.83780670 0.73812878
0.02737654 -22.83780670 0.52308190
-0.05383296 -22.83780670 0.33432460
-0.23195669 -22.83780670 -0.92596453
2.45871186 -22.83780670 -0.82732296
2.47124076 -22.83780670 -0.25657538
2.39794064 -22.83780670 0.12847987
2.34149098 -22.83780670 0.25641069
1.58705211 -22.83780670 0.98745930
2.16611218 -22.84780121 0.60524839
2.30899477 -22.84780121 0.51796740
2.29413438 -22.84780121 0.43027472
2.36402178 -22.84780121 0.19300617
2.42410326 -22.84780121 0.06804031
2.44335151 -22.84780121 -0.10641637
2.46338582 -22.84780121 -0.35188091
2.46004319 -22.84780121 -0.47296861
2.45132518 -22.84780121 -0.72362310
2.43457484 -22.84780121 -0.88176513
2.33699059 -22.84780121 -1.08597970
2.29181457 -22.84780121 -1.31244099
2.26579905 -22.84780121 -1.37117279
2.08049726 -22.84780121 -1.46468174
1.89986420 -22.84780121 -1.45776403
1.75962925 -22.84780121 -1.46132684
1.58264780 -22.84780121 -1.46391308
1.38087833 -22.84780121 -1.47627521
1.26662290 -22.84780121 -1.47092712
1.15342343 -22.84780121 -1.45613265
0.98324221 -22.84780121 -1.44921732
0.90224969 -22.84780121 -1.44961381
0.65854061 -22.84780121 -1.43224001
0.51368636 -22.84780121 -1.41815519
0.38713521 -22.84780121 -1.42820191
0.31367990 -22.84780121 -1.43509638
0.13647619 -22.84780121 -1.42742145
-0.03724697 -22.84780121 -1.39279330
-0.25415939 -22.84780121 -1.36826420
-0.22500144 -22.84780121 -1.18581450
-0.19900940 -22.84780121 -1.10185444
-0.24522036 -22.84780121 -1.00285661
-0.18001339 -22.84780121 -0.78924149
-0.18349133 -22.84780121 -0.63721716
-0.18926039 -22.84780121 -0.57729346
-0.18526296 -22.84780121 -0.48016420
-0.21731582 -22.84780121 -0.31414887
-0.23424415 -22.84780121 -0.15280350
-0.22030419 -22.84780121 -0.07714519
-0.17615126 -22.84780121 0.01913268
-0.12003558 -22.84780121 0.13404290
-0.07722636 -22.84780121 0.26341778
0.00581085 -22.84780121 0.45411626
0.06429385 -22.84780121 0.59826362
0.13664253 -22.84780121 0.76352394
0.28241146 -22.84780121 0.73713785
0.44300175 -22.84780121 0.74529535
0.55646312 -22.84780121 0.76102978
1.71576488 -22.84780121 1.01861465
0.14461412 -22.84780121 0.69475204
0.81852919 -22.84780121 -1.44741166
1.50902927 -22.84780121 -1.47781789
2.16548657 -22.84780121 -1.44568658
2.26673102 -22.84780121 -1.05585647
2.45902634 -22.84780121 -0.57779664
2.43148756 -22.84780121 -0.00631320
2.31130052 -22.84780121 0.34419578
2.27259803 -22.84780121 0.57442987
