0.58431572 3.42163849 -1.26267016
0.30472466 3.42163849 -1.09700012
0.43668121 3.42163849 0.13307332
2.26755834 3.42163849 -1.19747555
2.48805833 3.42163849 -1.19778574
0.26209170 3.41164398 -1.26788247
0.32386011 3.41164398 -1.02371311
0.31245187 3.41164398 -0.85389608
0.32150975 3.41164398 -0.57112867
0.33777389 3.41164398 -0.43338397
0.36904925 3.41164398 -0.22794938
0.38446113 3.41164398 -0.01843917
0.40911755 3.41164398 0.07140813
0.49164000 3.41164398 0.23129570
0.57161969 3.41164398 0.30605030
0.66984206 3.41164398 0.35800964
0.78295416 3.41164398 0.38200182
0.84698915 3.41164398 0.42363262
1.05101132 3.41164398 -1.25003231
0.30944890 3.41164398 -0.70886743
0.35296300 3.41164398 -0.10777532
1.53200674 3.41164398 0.59435356
1.62180054 3.41164398 0.61677998
1.70861316 3.41164398 0.58092135
1.83515346 3.41164398 0.52267534
1.92261970 3.41164398 0.59656894
1.98835242 3.41164398 0.59164476
2.16286635 3.41164398 0.57793707
2.29225206 3.41164398 0.57305759
2.44482064 3.41164398 0.55198973
2.55646467 3.41164398 0.43776372
2.58698010 3.41164398 0.30211231
2.59618425 3.41164398 0.23510587
2.59972835 3.41164398 0.13139957
2.60750437 3.41164398 0.06046516
2.63102961 3.41164398 -0.12799320
2.63710022 3.41164398 -0.23677278
2.67974353 3.41164398 -0.35233867
2.65708566 3.41164398 -0.46540079
2.64846325 3.41164398 -0.58857888
2.70110989 3.41164398 -0.75775915
2.67077851 3.41164398 -0.89580274
2.64810944 3.41164398 -1.05560684
2.56003213 3.41164398 -1.20071709
2.33253050 3.41164398 -1.20039713
0.91537297 3.41164398 0.45050159
0.97989488 3.41164398 0.48613533
1.04130304 3.41164398 0.49294445
1.10295212 3.41164398 0.56247038
1.17712927 3.41164398 0.59046239
1.26924384 3.41164398 0.63177878
1.33071041 3.41164398 0.62202591
1.44121146 3.41164398 0.58878183
