0.69190741 -53.51715851 0.65937203
0.30406606 -53.51715851 -0.09036953
0.17239551 -53.51715851 -1.07594109
1.27090514 -53.51715851 0.75429267
2.25144315 -53.52715302 0.57140690
2.26564956 -53.52715302 0.40741929
2.30003595 -53.52715302 0.29153782
2.31844640 -53.52715302 0.14628848
2.35065532 -53.52715302 0.01656119
2.36506939 -53.52715302 -0.09413974
2.34784389 -53.52715302 -0.22083423
2.33997202 -53.52715302 -0.39389327
2.33978939 -53.52715302 -0.49250111
2.35154152 -53.52715302 -0.60956168
2.37529564 -53.52715302 -0.74543417
2.37551260 -53.52715302 -0.80604935
2.38885188 -53.52715302 -0.95088935
2.37937403 -53.52715302 -1.08714092
2.39493656 -53.52715302 -1.20109010
2.36087728 -53.52715302 -1.29592323
2.29766989 -53.52715302 -1.32023787
2.11721468 -53.52715302 -1.37103689
2.00518775 -53.52715302 -1.39086127
1.90809011 -53.52715302 -1.40029049
1.82122922 -53.52715302 -1.40878260
1.73318577 -53.52715302 -1.41293931
1.65627110 -53.52715302 -1.41669607
1.58765686 -53.52715302 -1.42118144
1.51316881 -53.52715302 -1.43541789
1.44855177 -53.52715302 -1.44577551
1.38608944 -53.52715302 -1.44095767
1.28066599 -53.52715302 -1.44336927
1.20536876 -53.52715302 -1.45101643
1.12944782 -53.52715302 -1.45576847
1.05009496 -53.52715302 -1.43730068
0.97651500 -53.52715302 -1.42304134
0.89743006 -53.52715302 -1.42316747
0.82070357 -53.52715302 -1.41688192
0.72481364 -53.52715302 -1.40534461
0.66470170 -53.52715302 -1.39550638
0.57415068 -53.52715302 -1.37981105
0.39332053 -53.52715302 -1.33781040
0.32214099 -53.52715302 -1.32163024
0.25870305 -53.52715302 -1.30601287
0.16815302 -53.52715302 -1.23669553
0.17407237 -53.52715302 -1.13662815
0.18336296 -53.52715302 -1.01458836
0.18742925 -53.52715302 -0.93842793
0.19631426 -53.52715302 -0.87857831
0.20921116 -53.52715302 -0.80246317
0.24178447 -53.52715302 -0.64568299
0.25779009 -53.52715302 -0.51700592
0.25696111 -53.52715302 -0.39374185
0.26546028 -53.52715302 -0.31964907
0.27281159 -53.52715302 -0.25326005
0.28002292 -53.52715302 -0.14888452
0.33193839 -53.52715302 0.04987353
0.32102245 -53.52715302 0.11867037
0.33570740 -53.52715302 0.23275524
0.38549355 -53.52715302 0.32920182
0.39548165 -53.52715302 0.39589116
0.43789631 -53.52715302 0.47074735
0.49776202 -53.52715302 0.58714211
0.56476027 -53.52715302 0.60859513
0.63079607 -53.52715302 0.64607447
0.87898141 -53.52715302 0.69877154
1.02042067 -53.52715302 0.73944390
1.15941238 -53.52715302 0.75669509
1.72503209 -53.52715302 0.74527258
1.97495079 -53.52715302 0.67855585
0.81805712 -53.52715302 0.70866519
0.75315118 -53.52715302 0.69561714
0.30802938 -53.52715302 -0.02769560
0.22671832 -53.52715302 -0.73828065
0.50632250 -53.52715302 -1.37010217
2.23296762 -53.52715302 -1.34478605
2.34003949 -53.52715302 -0.29503885
2.17940664 -53.52715302 0.57467353
2.06664801 -53.52715302 0.58827192
