1.43305671 -0.47827911 0.62386346
2.29583716 -0.47827911 -0.11950696
2.36478591 -0.47827911 -0.38852862
0.29351234 -0.47827911 -0.76175076
0.61685109 -0.47827911 0.35749966
1.07040584 -0.47827911 0.57919508
1.59710705 -0.48827362 0.64780635
1.13699234 -0.48827362 0.58985639
1.00087702 -0.48827362 0.56448525
0.91453481 -0.48827362 0.53245127
0.81196445 -0.48827362 0.53233355
0.73640364 -0.48827362 0.50752282
0.55153239 -0.48827362 0.25597537
0.53439176 -0.48827362 0.16239065
0.50381678 -0.48827362 0.06302059
0.44070971 -0.48827362 -0.05280333
0.39929429 -0.48827362 -0.11616039
0.35857481 -0.48827362 -0.24836962
0.33604312 -0.48827362 -0.32089174
0.27160165 -0.48827362 -0.37532923
0.24429068 -0.48827362 -0.47425857
0.26231253 -0.48827362 -0.56590909
0.27953774 -0.48827362 -0.69992954
0.26787913 -0.48827362 -0.63173151
0.30227596 -0.48827362 -0.82834983
0.32046968 -0.48827362 -1.00437689
0.31894979 -0.48827362 -1.08811367
0.34282717 -0.48827362 -1.18452108
0.37183809 -0.48827362 -1.26597548
0.42953053 -0.48827362 -1.29185295
0.49209473 -0.48827362 -1.31290340
0.61529660 -0.48827362 -1.32459402
0.76031476 -0.48827362 -1.35392988
0.85177988 -0.48827362 -1.36085391
0.92534298 -0.48827362 -1.35964906
0.99825108 -0.48827362 -1.36050236
1.21190202 -0.48827362 -1.38186133
1.28722942 -0.48827362 -1.38481426
1.40321445 -0.48827362 -1.38225567
1.64763618 -0.48827362 -1.36546910
1.70866942 -0.48827362 -1.36590683
1.79336882 -0.48827362 -1.36859334
1.85382390 -0.48827362 -1.36917257
1.97386241 -0.48827362 -1.36628473
2.07177329 -0.48827362 -1.35069776
2.16885090 -0.48827362 -1.33748674
2.32223153 -0.48827362 -1.29970479
2.33693671 -0.48827362 -1.17331815
2.37281370 -0.48827362 -1.02965593
2.37438154 -0.48827362 -0.96280789
2.37756228 -0.48827362 -0.86510766
2.37845206 -0.48827362 -0.71391815
2.37609196 -0.48827362 -0.62191403
2.38531947 -0.48827362 -0.52240551
2.38022089 -0.48827362 -0.45544896
2.33495188 -0.48827362 -0.25346452
2.32237005 -0.48827362 -0.18712957
2.25803041 -0.48827362 -0.03276345
2.22220135 -0.48827362 0.06946185
1.69661927 -0.48827362 0.63674939
2.26003361 -0.48827362 0.22483034
1.56324589 -0.48827362 -1.35683155
1.46344042 -0.48827362 -1.37369382
1.11075723 -0.48827362 -1.37426031
0.30690426 -0.48827362 -0.92291743
1.83788395 -0.48827362 0.57192868
1.98662329 -0.48827362 0.54689229
2.08764672 -0.48827362 0.46932697
2.19156957 -0.48827362 0.37229520
