0.83770519 -14.25798798 -1.43290579
0.10831519 -14.25798798 -1.33655405
-0.04574759 -14.25798798 -0.92539215
0.06738690 -14.25798798 -0.65013266
0.16942064 -14.25798798 -0.25232106
0.86550045 -14.25798798 0.54506987
1.29380071 -14.25798798 0.50955087
1.67654693 -14.26798248 0.53421539
1.40988898 -14.26798248 -1.41045201
1.28896749 -14.26798248 -1.41820908
1.22699821 -14.26798248 -1.41660750
1.05060387 -14.26798248 -1.41996884
0.97663295 -14.26798248 -1.43638122
0.91230881 -14.26798248 -1.43589413
0.77605951 -14.26798248 -1.42988658
0.65826875 -14.26798248 -1.42568266
0.52994442 -14.26798248 -1.43730271
0.29686806 -14.26798248 -1.44827700
0.15290615 -14.26798248 -1.41637027
0.04178372 -14.26798248 -1.23313034
-0.09926425 -14.26798248 -1.11810267
-0.06552599 -14.26798248 -0.98810780
-0.01381261 -14.26798248 -0.83780777
0.05317845 -14.26798248 -0.70864302
0.12569252 -14.26798248 -0.49479374
0.14705560 -14.26798248 -0.38704801
0.17093042 -14.26798248 -0.31545353
0.14811866 -14.26798248 -0.13759346
0.22133228 -14.26798248 -0.07032418
0.19005039 -14.26798248 0.04274492
0.29502591 -14.26798248 0.18775928
0.40569165 -14.26798248 0.23485437
0.54892004 -14.26798248 0.33768648
0.63399816 -14.26798248 0.44984120
0.79057771 -14.26798248 0.53269243
0.93280476 -14.26798248 0.55210167
1.36623883 -14.26798248 0.49976432
1.43408239 -14.26798248 0.54134619
1.56305063 -14.26798248 0.53892952
1.73960996 -14.26798248 0.52202004
1.83337069 -14.26798248 0.41475472
0.42089841 -14.26798248 -1.43621755
-0.07037250 -14.26798248 -1.19417548
0.08886360 -14.26798248 -0.58133900
0.20817073 -14.26798248 0.11818255
0.49407017 -14.26798248 0.31137055
0.68378752 -14.26798248 0.48975596
1.92737257 -14.26798248 0.40575457
1.98839271 -14.26798248 0.36813179
2.05122733 -14.26798248 0.33915919
2.11318541 -14.26798248 0.24049945
2.24081659 -14.26798248 0.15012564
2.48349547 -14.26798248 -0.04054996
2.55377436 -14.26798248 -0.14530271
2.63786626 -14.26798248 -0.27424490
2.73930669 -14.26798248 -0.40549093
2.77351427 -14.26798248 -0.54339111
2.77737260 -14.26798248 -0.64730185
2.76602411 -14.26798248 -0.75534916
2.69119215 -14.26798248 -0.97202116
2.58095074 -14.26798248 -1.08192205
2.44745469 -14.26798248 -1.25068748
2.38383412 -14.26798248 -1.31688166
2.28545761 -14.26798248 -1.36634493
2.11772537 -14.26798248 -1.38835776
1.96246982 -14.26798248 -1.40196836
1.83455980 -14.26798248 -1.39724195
1.69756937 -14.26798248 -1.39957738
1.59728980 -14.26798248 -1.39232266
1.47958982 -14.26798248 -1.41551960
2.36918235 -14.26798248 0.05230225
