3.05377364 -83.15653229 -1.37028790
2.89718747 -83.15653229 -1.40564239
2.73263168 -83.15653229 -1.41775405
2.57841420 -83.15653229 -1.42269468
0.22312987 -83.15653229 -1.34038651
0.15532430 -83.15653229 -0.68579984
0.09196332 -83.15653229 -0.48085770
-0.00834026 -83.15653229 -0.16267566
0.16674426 -83.15653229 0.43967599
0.42539525 -83.16652679 1.01607382
0.34883854 -83.16652679 0.69271797
0.21010657 -83.16652679 0.51243454
0.06473171 -83.16652679 0.24733511
0.03799810 -83.16652679 0.11802390
-0.03684201 -83.16652679 -0.06977011
0.01234563 -83.16652679 -0.25031298
0.13313769 -83.16652679 -0.55141592
0.17464261 -83.16652679 -0.78355122
0.13762985 -83.16652679 -1.07536530
0.17655219 -83.16652679 -1.22154498
0.25130451 -83.16652679 -1.40960073
0.26361468 -83.16652679 -1.46850598
0.40373430 -83.16652679 -1.47203219
0.58805257 -83.16652679 -1.50082159
0.78310448 -83.16652679 -1.49246597
1.04031134 -83.16652679 -1.51834321
1.16526151 -83.16652679 -1.53142035
1.28529501 -83.16652679 -1.53329229
1.38165581 -83.16652679 -1.53374624
1.49718750 -83.16652679 -1.53208280
1.58819807 -83.16652679 -1.53444338
1.73785424 -83.16652679 -1.50277126
1.98387015 -83.16652679 -1.47030342
2.08901715 -83.16652679 -1.46406758
2.17693162 -83.16652679 -1.45381141
2.27964306 -83.16652679 -1.44346392
2.38312817 -83.16652679 -1.43714964
2.49733973 -83.16652679 -1.43023860
2.64035535 -83.16652679 -1.41724896
2.81039238 -83.16652679 -1.41901684
2.98246074 -83.16652679 -1.39273906
3.14181304 -83.16652679 -1.34377575
3.23622203 -83.16652679 -1.24836850
3.31940794 -83.16652679 -1.13286400
3.44945812 -83.16652679 -0.97403836
3.58743525 -83.16652679 -0.84020293
3.70389605 -83.16652679 -0.72808295
1.85208511 -83.16652679 -1.48488748
0.92650092 -83.16652679 -1.50947857
0.13620210 -83.16652679 -0.95967770
0.02437021 -83.16652679 -0.39175555
-0.05230275 -83.16652679 0.05187379
0.31309527 -83.16652679 0.64062011
0.54442716 -83.16652679 1.11205912
0.65720654 -83.16652679 1.13841534
1.81075823 -83.16652679 1.21395123
1.89243269 -83.16652679 1.17148983
2.15059733 -83.16652679 1.11099398
2.28858948 -83.16652679 1.11378431
2.33542037 -83.16652679 1.06771946
2.55590343 -83.16652679 0.94977707
2.71084809 -83.16652679 0.88915956
2.80840015 -83.16652679 0.86366981
2.94906425 -83.16652679 0.77840513
3.12843823 -83.16652679 0.69438529
3.30136728 -83.16652679 0.55506754
3.36138225 -83.16652679 0.32478222
3.41923022 -83.16652679 0.23361103
3.53880191 -83.16652679 0.13110042
3.64885426 -83.16652679 -0.16462635
3.70763612 -83.16652679 -0.23049845
3.91731882 -83.16652679 -0.55410939
0.79016566 -83.16652679 1.16143119
0.97929794 -83.16652679 1.18837357
1.16419470 -83.16652679 1.14038885
1.31854558 -83.16652679 1.18679023
1.55136311 -83.16652679 1.24033272
1.64203119 -83.16652679 1.27930295
