1.78794289 4.72161102 -0.99095589
1.59358883 4.72161102 -0.98019320
0.54363394 4.72161102 0.35478061
1.61447906 4.72161102 0.53297585
0.34018764 4.71161652 -0.78311187
0.33683899 4.71161652 -0.70972735
0.37654218 4.71161652 -0.61444038
0.36637360 4.71161652 -0.50472021
0.36280882 4.71161652 -0.42985213
0.31990904 4.71161652 -0.30952969
0.29247990 4.71161652 -0.24345414
0.26242334 4.71161652 -0.13212039
0.34754896 4.71161652 -0.04823376
0.36919513 4.71161652 0.05229031
0.40989125 4.71161652 0.10738181
0.43738285 4.71161652 0.18362816
0.44380471 4.71161652 0.26078504
0.49798390 4.71161652 0.31469059
0.67784172 4.71161652 0.47903600
1.54123902 4.71161652 0.53667891
2.69039750 4.71161652 0.39753315
2.78139067 4.71161652 0.23238543
2.83907914 4.71161652 0.12826653
2.87292528 4.71161652 0.06009034
2.89231420 4.71161652 -0.06470339
2.90320444 4.71161652 -0.13614297
2.92598939 4.71161652 -0.31081250
2.90482116 4.71161652 -0.51791310
2.89729500 4.71161652 -0.60324979
2.90340781 4.71161652 -0.67315829
2.93047786 4.71161652 -0.73413861
2.96069670 4.71161652 -0.88547140
2.95163321 4.71161652 -0.99167198
2.92360306 4.71161652 -1.06234026
1.68059993 4.71161652 -0.97704220
2.52517724 4.71161652 0.48000300
2.42847681 4.71161652 0.47466567
2.63611412 4.71161652 0.47583005
2.75075746 4.71161652 0.32551941
2.89895749 4.71161652 -0.20072259
2.93261170 4.71161652 -0.42422161
0.33808586 4.71161652 -0.90269834
0.58910125 4.71161652 0.43937662
