2.47473884 29.68108368 -0.92448735
2.03953934 29.68108368 0.60687757
1.61383104 29.67108917 0.60282278
1.46651757 29.67108917 0.61793101
1.38980246 29.67108917 0.64188492
1.31778705 29.67108917 0.66162223
1.22865021 29.67108917 0.67799991
1.06463587 29.67108917 0.72315955
1.14909637 29.67108917 0.68629855
0.99132967 29.67108917 0.71993375
0.89709091 29.67108917 0.67433715
0.71238822 29.67108917 0.62114614
0.79301441 29.67108917 0.64453846
0.65219617 29.67108917 0.59066194
0.60905606 29.67108917 0.54316217
0.49599573 29.67108917 0.41436645
0.40920755 29.67108917 0.32189125
0.36672336 29.67108917 0.27839258
0.34322444 29.67108917 0.17100225
0.37227520 29.67108917 0.10367679
0.38269421 29.67108917 0.00827651
0.34077898 29.67108917 -0.10773286
0.33913058 29.67108917 -0.28932133
0.33795619 29.67108917 -0.39644757
0.33713916 29.67108917 -0.49347934
0.33619255 29.67108917 -0.62375951
0.33494478 29.67108917 -0.76954579
0.34468532 29.67108917 -0.91015631
0.33487707 29.67108917 -1.09296620
0.33011049 29.67108917 -1.31350482
0.43278849 29.67108917 -1.36763322
0.59777814 29.67108917 -1.39388311
0.76803863 29.67108917 -1.40733159
0.90755731 29.67108917 -1.42588758
1.05938160 29.67108917 -1.41756666
1.16867483 29.67108917 -1.42467976
1.30088854 29.67108917 -1.41959405
1.46384418 29.67108917 -1.42076898
1.36669576 29.67108917 -1.41914141
1.58586740 29.67108917 -1.42009270
1.76244891 29.67108917 -1.41803563
1.65824783 29.67108917 -1.42070937
1.89679384 29.67108917 -1.41819048
1.97492743 29.67108917 -1.41396451
2.12219834 29.67108917 -1.40686190
2.27097034 29.67108917 -1.40458810
2.18376088 29.67108917 -1.39684689
2.36857367 29.67108917 -1.37138820
2.41763663 29.67108917 -1.32797933
2.43555045 29.67108917 -1.13860440
2.43526196 29.67108917 -1.26548803
2.46133447 29.67108917 -0.98665452
2.44366622 29.67108917 -1.07106769
2.49536109 29.67108917 -0.82109094
2.51343179 29.67108917 -0.72694391
2.53894877 29.67108917 -0.65586537
2.55335808 29.67108917 -0.54488796
2.53314304 29.67108917 -0.43244889
2.52359986 29.67108917 -0.31556797
2.53295445 29.67108917 -0.20914750
2.53928423 29.67108917 -0.09821890
2.54407001 29.67108917 0.03901000
2.54662251 29.67108917 -0.03481910
2.55673361 29.67108917 0.10961638
2.52905178 29.67108917 0.18350653
2.48972845 29.67108917 0.24480774
2.37949610 29.67108917 0.40267530
2.42542267 29.67108917 0.32050902
2.30535555 29.67108917 0.47076356
2.19955516 29.67108917 0.55643404
2.12099671 29.67108917 0.58698934
1.97474349 29.67108917 0.60858023
1.88666499 29.67108917 0.60697997
1.80455518 29.67108917 0.59282947
1.74511802 29.67108917 0.60893530
1.67402899 29.67108917 0.59956557
1.52729857 29.67108917 0.60741442
