0.18895154 -67.29686737 -0.37446532
0.17771357 -67.29686737 -0.50675911
0.16344687 -67.29686737 -0.80398941
1.88965285 -67.29686737 0.67872834
1.17952979 -67.30686188 0.67997736
1.12763882 -67.30686188 0.64269722
0.95684832 -67.30686188 0.64136124
0.88161558 -67.30686188 0.60471493
0.73555624 -67.30686188 0.57961082
0.66557294 -67.30686188 0.54457611
0.60531318 -67.30686188 0.49580923
0.55226994 -67.30686188 0.43987989
0.47060323 -67.30686188 0.36397758
0.36395878 -67.30686188 0.21485814
0.27576452 -67.30686188 0.05882706
0.25773302 -67.30686188 -0.04631026
0.25205538 -67.30686188 -0.11451382
0.23084109 -67.30686188 -0.18699576
0.19939469 -67.30686188 -0.30736613
0.18211536 -67.30686188 -0.43883657
0.17327969 -67.30686188 -0.57534212
0.15798087 -67.30686188 -0.72951090
0.18510686 -67.30686188 -0.65262926
0.16311847 -67.30686188 -0.94566405
0.16586176 -67.30686188 -0.86755669
0.25089508 -67.30686188 -1.10405874
0.23427965 -67.30686188 -1.02835500
0.27554628 -67.30686188 -1.26708770
0.25184169 -67.30686188 -1.18584836
0.35553268 -67.30686188 -1.31167376
0.50731862 -67.30686188 -1.38789928
0.66585159 -67.30686188 -1.42938554
0.59352440 -67.30686188 -1.41952157
0.79624403 -67.30686188 -1.46038663
0.72835177 -67.30686188 -1.44423509
0.93181217 -67.30686188 -1.47814369
0.86317527 -67.30686188 -1.47170222
1.07398295 -67.30686188 -1.47007298
1.00694025 -67.30686188 -1.47230029
1.25084758 -67.30686188 -1.48314941
1.16242051 -67.30686188 -1.47795010
1.33744621 -67.30686188 -1.48231757
1.52133024 -67.30686188 -1.47717834
1.45709288 -67.30686188 -1.47941601
1.59450889 -67.30686188 -1.48037100
1.81815779 -67.30686188 -1.45833135
1.71142673 -67.30686188 -1.46687424
1.95710337 -67.30686188 -1.45925796
1.89508545 -67.30686188 -1.46081614
2.12595177 -67.30686188 -1.43024874
2.05577850 -67.30686188 -1.44573295
2.18874788 -67.30686188 -1.41456068
2.33264017 -67.30686188 -1.37188315
2.38271499 -67.30686188 -1.05870795
2.36585689 -67.30686188 -1.12071180
2.41097879 -67.30686188 -0.97669649
2.38753676 -67.30686188 -0.85800296
2.45648527 -67.30686188 -0.74029702
2.50436664 -67.30686188 -0.62393039
2.51565552 -67.30686188 -0.54129446
2.54725838 -67.30686188 -0.38297758
2.55435586 -67.30686188 -0.29387087
2.51637959 -67.30686188 -0.12450021
2.51193452 -67.30686188 0.07458021
2.51888442 -67.30686188 0.20379290
2.45002770 -67.30686188 0.30054605
2.37417769 -67.30686188 0.38480145
2.29908180 -67.30686188 0.54449195
2.14366484 -67.30686188 0.65468657
2.01517129 -67.30686188 0.70183402
1.73040020 -67.30686188 0.73823577
1.64999807 -67.30686188 0.75553513
1.58609903 -67.30686188 0.76818776
1.51928866 -67.30686188 0.73135781
1.41032934 -67.30686188 0.69843131
1.33525920 -67.30686188 0.72322881
1.23771858 -67.30686188 0.69917887
1.05904436 -67.30686188 0.60398281
0.79760820 -67.30686188 0.63462365
0.41717196 -67.30686188 0.31713581
0.29620600 -67.30686188 0.15857840
0.41910273 -67.30686188 -1.36527860
2.26653981 -67.30686188 -1.39526725
2.52966905 -67.30686188 -0.46433023
2.52346992 -67.30686188 -0.20346346
2.25246358 -67.30686188 0.63864696
1.80807805 -67.30686188 0.69480699
