0.41539639 -31.67761993 -1.16391098
3.51994133 -31.67761993 0.99304527
2.39935970 -31.67761993 0.96366990
0.59644490 -31.68761444 0.35682482
0.69152945 -31.68761444 0.43764514
0.54007900 -31.68761444 0.25281531
0.47869372 -31.68761444 0.14200395
0.41701269 -31.68761444 0.02388677
0.39501435 -31.68761444 -0.06951623
0.42403635 -31.68761444 -0.35141638
0.41937950 -31.68761444 -0.24129030
0.40564215 -31.68761444 -0.49897522
0.38571665 -31.68761444 -0.65197361
0.37374902 -31.68761444 -0.82687062
0.38697720 -31.68761444 -0.94926834
0.43515408 -31.68761444 -1.32369661
0.44331044 -31.68761444 -1.21625364
0.67394865 -31.68761444 -1.45502770
0.86126065 -31.68761444 -1.45041227
1.04897225 -31.68761444 -1.45625782
1.23831105 -31.68761444 -1.44893312
1.34700119 -31.68761444 -1.46241450
1.52162194 -31.68761444 -1.45734453
1.64595807 -31.68761444 -1.44201970
1.78469110 -31.68761444 -1.44210196
2.00656557 -31.68761444 -1.43448913
2.12872863 -31.68761444 -1.43636703
2.29817891 -31.68761444 -1.44494724
2.43785477 -31.68761444 -1.45892441
2.60949898 -31.68761444 -1.46530521
2.68117571 -31.68761444 -1.46493888
3.43264198 -31.68761444 -1.50958097
2.80294704 -31.68761444 -1.47582364
3.52117562 -31.68761444 -1.49412513
3.55942273 -31.68761444 -1.36396241
3.72289300 -31.68761444 -1.03396726
3.62428141 -31.68761444 -1.28780854
3.74468684 -31.68761444 -0.96835095
3.89336491 -31.68761444 -0.77991986
3.76559067 -31.68761444 -0.89478123
3.85017085 -31.68761444 -0.60468870
3.90975046 -31.68761444 -0.38180295
3.87118196 -31.68761444 -0.52888781
3.82825255 -31.68761444 -0.08796338
3.89785242 -31.68761444 -0.31839201
3.85845780 -31.68761444 0.06990547
3.79338622 -31.68761444 0.26628116
3.85144401 -31.68761444 0.14693506
3.77048945 -31.68761444 0.58389801
3.77940202 -31.68761444 0.33429074
3.68887901 -31.68761444 0.73040515
3.73661089 -31.68761444 0.63492203
3.61813164 -31.68761444 0.90692490
3.46625900 -31.68761444 1.01827240
3.09966779 -31.68761444 1.07534575
3.27317333 -31.68761444 1.07694137
2.85182166 -31.68761444 1.09198844
3.01032877 -31.68761444 1.09024024
2.74184132 -31.68761444 1.08505857
2.65886211 -31.68761444 1.05898881
2.51910520 -31.68761444 1.02333295
2.34136295 -31.68761444 0.94865966
2.22585201 -31.68761444 0.90449220
1.99621880 -31.68761444 0.83402991
2.05487466 -31.68761444 0.81960064
0.84005576 -31.68761444 0.49441808
0.77960056 -31.68761444 0.50640094
0.71494269 -31.68761444 0.49798578
0.44081050 -31.68761444 -1.45995378
2.11283731 -31.68761444 0.85995609
