1.10685897 -32.71759796 -1.10468221
3.29879379 -32.71759796 0.16564205
3.28530979 -32.71759796 -1.00547886
2.71597171 -32.71759796 -1.29594970
0.42250839 -32.71759796 -0.88385457
0.45571059 -32.71759796 0.12996228
0.75868678 -32.71759796 0.42553031
0.95092881 -32.71759796 0.44967708
1.28231943 -32.71759796 0.53791165
2.22963190 -32.72759247 0.70979804
2.31425309 -32.72759247 0.71871310
2.41912532 -32.72759247 0.75924224
2.48121953 -32.72759247 0.72099340
2.62263751 -32.72759247 0.70770085
2.71710539 -32.72759247 0.70011818
2.86681604 -32.72759247 0.65033680
3.02916479 -32.72759247 0.60689050
3.14611983 -32.72759247 0.41533324
3.20120549 -32.72759247 0.32628924
3.25246835 -32.72759247 0.22076122
3.39118457 -32.72759247 -0.01836245
3.37848234 -32.72759247 -0.31633341
3.41898108 -32.72759247 -0.42633399
3.38966060 -32.72759247 -0.56618983
3.38599777 -32.72759247 -0.75724280
3.33822107 -32.72759247 -0.88974917
3.30691743 -32.72759247 -0.94211674
3.20593452 -32.72759247 -1.18827891
3.15500569 -32.72759247 -1.32331884
3.08880782 -32.72759247 -1.33950555
1.17404199 -32.72759247 -1.11190641
0.68374544 -32.72759247 -1.08293962
0.40892020 -32.72759247 -1.05332160
0.41352484 -32.72759247 -0.96270227
0.45870972 -32.72759247 -0.76525217
0.45813632 -32.72759247 -0.68973923
0.45591417 -32.72759247 -0.57524347
0.45342922 -32.72759247 -0.41240010
0.44523922 -32.72759247 -0.35252175
0.42263526 -32.72759247 -0.16087517
0.42079812 -32.72759247 -0.04639273
0.44378310 -32.72759247 0.05763007
0.47866416 -32.72759247 0.20054819
0.53489000 -32.72759247 0.28207171
0.58682948 -32.72759247 0.33834356
0.69413948 -32.72759247 0.40515167
0.89291561 -32.72759247 0.43344674
1.03970861 -32.72759247 0.46395800
1.09947217 -32.72759247 0.47322750
1.18633294 -32.72759247 0.47685114
1.72625589 -32.72759247 0.79610991
1.80965388 -32.72759247 0.77853280
1.91621423 -32.72759247 0.72560054
2.02023697 -32.72759247 0.72596979
2.12461495 -32.72759247 0.75526500
3.32967472 -32.72759247 0.08470354
3.38839340 -32.72759247 -0.10972355
0.41891107 -32.72759247 -0.22115235
