1.22561705 32.02103424 -1.45689344
0.77016181 32.02103424 -1.43923402
0.40743083 32.02103424 -1.41441143
0.24182366 32.02103424 -1.20793629
0.28700557 32.02103424 -0.80195707
0.32098705 32.02103424 -0.06529041
0.35672352 32.02103424 0.06103329
2.09262109 32.02103424 0.66217440
1.68991148 32.02103424 0.59978145
1.57007039 32.01103973 0.60863835
1.63059032 32.01103973 0.59509408
1.74275362 32.01103973 0.64302385
1.81292152 32.01103973 0.65736037
1.87194431 32.01103973 0.64399016
1.94465995 32.01103973 0.63589078
2.03189516 32.01103973 0.64248168
2.17586780 32.01103973 0.69274724
2.29545879 32.01103973 0.69323695
2.42006755 32.01103973 0.65652192
2.53444171 32.01103973 0.53783542
2.57065105 32.01103973 0.46602568
2.58224010 32.01103973 0.39970702
2.57362175 32.01103973 0.29410839
2.57054567 32.01103973 0.18459041
2.58820987 32.01103973 -0.03165046
2.59583449 32.01103973 -0.12162757
2.59035325 32.01103973 -0.20613806
2.56997705 32.01103973 -0.29040682
2.55300331 32.01103973 -0.42541984
2.51486063 32.01103973 -0.53288180
2.50854635 32.01103973 -0.61362505
2.49913311 32.01103973 -0.73074341
2.50623131 32.01103973 -0.88249904
2.50563741 32.01103973 -0.98122585
2.50469232 32.01103973 -1.05159605
2.46916723 32.01103973 -1.20478570
2.42604017 32.01103973 -1.28408515
2.40633106 32.01103973 -1.35927534
2.32998276 32.01103973 -1.42989874
2.25453234 32.01103973 -1.42962468
2.17716885 32.01103973 -1.42932904
2.11154199 32.01103973 -1.44485497
2.03643155 32.01103973 -1.45813429
1.92031610 32.01103973 -1.46655619
1.85081017 32.01103973 -1.46728504
1.78737307 32.01103973 -1.46728504
1.71241260 32.01103973 -1.47309744
1.65139377 32.01103973 -1.47443473
1.52832496 32.01103973 -1.46073043
1.41781759 32.01103973 -1.45525372
1.28813052 32.01103973 -1.45706320
1.16590488 32.01103973 -1.45507801
1.04387319 32.01103973 -1.44030380
0.87090540 32.01103973 -1.44400740
0.70554310 32.01103973 -1.43636596
0.53034288 32.01103973 -1.42625356
0.34539214 32.01103973 -1.40914440
0.26176658 32.01103973 -1.37097418
0.26786396 32.01103973 -1.26800323
0.20850965 32.01103973 -1.09677839
0.22218905 32.01103973 -1.03565192
0.27908039 32.01103973 -0.86106360
0.31548843 32.01103973 -0.68730152
0.35367072 32.01103973 -0.62541872
0.35932496 32.01103973 -0.53198969
0.31971079 32.01103973 -0.34570599
0.32071915 32.01103973 -0.28394246
0.31440657 32.01103973 -0.21134338
0.32606837 32.01103973 -0.12692654
0.33290052 32.01103973 0.00355764
0.39558330 32.01103973 0.15350039
0.45804530 32.01103973 0.36504126
0.48519236 32.01103973 0.47926578
0.50997186 32.01103973 0.54298705
0.55350173 32.01103973 0.64907736
0.55971980 32.01103973 0.74966180
0.63076448 32.01103973 0.71896505
0.74828511 32.01103973 0.67940927
0.86438566 32.01103973 0.70093757
0.93665916 32.01103973 0.68458778
1.03640521 32.01103973 0.68119556
1.11864078 32.01103973 0.68413669
1.19902658 32.01103973 0.64912444
1.27512252 32.01103973 0.65020359
1.34483969 32.01103973 0.66054952
1.43860090 32.01103973 0.60798109
1.50464320 32.01103973 0.61707085
0.40539595 32.01103973 0.21768782
2.57518888 32.01103973 0.11872062
