1.40040517 75.96010590 0.49796465
0.71061271 75.95011139 0.43777329
0.83876806 75.95011139 0.45914471
0.93745506 75.95011139 0.48075092
1.10312808 75.95011139 0.48982435
1.18591094 75.95011139 0.49208859
1.33892989 75.95011139 0.49583796
1.46820164 75.95011139 0.49764103
1.57875824 75.95011139 0.49071452
1.71348286 75.95011139 0.45054063
1.78715682 75.95011139 0.47544113
1.85714579 75.95011139 0.48345241
1.92534411 75.95011139 0.43800527
1.94928885 75.95011139 0.37847590
2.01316381 75.95011139 0.27700794
2.04735851 75.95011139 0.19712432
2.08448696 75.95011139 0.13072847
2.12328410 75.95011139 0.03060098
2.14657664 75.95011139 -0.08923544
2.15979028 75.95011139 -0.15462111
2.16080379 75.95011139 -0.22033723
2.16607404 75.95011139 -0.29929763
2.17666864 75.95011139 -0.36018500
2.20693684 75.95011139 -0.44719350
2.23391747 75.95011139 -0.53710449
2.22552776 75.95011139 -0.61116594
2.21064138 75.95011139 -0.69983155
2.22590899 75.95011139 -0.78173178
2.21829343 75.95011139 -0.87231880
2.19104958 75.95011139 -1.00735700
2.15586185 75.95011139 -1.05720842
2.15603137 75.95011139 -1.12254488
2.13749480 75.95011139 -1.34299254
2.08695197 75.95011139 -1.38009417
2.07048059 75.95011139 -1.44021678
1.99492359 75.95011139 -1.47668815
1.89069986 75.95011139 -1.51546776
1.77605653 75.95011139 -1.53078091
1.67693949 75.95011139 -1.54144430
1.58404469 75.95011139 -1.54923534
1.48868024 75.95011139 -1.53668272
1.39865327 75.95011139 -1.53110874
1.33181798 75.95011139 -1.53735363
1.25971770 75.95011139 -1.54268515
1.19310260 75.95011139 -1.54106641
1.10626781 75.95011139 -1.54235268
1.02233994 75.95011139 -1.54592133
0.95462495 75.95011139 -1.55155039
0.86371660 75.95011139 -1.55179715
0.78459948 75.95011139 -1.55733728
0.70349377 75.95011139 -1.55641222
0.60494083 75.95011139 -1.56419492
0.49481434 75.95011139 -1.57251132
0.34468433 75.95011139 -1.56802130
0.19546406 75.95011139 -1.56543148
0.08151291 75.95011139 -1.53867638
0.00582099 75.95011139 -1.46029210
-0.04589498 75.95011139 -1.37853456
-0.10069557 75.95011139 -1.25773120
-0.09425320 75.95011139 -1.13141143
-0.09564928 75.95011139 -1.01723099
-0.10292789 75.95011139 -0.82194811
-0.09790039 75.95011139 -0.69877350
-0.09423041 75.95011139 -0.59476590
-0.05810726 75.95011139 -0.46722665
0.02369965 75.95011139 -0.26254067
0.03497031 75.95011139 -0.14883628
0.03612898 75.95011139 0.00289434
0.08179877 75.95011139 0.15133822
0.12214710 75.95011139 0.19713831
0.24933895 75.95011139 0.31548700
0.29041350 75.95011139 0.38778877
0.41039628 75.95011139 0.42657813
0.55235660 75.95011139 0.43217292
0.64798790 75.95011139 0.45247054
2.19134378 75.95011139 -1.25033236
