2.08683491 82.71996307 0.18729006
2.02287126 82.71996307 -1.46463764
1.90472651 82.70996857 0.48746750
2.01970768 82.70996857 0.51402092
2.05670810 82.70996857 0.40287882
2.08554244 82.70996857 0.27113727
2.10549068 82.70996857 0.12811032
2.10166121 82.70996857 -0.00155352
2.12400150 82.70996857 -0.12692329
2.13777542 82.70996857 -0.20682420
2.13974476 82.70996857 -0.30653873
2.13817167 82.70996857 -0.41588295
2.14627910 82.70996857 -0.48020500
2.16425085 82.70996857 -0.54701543
2.13837624 82.70996857 -0.73442769
2.13535619 82.70996857 -0.84926176
2.09789848 82.70996857 -0.99729073
2.09783840 82.70996857 -1.11374784
2.09421301 82.70996857 -1.19198966
2.08624125 82.70996857 -1.25653684
2.03423071 82.70996857 -1.37267280
2.02869129 82.70996857 -1.52590835
1.91305792 82.70996857 -1.55496955
1.74799991 82.70996857 -1.59687138
1.56765378 82.70996857 -1.60070825
1.50606418 82.70996857 -1.59397745
1.24678791 82.70996857 -1.62375021
1.14413643 82.70996857 -1.61424410
1.02628529 82.70996857 -1.59136486
0.88136405 82.70996857 -1.61562312
0.79055297 82.70996857 -1.61604083
0.68476886 82.70996857 -1.61609149
0.58277607 82.70996857 -1.61594284
0.44685891 82.70996857 -1.60242116
0.22153758 82.70996857 -1.58047211
0.09068304 82.70996857 -1.57555282
-0.03939285 82.70996857 -1.56186604
-0.13604861 82.70996857 -1.51991272
-0.14799494 82.70996857 -1.44835091
-0.23219341 82.70996857 -1.16513813
-0.23160107 82.70996857 -1.07443738
-0.23473394 82.70996857 -0.95040840
-0.19178292 82.70996857 -0.82627982
-0.11430436 82.70996857 -0.70534688
-0.16333537 82.70996857 -0.60027528
-0.14655966 82.70996857 -0.48332432
-0.13346706 82.70996857 -0.38175640
-0.11177185 82.70996857 -0.24642198
-0.08654710 82.70996857 -0.16341323
-0.04879811 82.70996857 -0.04460577
-0.00588519 82.70996857 0.08943614
0.01414396 82.70996857 0.16359170
-0.01061756 82.70996857 0.37788668
0.01206216 82.70996857 0.51420832
0.19553187 82.70996857 0.54719573
0.29135698 82.70996857 0.57028502
0.42228380 82.70996857 0.57394093
0.54423106 82.70996857 0.56689954
0.65639591 82.70996857 0.58151066
0.78825951 82.70996857 0.62176496
0.85367340 82.70996857 0.61633545
1.03497231 82.70996857 0.54964066
1.13374281 82.70996857 0.56105232
1.23182619 82.70996857 0.58930111
1.29871392 82.70996857 0.59691620
1.36949432 82.70996857 0.58070374
1.53003967 82.70996857 0.54672968
1.59523153 82.70996857 0.53613943
1.66168714 82.70996857 0.53811055
1.74804246 82.70996857 0.54283327
1.82488358 82.70996857 0.54281008
2.14282203 82.70996857 -0.66465515
1.38406491 82.70996857 -1.61151302
-0.19226074 82.70996857 -1.26961243
