1.37115872 64.00035858 0.68327355
0.78562510 63.99036407 0.57347327
0.70335186 63.99036407 0.53522539
0.57420278 63.99036407 0.55687332
0.63536310 63.99036407 0.54122388
0.39098498 63.99036407 0.54606646
0.47460204 63.99036407 0.55104488
0.32389283 63.99036407 0.54195064
0.14837055 63.99036407 0.50386262
0.24990129 63.99036407 0.53016973
0.03860864 63.99036407 0.47102916
-0.04797155 63.99036407 0.40287560
-0.06156846 63.99036407 0.24022396
-0.05943544 63.99036407 0.32876012
-0.08348402 63.99036407 0.17999062
-0.11288903 63.99036407 0.08465358
-0.14348224 63.99036407 -0.07898035
-0.11675470 63.99036407 0.00259333
-0.14144486 63.99036407 -0.18576597
-0.04839625 63.99036407 -0.39165655
-0.09162690 63.99036407 -0.31162581
-0.01406319 63.99036407 -0.46311486
0.02253337 63.99036407 -0.65267891
0.00925024 63.99036407 -0.58778208
0.05405773 63.99036407 -0.73192894
0.07305783 63.99036407 -0.86272353
0.07413326 63.99036407 -1.04354942
0.07160196 63.99036407 -0.96634358
0.06658144 63.99036407 -1.21218824
0.07504276 63.99036407 -1.11372542
0.08204541 63.99036407 -1.37670398
0.08800385 63.99036407 -1.27274501
0.19176900 63.99036407 -1.48529041
0.09919371 63.99036407 -1.47929800
0.37856922 63.99036407 -1.48738503
0.28827587 63.99036407 -1.48535609
0.54705691 63.99036407 -1.50990272
0.45775497 63.99036407 -1.49740851
0.67669356 63.99036407 -1.50636768
0.60897923 63.99036407 -1.50903571
0.82559890 63.99036407 -1.49809206
0.76195323 63.99036407 -1.50282013
0.89376485 63.99036407 -1.48927271
1.02162111 63.99036407 -1.49024129
1.13260138 63.99036407 -1.49277866
1.34206688 63.99036407 -1.49284112
1.27162719 63.99036407 -1.49360001
1.51882422 63.99036407 -1.50292325
1.44672668 63.99036407 -1.50373006
1.59610128 63.99036407 -1.50619662
1.70890462 63.99036407 -1.49068129
1.82773578 63.99036407 -1.47422338
1.91141677 63.99036407 -1.48264539
2.03034306 63.99036407 -1.50000000
2.13658309 63.99036407 -1.36884296
2.10470176 63.99036407 -1.17407012
2.10351682 63.99036407 -1.01552629
2.13799953 63.99036407 -0.91668922
2.14981222 63.99036407 -0.73953426
2.17420340 63.99036407 -0.68175757
2.16849351 63.99036407 -0.58693665
2.17835784 63.99036407 -0.50287056
2.16034675 63.99036407 -0.40685740
2.14881778 63.99036407 -0.32393062
2.18059707 63.99036407 -0.20851317
2.17674255 63.99036407 -0.14721589
2.17269421 63.99036407 -0.04246486
2.17984939 63.99036407 0.02528963
2.16457653 63.99036407 0.11535892
2.16373777 63.99036407 0.20186399
2.15805864 63.99036407 0.28615093
2.12054467 63.99036407 0.35190094
2.03774619 63.99036407 0.49430895
1.99726987 63.99036407 0.57850182
1.96108997 63.99036407 0.66042721
1.82032371 63.99036407 0.70081961
1.72939956 63.99036407 0.74570429
1.63200688 63.99036407 0.73611104
1.53919530 63.99036407 0.71905160
1.45248425 63.99036407 0.69639349
1.31405175 63.99036407 0.66044712
1.22922504 63.99036407 0.67030656
1.12996840 63.99036407 0.65488660
1.04320133 63.99036407 0.64095718
0.93083334 63.99036407 0.62365025
0.86860597 63.99036407 0.57207531
2.14365411 63.99036407 -1.47515309
2.08002543 63.99036407 0.43383789
