0.03655180 -81.85655975 -1.13378847
0.58060229 -81.85655975 -1.48219550
-0.01124308 -81.85655975 -0.70546573
1.67454159 -81.86655426 1.09624588
1.76162350 -81.86655426 1.09483230
1.92607975 -81.86655426 1.07946026
2.00778055 -81.86655426 1.07475090
2.06940293 -81.86655426 1.03011405
2.13309836 -81.86655426 1.01000178
2.19257522 -81.86655426 0.97616535
2.38991737 -81.86655426 0.92020971
2.46754193 -81.86655426 0.89037758
2.50593758 -81.86655426 0.79529589
2.59271073 -81.86655426 0.76479632
2.69109917 -81.86655426 0.74143404
2.72933817 -81.86655426 0.64887744
2.77083683 -81.86655426 0.58179134
2.88132358 -81.86655426 0.49115658
2.95293069 -81.86655426 0.40712589
2.98232245 -81.86655426 0.34704199
3.03089404 -81.86655426 0.29003477
3.15491772 -81.86655426 0.21700075
3.23877978 -81.86655426 0.08817803
3.25802159 -81.86655426 0.02854909
3.33298779 -81.86655426 -0.02904295
3.45843148 -81.86655426 -0.12277221
3.54293489 -81.86655426 -0.22455913
3.58815241 -81.86655426 -0.28797528
3.59844518 -81.86655426 -0.38285902
3.58270407 -81.86655426 -0.55027384
3.55879736 -81.86655426 -0.63824141
3.52119637 -81.86655426 -0.72268403
3.42319369 -81.86655426 -0.83865732
3.37084937 -81.86655426 -0.90308380
3.31442976 -81.86655426 -0.95070475
3.22156191 -81.86655426 -0.99816620
3.15143919 -81.86655426 -1.03736782
3.08543539 -81.86655426 -1.08809519
3.03825045 -81.86655426 -1.14847195
2.98263001 -81.86655426 -1.21476567
2.93629360 -81.86655426 -1.27336037
2.89963889 -81.86655426 -1.33977866
2.84909797 -81.86655426 -1.38172233
2.76089406 -81.86655426 -1.41840017
2.69898057 -81.86655426 -1.43527305
2.63393831 -81.86655426 -1.43998361
2.51252699 -81.86655426 -1.44772005
2.44446015 -81.86655426 -1.44653225
2.33998919 -81.86655426 -1.44663095
2.23959064 -81.86655426 -1.46310008
2.16248059 -81.86655426 -1.46956885
2.08940697 -81.86655426 -1.47762454
2.01859140 -81.86655426 -1.48327684
1.93297362 -81.86655426 -1.48855233
1.84561932 -81.86655426 -1.49307156
1.74346137 -81.86655426 -1.49760246
1.65011048 -81.86655426 -1.50564337
1.59182942 -81.86655426 -1.52347255
1.50303328 -81.86655426 -1.52746904
1.41198099 -81.86655426 -1.53076196
1.30656838 -81.86655426 -1.52932048
1.19864106 -81.86655426 -1.52802408
1.08604705 -81.86655426 -1.50904012
0.94752574 -81.86655426 -1.50314832
0.84818214 -81.86655426 -1.49113870
0.65068227 -81.86655426 -1.47696912
0.52204597 -81.86655426 -1.47033501
0.34774828 -81.86655426 -1.45452344
0.26357242 -81.86655426 -1.44733644
0.09377705 -81.86655426 -1.40751600
0.04939806 -81.86655426 -1.36339498
0.03143818 -81.86655426 -1.19292223
0.01422116 -81.86655426 -0.96889710
0.00496987 -81.86655426 -0.87981313
-0.00622818 -81.86655426 -0.77267015
-0.03211662 -81.86655426 -0.63834989
-0.00799481 -81.86655426 -0.44787261
0.02844579 -81.86655426 -0.37212569
0.03224461 -81.86655426 -0.26399392
0.07331938 -81.86655426 -0.18120158
0.10740674 -81.86655426 -0.10229930
0.12339827 -81.86655426 -0.03497060
0.18020646 -81.86655426 0.10425474
0.20063747 -81.86655426 0.24804033
0.27423254 -81.86655426 0.36871153
0.37102085 -81.86655426 0.50116736
0.36612907 -81.86655426 0.67804271
0.39955047 -81.86655426 0.75569451
0.44010475 -81.86655426 0.83576143
0.51665491 -81.86655426 0.93007100
0.59654665 -81.86655426 1.04407060
0.68920386 -81.86655426 1.08883214
0.75453150 -81.86655426 1.11047208
0.84257114 -81.86655426 1.13927698
0.93498623 -81.86655426 1.15102029
1.06982124 -81.86655426 1.17459631
1.25080788 -81.86655426 1.14201880
1.37414503 -81.86655426 1.16416132
1.42923021 -81.86655426 1.19531631
1.49587548 -81.86655426 1.20716739
1.58697629 -81.86655426 1.16549122
3.40195847 -81.86655426 -0.08740271
0.20631185 -81.86655426 0.18070979
1.01584268 -81.86655426 1.14316702
2.26437426 -81.86655426 0.95512640
