1.40075815 12.25145721 0.61513340
1.33568537 12.25145721 0.63184488
1.23627031 12.25145721 0.58262050
0.99334317 12.25145721 0.60142869
0.85320687 12.25145721 0.60538960
0.71665889 12.25145721 0.60465807
0.57551634 12.25145721 0.60130167
0.48051414 12.25145721 0.57908106
0.31192854 12.25145721 0.54332840
0.23423451 12.25145721 0.43605331
0.04611633 12.25145721 0.25943327
0.12785633 12.25145721 0.28617018
0.05439326 12.25145721 0.06871675
0.02231006 12.25145721 -0.08003148
0.01057176 12.25145721 -0.24213234
-0.03045540 12.25145721 -0.34383702
-0.04835650 12.25145721 -0.50708985
-0.05120817 12.25145721 -0.58507222
-0.02610039 12.25145721 -0.81054872
-0.02273624 12.25145721 -0.71786696
-0.03311670 12.25145721 -0.92774993
-0.02744532 12.25145721 -1.11953664
0.29993781 12.25145721 -1.36881065
0.16852412 12.25145721 -1.34447789
0.45267573 12.25145721 -1.36970592
0.55227810 12.25145721 -1.39059031
0.64109993 12.25145721 -1.39594221
0.78631103 12.25145721 -1.40670025
0.71764946 12.25145721 -1.40160263
0.86700273 12.25145721 -1.41497517
0.95990258 12.25145721 -1.41720212
1.06441641 12.25145721 -1.39436162
1.13641131 12.25145721 -1.43013465
1.22949123 12.25145721 -1.43721020
1.30189764 12.25145721 -1.43621683
1.38667929 12.25145721 -1.43822086
1.45224738 12.25145721 -1.43827260
1.52006292 12.25145721 -1.41917849
1.63941002 12.25145721 -1.41622114
1.78013349 12.25145721 -1.39637387
1.98821628 12.25145721 -1.42424965
2.17781305 12.25145721 -1.40471852
2.39018917 12.25145721 -1.36440110
2.59321642 12.25145721 -1.30123842
2.57227969 12.25145721 -1.22214329
2.58798814 12.25145721 -1.08431518
2.49569201 12.25145721 -0.78374416
2.54570746 12.25145721 -0.97649616
2.39068961 12.25145721 -0.49706599
2.43831038 12.25145721 -0.60004997
2.31057405 12.25145721 -0.35847849
2.25300980 12.25145721 -0.29655522
2.17458415 12.25145721 -0.25648090
2.06069779 12.25145721 -0.06778238
2.14451218 12.25145721 -0.19817889
2.02043939 12.25145721 0.04449496
1.95996106 12.25145721 0.18786225
1.67203879 12.25145721 0.42769137
1.55932248 12.25145721 0.51802135
1.76670277 12.25145721 0.35661450
1.94706655 12.25145721 0.25411040
0.00030489 12.25145721 -1.28002107
