2.10455704 -26.21773529 -1.42435336
2.24040461 -26.21773529 -1.40853930
1.67677271 -26.22772980 0.79132074
1.73807907 -26.22772980 0.79805517
1.50991058 -26.22772980 0.75845140
1.61318219 -26.22772980 0.76966494
1.26181889 -26.22772980 0.75263256
1.36462688 -26.22772980 0.76409471
1.15020406 -26.22772980 0.68483466
1.20156515 -26.22772980 0.73619062
1.08758163 -26.22772980 0.71017230
0.99160933 -26.22772980 0.71557373
0.80131626 -26.22772980 0.71039850
0.86532336 -26.22772980 0.71685278
0.74625975 -26.22772980 0.68563908
0.67644817 -26.22772980 0.64478701
0.58035183 -26.22772980 0.62411499
0.29986271 -26.22772980 0.57670403
0.38504931 -26.22772980 0.60408127
0.06596107 -26.22772980 0.52925092
0.20994458 -26.22772980 0.53425068
-0.00583805 -26.22772980 0.46539250
-0.02188218 -26.22772980 0.26535568
-0.01068917 -26.22772980 0.37566382
-0.00707324 -26.22772980 0.10234283
0.00484368 -26.22772980 0.20043968
0.06083322 -26.22772980 -0.01909834
0.05874332 -26.22772980 -0.09059549
0.08296373 -26.22772980 -0.26972789
0.10665014 -26.22772980 -0.33377266
0.09453586 -26.22772980 -0.47884330
0.18358432 -26.22772980 -0.72220057
0.11760397 -26.22772980 -0.65557241
0.18469973 -26.22772980 -0.84383023
0.18357456 -26.22772980 -0.95498806
0.16809167 -26.22772980 -1.08402693
0.14650886 -26.22772980 -1.21667230
0.26171425 -26.22772980 -1.42476368
0.20030427 -26.22772980 -1.31030333
0.42009407 -26.22772980 -1.46756947
0.57681072 -26.22772980 -1.45014298
0.70932144 -26.22772980 -1.44373262
0.81771779 -26.22772980 -1.44140339
0.92327136 -26.22772980 -1.44569576
1.02515411 -26.22772980 -1.44881046
1.11805463 -26.22772980 -1.44293559
1.27964699 -26.22772980 -1.43550265
1.43093216 -26.22772980 -1.43581402
1.35012174 -26.22772980 -1.43581951
1.54117954 -26.22772980 -1.43400598
1.60931325 -26.22772980 -1.42706585
1.69416082 -26.22772980 -1.41941977
1.81432307 -26.22772980 -1.43310046
1.91745293 -26.22772980 -1.42488110
2.04127693 -26.22772980 -1.42106891
2.17960620 -26.22772980 -1.41703260
2.30911613 -26.22772980 -1.39240992
2.38249040 -26.22772980 -1.35314131
2.44337463 -26.22772980 -1.33896887
2.47334456 -26.22772980 -1.26624155
2.56469488 -26.22772980 -1.14059901
2.54911852 -26.22772980 -1.20908606
2.52385855 -26.22772980 -0.96928567
2.52996373 -26.22772980 -1.05165803
2.50957322 -26.22772980 -0.91023910
2.53081417 -26.22772980 -0.77230680
2.47745490 -26.22772980 -0.62252194
2.49059892 -26.22772980 -0.49720731
2.49200606 -26.22772980 -0.39083844
2.48566318 -26.22772980 -0.22676182
2.50181031 -26.22772980 -0.30365065
2.49874568 -26.22772980 -0.16632441
2.48596764 -26.22772980 0.00765882
2.48089004 -26.22772980 -0.05431494
2.47902560 -26.22772980 0.07560827
2.49523830 -26.22772980 0.15361409
2.45322704 -26.22772980 0.25214311
2.26129532 -26.22772980 0.41169906
2.32759094 -26.22772980 0.32809535
2.13901448 -26.22772980 0.55843508
2.18022227 -26.22772980 0.51132417
2.05723453 -26.22772980 0.63815612
1.88908780 -26.22772980 0.78131062
1.81366706 -26.22772980 0.82138932
2.39921451 -26.22772980 0.27951631
