1.74582589 17.97133636 0.71649754
1.85149729 17.97133636 0.70620477
2.06981730 17.97133636 0.63721287
2.18968630 17.97133636 0.57395571
2.31496096 17.97133636 0.51429778
2.39736891 17.97133636 0.48342949
2.50914621 17.97133636 0.38132069
2.62782526 17.97133636 0.26787889
2.64805365 17.97133636 0.19078431
2.67888308 17.97133636 0.13466552
2.69435167 17.97133636 0.05721680
2.75930500 17.97133636 -0.06749261
2.77914691 17.97133636 -0.12664802
2.77121472 17.97133636 -0.19725260
2.78798461 17.97133636 -0.28447789
2.74434114 17.97133636 -0.45505103
2.75926638 17.97133636 -0.57720554
2.83147359 17.97133636 -0.63319826
2.84111977 17.97133636 -0.75792515
2.85736871 17.97133636 -0.86141801
2.84538150 17.97133636 -0.96606708
2.86906242 17.97133636 -1.08996809
2.87262464 17.97133636 -1.17666018
2.78749919 17.97133636 -1.20782745
2.69441748 17.97133636 -1.31884515
2.61891627 17.97133636 -1.35371971
2.50585628 17.97133636 -1.38794935
2.40703440 17.97133636 -1.39538205
2.25925803 17.97133636 -1.39406872
2.16425180 17.97133636 -1.38477111
2.05445933 17.97133636 -1.40692747
1.99290073 17.97133636 -1.40835452
1.92101800 17.97133636 -1.41102087
1.81776273 17.97133636 -1.40800595
1.63892996 17.97133636 -1.40383720
1.48268116 17.97133636 -1.40455747
1.38657272 17.97133636 -1.40798473
1.31262362 17.97133636 -1.41197121
1.18436074 17.97133636 -1.41215825
1.08487248 17.97133636 -1.40032864
0.90164429 17.97133636 -1.42453194
0.74091864 17.97133636 -1.41159189
0.57133371 17.97133636 -1.39714479
0.36555645 17.97133636 -1.36477196
0.15907322 17.97133636 -1.00797248
0.18839747 17.97133636 -0.95202124
0.22315772 17.97133636 -0.72216398
0.23159146 17.97133636 -0.58670354
0.22180818 17.97133636 -0.38177964
0.20027745 17.97133636 -0.25363460
0.15438543 17.97133636 -0.10494112
0.14005113 17.97133636 0.05273002
0.13281931 17.97133636 0.15268807
0.13609463 17.97133636 0.38512835
0.36781245 17.97133636 0.55139780
0.52431273 17.97133636 0.67775571
0.61460268 17.97133636 0.75112146
0.77155727 17.97133636 0.84463012
0.94214052 17.97133636 0.83738875
1.15257215 17.97133636 0.75757098
1.26639724 17.97133636 0.74794841
1.40824318 17.97133636 0.74593985
1.49706674 17.97133636 0.74900556
1.60544598 17.97133636 0.74544203
0.41533419 17.97133636 0.58892703
0.24115035 17.97133636 -1.30221295
1.92481124 17.97133636 0.68413031
