0.94357198 -27.78769684 -1.43872309
0.74383587 -27.78769684 -1.43750823
0.63026911 -27.78769684 -1.43196571
0.49453861 -27.78769684 -1.42287016
0.30576733 -27.78769684 -1.20782554
0.30137533 -27.78769684 -1.07027018
0.36721134 -27.78769684 -0.85958105
0.35224822 -27.78769684 -0.68824643
0.34858957 -27.78769684 -0.62605411
0.34652609 -27.78769684 -0.51441360
0.34351203 -27.78769684 -0.41061071
0.33808252 -27.78769684 -0.31172356
0.33421645 -27.78769684 -0.20366946
0.29423541 -27.78769684 -0.06878876
0.24762137 -27.78769684 0.09392891
0.24471514 -27.78769684 0.25154603
0.24313173 -27.78769684 0.42430091
0.84867239 -27.78769684 -1.44143677
0.41664937 -27.78769684 -1.39585578
0.34534276 -27.78769684 -0.95474005
0.28360930 -27.78769684 0.47341546
2.16319036 -27.78769684 0.48942840
2.20352983 -27.78769684 0.44158065
2.35631752 -27.78769684 0.23324059
2.41791248 -27.78769684 0.11247118
2.49090505 -27.78769684 0.01214442
2.55167580 -27.78769684 -0.12115338
2.58028316 -27.78769684 -0.21731070
2.62984490 -27.78769684 -0.38150194
2.65305138 -27.78769684 -0.48598877
2.65836835 -27.78769684 -0.55446571
2.65108085 -27.78769684 -0.67528981
2.61586738 -27.78769684 -0.76527733
2.58837414 -27.78769684 -0.89191973
2.57146263 -27.78769684 -0.98350775
2.54661846 -27.78769684 -1.16338491
2.51247859 -27.78769684 -1.31122315
2.45738959 -27.78769684 -1.41726136
2.33177185 -27.78769684 -1.46462905
2.17844558 -27.78769684 -1.45329106
2.03856039 -27.78769684 -1.44930458
1.93968678 -27.78769684 -1.46085632
1.82765675 -27.78769684 -1.47001600
1.74129653 -27.78769684 -1.45795190
1.65544224 -27.78769684 -1.44073820
1.57191849 -27.78769684 -1.45112479
1.51015234 -27.78769684 -1.45204294
1.42383349 -27.78769684 -1.45393229
1.30648267 -27.78769684 -1.45396030
1.22714639 -27.78769684 -1.43710434
1.10620737 -27.78769684 -1.44141471
1.02632082 -27.78769684 -1.43821549
0.35790932 -27.78769684 0.53818375
0.49386463 -27.78769684 0.55280554
0.65617192 -27.78769684 0.55313969
0.80620438 -27.78769684 0.52691358
0.90790105 -27.78769684 0.58889115
1.13244617 -27.78769684 0.55711913
1.22470236 -27.78769684 0.61493969
1.31751740 -27.78769684 0.66285586
1.37837136 -27.78769684 0.66168153
1.57843053 -27.78769684 0.64511073
1.66908348 -27.78769684 0.69424844
1.81576180 -27.78769684 0.71992105
1.87958539 -27.78769684 0.73482186
1.97226560 -27.78769684 0.71552265
