0.16723490 -26.73772430 -0.56218743
0.30196154 -26.73772430 -1.34240949
2.37056994 -26.73772430 0.14143643
1.90888941 -26.73772430 0.72312230
1.57915664 -26.73772430 0.68059993
1.16167605 -26.74771881 0.63972569
1.27944613 -26.74771881 0.66750544
1.39055717 -26.74771881 0.69448209
1.46307099 -26.74771881 0.70118809
1.51590014 -26.74771881 0.65842819
1.63446808 -26.74771881 0.73671055
1.71602261 -26.74771881 0.73273057
1.84699547 -26.74771881 0.74902350
2.00048590 -26.74771881 0.63757855
2.11290240 -26.74771881 0.58213955
2.16338873 -26.74771881 0.47987482
2.16614652 -26.74771881 0.41936833
2.21466017 -26.74771881 0.37457326
2.26149559 -26.74771881 0.28145349
2.33147383 -26.74771881 0.19779126
2.41629314 -26.74771881 0.06514349
2.46288919 -26.74771881 -0.00325451
2.43774962 -26.74771881 -0.20068513
2.43334675 -26.74771881 -0.26686761
2.45665312 -26.74771881 -0.35804173
2.43974638 -26.74771881 -0.45936108
2.43232512 -26.74771881 -0.63737100
2.45350623 -26.74771881 -0.73158562
2.43878365 -26.74771881 -0.80288112
2.44857121 -26.74771881 -0.88107145
2.44763088 -26.74771881 -0.94989997
2.48369670 -26.74771881 -1.10183656
2.36723089 -26.74771881 -1.20110250
2.34411526 -26.74771881 -1.29090929
2.24717927 -26.74771881 -1.38280261
2.04706311 -26.74771881 -1.42126679
1.96021295 -26.74771881 -1.42721546
1.87796164 -26.74771881 -1.43298709
1.76878607 -26.74771881 -1.43515539
1.68852305 -26.74771881 -1.41575527
1.58661199 -26.74771881 -1.43028140
1.51230669 -26.74771881 -1.43722486
1.42027831 -26.74771881 -1.43714416
1.35000718 -26.74771881 -1.43645954
1.25686002 -26.74771881 -1.42834795
1.13680005 -26.74771881 -1.43492353
1.05216837 -26.74771881 -1.44186568
0.96170932 -26.74771881 -1.44070804
0.86835986 -26.74771881 -1.43950629
0.76744264 -26.74771881 -1.43762910
0.70420903 -26.74771881 -1.44313514
0.64162058 -26.74771881 -1.44589806
0.57343078 -26.74771881 -1.44939566
0.50842011 -26.74771881 -1.44576502
0.43968964 -26.74771881 -1.44048262
0.34427980 -26.74771881 -1.39133584
0.26041609 -26.74771881 -1.27401042
0.23473445 -26.74771881 -1.18152010
0.23411389 -26.74771881 -1.12033284
0.22167745 -26.74771881 -1.00507116
0.22749013 -26.74771881 -0.89810169
0.20780419 -26.74771881 -0.82076097
0.21271682 -26.74771881 -0.74114835
0.22088464 -26.74771881 -0.65093690
0.11882062 -26.74771881 -0.43081006
0.10864457 -26.74771881 -0.36203960
0.09620116 -26.74771881 -0.28589869
0.08938024 -26.74771881 -0.16059592
0.07992330 -26.74771881 -0.10134526
0.05060343 -26.74771881 -0.01872626
0.01271344 -26.74771881 0.10103600
0.00637397 -26.74771881 0.18346767
0.03129854 -26.74771881 0.24254663
0.05358412 -26.74771881 0.30058104
0.09779494 -26.74771881 0.37286958
0.25220281 -26.74771881 0.46352324
0.32936779 -26.74771881 0.46205595
0.38948372 -26.74771881 0.55006850
0.49563336 -26.74771881 0.57951474
0.57577401 -26.74771881 0.56157893
0.66688585 -26.74771881 0.58163255
0.73145700 -26.74771881 0.56923646
0.87049949 -26.74771881 0.59462661
0.95790631 -26.74771881 0.59770650
1.10460818 -26.74771881 0.67358190
1.04636049 -26.74771881 0.62028527
0.80763036 -26.74771881 0.59516698
0.13280249 -26.74771881 0.43914634
0.03986346 -26.74771881 0.04678731
0.13180451 -26.74771881 -0.51027548
2.16623211 -26.74771881 -1.41594756
2.41913819 -26.74771881 -0.11460181
2.15975356 -26.74771881 0.54025525
