2.91529655 -77.95664215 1.06967807
3.20908928 -77.95664215 0.86197048
3.33285022 -77.95664215 0.74703157
3.44658780 -77.95664215 0.62629181
3.49738050 -77.95664215 0.43354538
-0.25020435 -77.95664215 -0.88921934
-0.27748168 -77.95664215 -0.71120149
-0.29346952 -77.95664215 -0.51711959
-0.31971598 -77.95664215 -0.33145112
-0.30186841 -77.95664215 -0.13606173
-0.14881422 -77.95664215 0.21075197
0.28253809 -77.95664215 0.63852322
0.47814736 -77.95664215 0.83019239
0.61256319 -77.95664215 0.94115710
0.91129762 -77.95664215 1.20877433
1.62100673 -77.96663666 1.29163790
1.70993280 -77.96663666 1.28258193
1.82474172 -77.96663666 1.27142155
1.98868752 -77.96663666 1.23341036
2.16533494 -77.96663666 1.20615160
2.26998782 -77.96663666 1.17748523
2.39997339 -77.96663666 1.18134129
2.53991365 -77.96663666 1.16738021
2.71165562 -77.96663666 1.15462089
2.85815811 -77.96663666 1.10137689
2.98656225 -77.96663666 1.02216685
3.09761977 -77.96663666 0.93710959
3.26469326 -77.96663666 0.82020301
3.51382446 -77.96663666 0.52804446
3.46741033 -77.96663666 0.24595675
3.45224166 -77.96663666 0.17727283
3.48670316 -77.96663666 0.00590627
3.45833206 -77.96663666 -0.26746899
3.43687224 -77.96663666 -0.51025397
3.42366719 -77.96663666 -0.67158145
3.34531999 -77.96663666 -0.85029650
3.31276369 -77.96663666 -0.90256339
3.15498686 -77.96663666 -1.11864591
3.11338067 -77.96663666 -1.16431201
3.04739547 -77.96663666 -1.20551443
2.89468122 -77.96663666 -1.28947258
2.69747090 -77.96663666 -1.35844111
2.57091641 -77.96663666 -1.37768328
2.51210284 -77.96663666 -1.39064050
2.33272219 -77.96663666 -1.42501736
2.14971924 -77.96663666 -1.45225644
2.03621244 -77.96663666 -1.46671963
1.97327936 -77.96663666 -1.47077787
1.64289045 -77.96663666 -1.47690988
1.54702497 -77.96663666 -1.47676075
1.42714596 -77.96663666 -1.47576940
1.36593080 -77.96663666 -1.47468865
1.20856202 -77.96663666 -1.47029805
1.09341133 -77.96663666 -1.45898795
1.02216733 -77.96663666 -1.44888818
0.90311128 -77.96663666 -1.43940675
0.83944011 -77.96663666 -1.43488634
0.70614141 -77.96663666 -1.41311347
0.64563805 -77.96663666 -1.40267646
0.46714792 -77.96663666 -1.37257683
0.28961071 -77.96663666 -1.31273806
0.23096018 -77.96663666 -1.27816141
0.17441453 -77.96663666 -1.23670578
-0.01157176 -77.96663666 -1.10181439
-0.06153428 -77.96663666 -1.01326561
-0.20410657 -77.96663666 -0.93313450
-0.24264365 -77.96663666 -0.78155839
-0.29508784 -77.96663666 -0.58087450
-0.31633627 -77.96663666 -0.40349188
-0.31621876 -77.96663666 -0.20980102
-0.28741017 -77.96663666 -0.01779574
-0.24598345 -77.96663666 0.02589327
0.02063933 -77.96663666 0.32033947
0.06265743 -77.96663666 0.36860210
0.23943651 -77.96663666 0.58443981
0.40913895 -77.96663666 0.79005170
0.56640804 -77.96663666 0.86461490
0.65514416 -77.96663666 1.01561201
0.67063421 -77.96663666 1.08374166
0.71604741 -77.96663666 1.17240059
0.97453916 -77.96663666 1.21490777
1.06520522 -77.96663666 1.26049232
1.18959260 -77.96663666 1.30293071
1.31507564 -77.96663666 1.33697176
1.39206386 -77.96663666 1.33050537
1.48183393 -77.96663666 1.29331398
1.91387284 -77.96663666 1.21987247
2.07796621 -77.96663666 1.20221293
3.38502169 -77.96663666 0.68560475
3.42414403 -77.96663666 -0.74271613
1.85089207 -77.96663666 -1.47687852
-0.20255956 -77.96663666 0.16965722
0.21453199 -77.96663666 0.47830352
0.33422995 -77.96663666 0.69853407
