0.32515222 -64.17693329 -0.47016135
1.27425432 -64.17693329 0.52570266
1.01468480 -64.18692780 0.47738314
0.87677407 -64.18692780 0.47495970
0.93788862 -64.18692780 0.46609783
0.80965883 -64.18692780 0.44263914
0.75111693 -64.18692780 0.31529537
0.65031213 -64.18692780 0.23690756
0.60981661 -64.18692780 0.18075995
0.56381053 -64.18692780 0.12380099
0.52806330 -64.18692780 0.06659436
0.52456909 -64.18692780 0.00145104
0.51719785 -64.18692780 -0.08332683
0.48454681 -64.18692780 -0.15609975
0.43419313 -64.18692780 -0.25031960
0.36502638 -64.18692780 -0.34555763
0.30600294 -64.18692780 -0.57681900
0.20714669 -64.18692780 -0.73820871
0.16813123 -64.18692780 -0.89503121
0.21337673 -64.18692780 -0.98723036
0.26181141 -64.18692780 -1.11798656
0.40849411 -64.18692780 -1.27057326
0.48096293 -64.18692780 -1.31224823
0.60430479 -64.18692780 -1.37919235
0.73878175 -64.18692780 -1.42088366
0.86028391 -64.18692780 -1.43868697
0.99048281 -64.18692780 -1.45756269
1.19507217 -64.18692780 -1.49026668
1.37124944 -64.18692780 -1.49698615
1.25534165 -64.18692780 -1.49434292
1.53618550 -64.18692780 -1.49627578
1.66547203 -64.18692780 -1.48205471
1.79784155 -64.18692780 -1.49435890
1.93735456 -64.18692780 -1.48989439
2.07707858 -64.18692780 -1.47126532
2.22967649 -64.18692780 -1.45178044
2.40475082 -64.18692780 -1.43385363
2.53857875 -64.18692780 -1.32684302
2.58557081 -64.18692780 -1.20192003
2.51208758 -64.18692780 -1.00282705
2.61188912 -64.18692780 -0.77362597
2.54331803 -64.18692780 -0.89069617
2.58349967 -64.18692780 -0.70541984
2.44665217 -64.18692780 -0.48989773
2.39329672 -64.18692780 -0.32521227
2.42154241 -64.18692780 -0.39732960
2.35438752 -64.18692780 -0.22708884
2.30736017 -64.18692780 -0.10141600
2.23743367 -64.18692780 -0.02594331
2.19604325 -64.18692780 0.06503086
2.13770938 -64.18692780 0.22475757
2.16124868 -64.18692780 0.14058721
2.07007194 -64.18692780 0.37669340
1.95643580 -64.18692780 0.51595145
2.01559424 -64.18692780 0.47439232
1.86188114 -64.18692780 0.54594910
1.77912807 -64.18692780 0.55224919
1.69694114 -64.18692780 0.55569005
1.62091720 -64.18692780 0.56057149
1.54126000 -64.18692780 0.55622524
1.47182202 -64.18692780 0.54583377
1.40226531 -64.18692780 0.53918558
1.33434939 -64.18692780 0.52849090
1.21706665 -64.18692780 0.50485760
1.15317845 -64.18692780 0.50018507
1.09099078 -64.18692780 0.48067230
0.34445605 -64.18692780 -1.20148039
