2.60078692 -10.87805939 -0.78162771
0.60347944 -10.87805939 0.37015194
2.65675688 -10.87805939 -0.47017059
1.07581758 -10.88805389 0.48664308
1.19911706 -10.88805389 0.47708383
1.28270507 -10.88805389 0.48208204
1.34793973 -10.88805389 0.46125668
1.42126298 -10.88805389 0.44896165
1.53231120 -10.88805389 0.44133458
1.63751030 -10.88805389 0.41229761
1.73092413 -10.88805389 0.40208670
1.87466502 -10.88805389 0.37203479
2.04292631 -10.88805389 0.41375959
2.15788388 -10.88805389 0.41220325
2.22100568 -10.88805389 0.37752640
2.29707479 -10.88805389 0.32435921
2.39905906 -10.88805389 0.19679554
2.43740487 -10.88805389 0.11325381
2.49153399 -10.88805389 0.06746928
2.53929996 -10.88805389 -0.01297834
2.55171704 -10.88805389 -0.09500302
2.57994652 -10.88805389 -0.15983830
2.61660790 -10.88805389 -0.27552804
2.63338590 -10.88805389 -0.38870439
2.63338327 -10.88805389 -0.56767100
2.61623192 -10.88805389 -0.62970465
2.61394548 -10.88805389 -0.70397729
2.53843713 -10.88805389 -0.89426619
2.51013875 -10.88805389 -0.98919040
2.49032402 -10.88805389 -1.16549575
2.45786262 -10.88805389 -1.22385323
2.46179414 -10.88805389 -1.31250608
2.39477134 -10.88805389 -1.33707297
2.29332137 -10.88805389 -1.38914287
2.19559097 -10.88805389 -1.42012799
2.13212919 -10.88805389 -1.42309594
2.02496767 -10.88805389 -1.42941511
1.91953754 -10.88805389 -1.41886806
1.83513212 -10.88805389 -1.41756964
1.76872921 -10.88805389 -1.41924500
1.70269275 -10.88805389 -1.41791952
1.61796486 -10.88805389 -1.41216743
1.52208793 -10.88805389 -1.40507364
1.46182382 -10.88805389 -1.41785407
1.39816880 -10.88805389 -1.42011821
1.31626844 -10.88805389 -1.41399980
1.23199439 -10.88805389 -1.41630566
1.16965866 -10.88805389 -1.41329789
1.08724630 -10.88805389 -1.39188719
1.01083946 -10.88805389 -1.39973605
0.92277038 -10.88805389 -1.40641963
0.80562943 -10.88805389 -1.38627982
0.68692297 -10.88805389 -1.37770438
0.51609302 -10.88805389 -1.37840998
0.36418638 -10.88805389 -1.37053561
0.30226415 -10.88805389 -1.36767972
0.17435694 -10.88805389 -1.32856607
0.09380229 -10.88805389 -1.28898191
0.00858960 -10.88805389 -1.26551950
0.01279643 -10.88805389 -1.16194975
0.01672610 -10.88805389 -1.07002401
0.00726084 -10.88805389 -0.96331692
-0.00809664 -10.88805389 -0.82983029
-0.01753623 -10.88805389 -0.76134777
-0.00773445 -10.88805389 -0.68296176
-0.01634270 -10.88805389 -0.59325886
-0.03184052 -10.88805389 -0.46496278
-0.02220205 -10.88805389 -0.39068145
-0.00511738 -10.88805389 -0.28123048
0.03677659 -10.88805389 -0.19904257
0.13031112 -10.88805389 -0.09764277
0.15133783 -10.88805389 -0.02045046
0.32564074 -10.88805389 0.18754378
0.41591233 -10.88805389 0.26103878
0.47795382 -10.88805389 0.30144209
0.54361409 -10.88805389 0.35758936
0.72110909 -10.88805389 0.38693312
0.79766005 -10.88805389 0.41336337
0.90571380 -10.88805389 0.46921018
0.98379064 -10.88805389 0.48223832
2.55700064 -10.88805389 -0.82260323
