0.78926456 58.28047943 0.59046406
0.98170030 58.28047943 0.59235907
1.13670552 58.28047943 0.58336294
1.97899234 58.28047943 0.16242139
2.09215879 58.28047943 -0.04072388
2.15362692 58.28047943 -0.19197910
2.24072146 58.28047943 -0.45421758
2.35002160 58.28047943 -1.18743265
2.27105284 58.28047943 -1.32766604
2.12266636 58.28047943 -1.44528759
0.07564201 58.28047943 0.23193425
0.63498592 58.28047943 0.54630220
0.91534197 58.27048492 0.59137940
0.70859140 58.27048492 0.57297099
0.57063937 58.27048492 0.53316981
0.49220157 58.27048492 0.51768768
0.37060320 58.27048492 0.47373796
0.19856064 58.27048492 0.36344165
0.12068611 58.27048492 0.28632846
0.04576612 58.27048492 0.17631729
-0.02055285 58.27048492 0.00447063
-0.11140787 58.27048492 -0.12861608
-0.07902239 58.27048492 -0.07660561
-0.17640784 58.27048492 -0.22068910
-0.22262906 58.27048492 -0.27843818
-0.31778762 58.27048492 -0.37516484
-0.36582512 58.27048492 -0.46504626
-0.39797238 58.27048492 -0.52469629
-0.46506825 58.27048492 -0.74452919
-0.44083759 58.27048492 -0.91274232
-0.45251787 58.27048492 -0.84862339
-0.40084049 58.27048492 -1.06404340
-0.34156004 58.27048492 -1.13024759
-0.24800901 58.27048492 -1.23527527
-0.27642336 58.27048492 -1.17579675
-0.18239047 58.27048492 -1.28775203
-0.08837625 58.27048492 -1.35593820
0.01107059 58.27048492 -1.40663016
0.11968042 58.27048492 -1.43433261
0.23524722 58.27048492 -1.43950117
0.33219674 58.27048492 -1.45026004
0.41941369 58.27048492 -1.45842254
0.50111419 58.27048492 -1.46988332
0.58777493 58.27048492 -1.47765458
0.65636468 58.27048492 -1.48107040
0.82235044 58.27048492 -1.48283422
0.88920504 58.27048492 -1.47827637
0.98420745 58.27048492 -1.46144319
1.07249594 58.27048492 -1.47841966
1.15834093 58.27048492 -1.48049533
1.23400402 58.27048492 -1.47748995
1.32368338 58.27048492 -1.47884202
1.42224455 58.27048492 -1.47517765
1.54976988 58.27048492 -1.49310529
1.68289638 58.27048492 -1.49496949
1.81564069 58.27048492 -1.47319734
1.99107277 58.27048492 -1.46047211
2.18573999 58.27048492 -1.43782353
2.32068825 58.27048492 -1.26607096
2.38449502 58.27048492 -1.09242260
2.43327355 58.27048492 -1.04761803
2.46899843 58.27048492 -0.91388923
2.38985801 58.27048492 -0.78398925
2.34033418 58.27048492 -0.65868807
2.26974201 58.27048492 -0.54202664
2.20058584 58.27048492 -0.33078969
2.17888689 58.27048492 -0.26206145
2.12861300 58.27048492 -0.11273088
2.06518579 58.27048492 0.01706273
2.03079820 58.27048492 0.07389784
1.94059753 58.27048492 0.22983325
1.88821471 58.27048492 0.35157871
1.82865798 58.27048492 0.40271059
1.73061085 58.27048492 0.42724466
1.61082780 58.27048492 0.47040227
1.47366202 58.27048492 0.52075016
1.39220881 58.27048492 0.53814417
1.26512837 58.27048492 0.53820980
1.05503583 58.27048492 0.59143084
0.73911619 58.27048492 -1.48077297
-0.42898026 58.27048492 -0.98326969
-0.46513051 58.27048492 -0.68027288
-0.44196180 58.27048492 -0.60542494
0.02249773 58.27048492 0.10262001
