1.19959366 -0.73827362 0.64394021
1.00862145 -0.73827362 0.61813271
0.76310867 -0.73827362 0.50100923
0.58740020 -0.73827362 0.35428786
0.31492749 -0.73827362 -0.73254675
2.36279488 -0.73827362 -0.81222713
2.29168701 -0.73827362 -0.39159563
0.37738532 -0.74826813 -0.27939126
0.33623549 -0.74826813 -0.38545403
0.31168285 -0.74826813 -0.44372922
0.29708242 -0.74826813 -0.62252063
0.32860491 -0.74826813 -0.80714327
0.33433300 -0.74826813 -0.93519068
0.35475424 -0.74826813 -1.05427134
0.35545528 -0.74826813 -1.16993797
0.37607077 -0.74826813 -1.28058839
0.44132933 -0.74826813 -1.29839969
0.54868066 -0.74826813 -1.32025683
0.60915595 -0.74826813 -1.32875621
0.75592226 -0.74826813 -1.34981394
0.84813261 -0.74826813 -1.35429668
0.93747020 -0.74826813 -1.36338365
1.02023578 -0.74826813 -1.35393894
1.23022640 -0.74826813 -1.37929749
1.31049037 -0.74826813 -1.38104534
1.44450700 -0.74826813 -1.37384868
1.56651211 -0.74826813 -1.35283482
1.65910769 -0.74826813 -1.35413134
1.76711988 -0.74826813 -1.36064577
1.90669715 -0.74826813 -1.35870588
2.02353787 -0.74826813 -1.34279490
2.16728854 -0.74826813 -1.32771051
2.27786994 -0.74826813 -1.32375383
2.36685300 -0.74826813 -1.07495499
2.35539675 -0.74826813 -1.01440167
2.35133767 -0.74826813 -0.91567808
2.36568570 -0.74826813 -0.75183344
2.36729193 -0.74826813 -0.62149554
2.32291532 -0.74826813 -0.55762875
2.29489923 -0.74826813 -0.45086581
2.29120159 -0.74826813 -0.30142921
2.28902531 -0.74826813 -0.21304831
2.26567173 -0.74826813 -0.13339572
2.22323036 -0.74826813 -0.02548964
2.19693661 -0.74826813 0.08369923
2.15691066 -0.74826813 0.31958172
1.88091898 -0.74826813 0.57138711
1.67462790 -0.74826813 0.57452983
1.60183787 -0.74826813 0.59544820
1.52385616 -0.74826813 0.63030994
1.37724066 -0.74826813 0.61842340
1.26380432 -0.74826813 0.61340892
1.04778874 -0.74826813 0.67364347
0.96240675 -0.74826813 0.55869961
0.87071282 -0.74826813 0.50439888
0.68966734 -0.74826813 0.49044338
0.63324028 -0.74826813 0.45320436
0.56035930 -0.74826813 0.29197410
0.54138142 -0.74826813 0.22894670
0.50751126 -0.74826813 0.09475441
0.46530986 -0.74826813 0.01963774
0.41912410 -0.74826813 -0.10416883
0.39273727 -0.74826813 -0.18308312
0.29026416 -0.74826813 -0.51869696
0.69065028 -0.74826813 -1.34430575
1.12252057 -0.74826813 -1.37112832
1.37621713 -0.74826813 -1.37918544
1.50249147 -0.74826813 -1.35188222
1.83593929 -0.74826813 -1.36088431
2.35714388 -0.74826813 -1.21148789
2.31204486 -0.74826813 -0.66256571
2.22759032 -0.74826813 0.25621411
2.12440252 -0.74826813 0.37323165
1.98292279 -0.74826813 0.53981799
2.08862948 -0.74826813 0.43196568
