-0.11554141 -57.67707062 -0.32668376
-0.14312130 -57.67707062 -0.38011539
1.02417147 -57.67707062 0.58170724
0.96637249 -57.68706512 0.56608588
0.88812834 -57.68706512 0.55868065
0.81126916 -57.68706512 0.53092349
0.60946691 -57.68706512 0.54037458
0.50338483 -57.68706512 0.45184556
0.53198481 -57.68706512 0.50874090
0.48597035 -57.68706512 0.39106607
0.42256230 -57.68706512 0.37117133
0.34466755 -57.68706512 0.24125884
0.39331329 -57.68706512 0.30519944
0.26394981 -57.68706512 0.18877839
0.16755602 -57.68706512 0.01951550
0.21475710 -57.68706512 0.11129818
0.09904151 -57.68706512 -0.05565397
0.02223938 -57.68706512 -0.15610026
0.05948941 -57.68706512 -0.10119916
-0.02865461 -57.68706512 -0.20676811
-0.07404130 -57.68706512 -0.25537583
-0.17994133 -57.68706512 -0.44961935
-0.21704979 -57.68706512 -0.57913744
-0.20186347 -57.68706512 -0.78885651
-0.23736817 -57.68706512 -0.66870475
-0.19144987 -57.68706512 -0.87106687
-0.13691877 -57.68706512 -1.12969935
-0.16988814 -57.68706512 -1.04630637
-0.10724611 -57.68706512 -1.19117379
-0.08913511 -57.68706512 -1.26675475
0.07111019 -57.68706512 -1.38620698
-0.00620647 -57.68706512 -1.32554638
0.20854098 -57.68706512 -1.40480673
0.31884223 -57.68706512 -1.40836644
0.45210528 -57.68706512 -1.40776682
0.38000911 -57.68706512 -1.40683615
0.58128029 -57.68706512 -1.41406214
0.73967814 -57.68706512 -1.42266858
0.81049562 -57.68706512 -1.43137133
0.87722367 -57.68706512 -1.43566716
1.00109816 -57.68706512 -1.43855107
1.16896558 -57.68706512 -1.46058345
1.06156087 -57.68706512 -1.44399273
1.23628426 -57.68706512 -1.46867836
1.35623288 -57.68706512 -1.47194254
1.47897744 -57.68706512 -1.46981382
1.59839964 -57.68706512 -1.44368172
1.74753022 -57.68706512 -1.43273330
1.67600513 -57.68706512 -1.43275893
1.81868303 -57.68706512 -1.42891169
2.01696682 -57.68706512 -1.41943872
1.92037833 -57.68706512 -1.42175198
2.16802979 -57.68706512 -1.41137695
2.09847140 -57.68706512 -1.41839397
2.26923347 -57.68706512 -1.36395574
2.32729626 -57.68706512 -1.28995979
2.34587789 -57.68706512 -1.19488883
2.38225317 -57.68706512 -1.05166924
2.36483264 -57.68706512 -1.12161398
2.44530511 -57.68706512 -0.89899319
2.39099813 -57.68706512 -0.97851592
2.46821022 -57.68706512 -0.81468391
2.50089812 -57.68706512 -0.69079584
2.48905945 -57.68706512 -0.75067121
2.49603248 -57.68706512 -0.57428890
2.45060778 -57.68706512 -0.44957396
2.47895432 -57.68706512 -0.50892681
2.43253708 -57.68706512 -0.31896642
2.44403958 -57.68706512 -0.38696906
2.41770554 -57.68706512 -0.15397651
2.43432808 -57.68706512 -0.24063259
2.42907405 -57.68706512 -0.07961611
2.44820762 -57.68706512 0.09740334
2.40456557 -57.68706512 0.33224550
2.41143489 -57.68706512 0.23129834
2.38961887 -57.68706512 0.55429012
2.41688347 -57.68706512 0.49953055
2.32780838 -57.68706512 0.60380101
2.21049142 -57.68706512 0.66626716
2.26449156 -57.68706512 0.63430667
2.00563359 -57.68706512 0.70708686
2.07306504 -57.68706512 0.68837506
1.93322027 -57.68706512 0.71063411
1.76502275 -57.68706512 0.71797669
1.83287275 -57.68706512 0.71701801
1.66506052 -57.68706512 0.68302333
1.48946154 -57.68706512 0.65070945
1.55978811 -57.68706512 0.67085016
1.34075916 -57.68706512 0.60755873
1.41312969 -57.68706512 0.62621653
1.26385236 -57.68706512 0.57856309
1.17605805 -57.68706512 0.60535061
1.08829963 -57.68706512 0.54811573
0.71261096 -57.68706512 0.55009532
2.46549654 -57.68706512 0.03479369
2.41352797 -57.68706512 0.42767560
2.14196610 -57.68706512 0.68669611
