1.95231211 31.50104523 0.56769973
2.44537354 31.50104523 0.43473017
2.47784019 31.50104523 -0.90346622
0.91606838 31.50104523 0.55063409
1.60718620 31.49105072 0.56162018
1.53420985 31.49105072 0.53642315
1.37569189 31.49105072 0.54063541
1.29628766 31.49105072 0.53686213
1.10952210 31.49105072 0.55428457
0.97886556 31.49105072 0.53829569
1.04020274 31.49105072 0.53951806
0.85102153 31.49105072 0.54800832
0.67333287 31.49105072 0.55151391
0.76575267 31.49105072 0.56531936
0.58405715 31.49105072 0.48156190
0.54832959 31.49105072 0.42996460
0.51705730 31.49105072 0.36197180
0.47625089 31.49105072 0.17053999
0.46880016 31.49105072 0.08799900
0.46149665 31.49105072 -0.04732639
0.44326153 31.49105072 -0.23204231
0.42569259 31.49105072 -0.35756478
0.42085510 31.49105072 -0.46909294
0.41506642 31.49105072 -0.54664499
0.36842483 31.49105072 -0.78930771
0.39962631 31.49105072 -0.68088615
0.30062050 31.49105072 -0.91008008
0.30760834 31.49105072 -1.12686908
0.32480177 31.49105072 -1.32143676
0.43924570 31.49105072 -1.41565573
0.36128217 31.49105072 -1.40360749
0.62046146 31.49105072 -1.43256557
0.54460561 31.49105072 -1.42604065
0.78118908 31.49105072 -1.44445920
0.72053158 31.49105072 -1.44138038
0.88075459 31.49105072 -1.45125461
1.12145376 31.49105072 -1.45013440
1.25000060 31.49105072 -1.44812703
1.37000835 31.49105072 -1.44618118
1.55661976 31.49105072 -1.46078420
1.61777675 31.49105072 -1.46610832
1.70411074 31.49105072 -1.47025800
1.83233345 31.49105072 -1.46266508
1.96673644 31.49105072 -1.46385407
2.11553621 31.49105072 -1.43695641
2.26471877 31.49105072 -1.42636669
2.39467168 31.49105072 -1.14962983
2.42744684 31.49105072 -0.93741781
2.49510860 31.49105072 -0.78027475
2.51424789 31.49105072 -0.67110020
2.54761672 31.49105072 -0.48631901
2.55612493 31.49105072 -0.37210289
2.54651952 31.49105072 -0.16604206
2.58139992 31.49105072 0.01097270
2.54539824 31.49105072 0.22324421
2.48460269 31.49105072 0.35410127
2.39139628 31.49105072 0.48449075
2.30259800 31.49105072 0.53413773
2.22529697 31.49105072 0.58128452
2.04341245 31.49105072 0.60968101
1.88472414 31.49105072 0.53997701
1.81717229 31.49105072 0.54913926
1.74938524 31.49105072 0.54756594
1.66883361 31.49105072 0.55054516
1.45793629 31.49105072 0.53953433
2.13636851 31.49105072 0.61360645
2.57485414 31.49105072 0.12316585
2.52954507 31.49105072 -0.24946368
2.39561749 31.49105072 -1.39517486
1.01485062 31.49105072 -1.45365155
0.27765456 31.49105072 -0.97600591
0.40337420 31.49105072 -0.61245227
0.44267231 31.49105072 -0.14029755
0.49207392 31.49105072 0.24849276
0.60080844 31.49105072 0.54438102
1.20182514 31.49105072 0.55118412
