1.14648998 -79.25661469 0.97235936
-0.30637425 -79.25661469 -0.56452334
0.02967553 -79.25661469 -1.06946254
1.10771704 -79.25661469 -1.46060216
1.28106999 -79.25661469 -1.48700500
1.46956229 -79.25661469 -1.49143910
1.63280678 -79.25661469 -1.48599482
3.74771762 -79.25661469 -0.08411076
2.66030455 -79.25661469 0.85761511
1.40462196 -79.26660919 1.02935600
1.34744251 -79.26660919 1.00872624
1.28940499 -79.26660919 0.98719019
1.20470977 -79.26660919 0.95318437
1.10519779 -79.26660919 0.92829287
0.97074461 -79.26660919 0.90205967
0.76680237 -79.26660919 0.88991278
0.87198097 -79.26660919 0.89149535
0.69930446 -79.26660919 0.87062955
0.49604601 -79.26660919 0.82521391
0.60171914 -79.26660919 0.84351504
0.38974419 -79.26660919 0.66698515
0.40964022 -79.26660919 0.77322561
0.28117988 -79.26660919 0.55730331
0.33154491 -79.26660919 0.60846174
0.16788623 -79.26660919 0.34817275
0.21240893 -79.26660919 0.42177066
0.16542529 -79.26660919 0.28204396
0.06603489 -79.26660919 0.12627321
0.12889732 -79.26660919 0.20960703
0.00542525 -79.26660919 -0.06501184
0.02164425 -79.26660919 0.03859818
-0.19741331 -79.26660919 -0.31693420
-0.04079134 -79.26660919 -0.15662730
-0.28230521 -79.26660919 -0.43246207
-0.28502744 -79.26660919 -0.70941406
-0.29755917 -79.26660919 -0.62519473
-0.19616698 -79.26660919 -0.74450165
-0.10532819 -79.26660919 -0.82451272
-0.03221616 -79.26660919 -0.91209209
0.15707673 -79.26660919 -1.19885910
0.30015329 -79.26660919 -1.37238157
0.44571745 -79.26660919 -1.39530277
0.65450120 -79.26660919 -1.42730451
0.51545072 -79.26660919 -1.40668583
0.85352421 -79.26660919 -1.44013309
0.72715765 -79.26660919 -1.43435645
1.04530084 -79.26660919 -1.45208967
0.91760814 -79.26660919 -1.44597578
1.21829319 -79.26660919 -1.48271561
1.40720117 -79.26660919 -1.49043655
1.56884468 -79.26660919 -1.48947954
1.83576262 -79.26660919 -1.48260403
2.01649046 -79.26660919 -1.48202944
1.90741873 -79.26660919 -1.48482347
2.18899012 -79.26660919 -1.46816027
2.40477133 -79.26660919 -1.45410800
2.28129268 -79.26660919 -1.45903397
2.57924581 -79.26660919 -1.44158876
2.79523349 -79.26660919 -1.43663549
2.64588308 -79.26660919 -1.43731332
3.07580400 -79.26660919 -1.42981458
3.19460964 -79.26660919 -1.38320804
3.38545132 -79.26660919 -1.15318072
3.25669098 -79.26660919 -1.31161785
3.60406256 -79.26660919 -0.87277216
3.44323492 -79.26660919 -1.05988228
3.62445903 -79.26660919 -0.81465906
3.71636820 -79.26660919 -0.46653295
3.67391324 -79.26660919 -0.69822866
3.73857212 -79.26660919 -0.26447183
3.72960997 -79.26660919 -0.19411591
3.65361261 -79.26660919 0.22101831
3.77159667 -79.26660919 0.04972944
3.56111407 -79.26660919 0.35774583
3.64590073 -79.26660919 0.30499330
3.27201796 -79.26660919 0.49395576
3.38786244 -79.26660919 0.41611445
3.09175444 -79.26660919 0.59301597
3.18312764 -79.26660919 0.53179204
3.02917242 -79.26660919 0.67204362
2.75272346 -79.26660919 0.80024511
2.80833936 -79.26660919 0.76019180
2.62485528 -79.26660919 0.90577471
2.56162882 -79.26660919 0.93607944
2.45856214 -79.26660919 0.99837726
2.35877442 -79.26660919 1.06983328
2.26748991 -79.26660919 1.14515913
2.15200853 -79.26660919 1.25214410
1.88715267 -79.26660919 1.26521838
1.81768322 -79.26660919 1.22149920
1.74904215 -79.26660919 1.16526949
1.68488002 -79.26660919 1.15201485
1.60892129 -79.26660919 1.12216330
1.53024387 -79.26660919 1.09987950
1.47618186 -79.26660919 1.05987835
0.07534938 -79.26660919 -1.11623609
2.85607100 -79.26660919 -1.42877746
3.72482729 -79.26660919 -0.38613272
2.88858676 -79.26660919 0.75223905
2.20485950 -79.26660919 1.17755270
2.08407712 -79.26660919 1.31459963
1.98959839 -79.26660919 1.31141317
