0.02174465 -22.05782318 0.46910876
0.01669593 -22.05782318 -1.44859290
0.58964556 -22.05782318 0.51119792
1.43526220 -22.05782318 0.55332190
1.07931983 -22.06781769 0.55293494
0.98829293 -22.06781769 0.57758439
0.90358579 -22.06781769 0.57191563
0.82136512 -22.06781769 0.56760544
0.74562120 -22.06781769 0.55657905
0.53054816 -22.06781769 0.51988357
0.30300999 -22.06781769 0.51887584
0.41581061 -22.06781769 0.49185166
0.14729287 -22.06781769 0.54018468
0.23991798 -22.06781769 0.53906834
0.06353416 -22.06781769 0.51692849
0.02364026 -22.06781769 0.40860394
-0.04831236 -22.06781769 0.20077418
0.01425661 -22.06781769 0.32147780
-0.06789751 -22.06781769 0.12200547
-0.10339431 -22.06781769 0.03043640
-0.19764203 -22.06781769 -0.14000437
-0.15909111 -22.06781769 -0.06314934
-0.18570325 -22.06781769 -0.23730569
-0.15956168 -22.06781769 -0.30307472
-0.25454146 -22.06781769 -0.53236014
-0.20713830 -22.06781769 -0.35194767
-0.27291682 -22.06781769 -0.60528737
-0.24608847 -22.06781769 -0.81538755
-0.26843539 -22.06781769 -0.70733273
-0.30705887 -22.06781769 -1.03212225
-0.28536734 -22.06781769 -0.90842301
-0.29628882 -22.06781769 -1.11021841
-0.27435705 -22.06781769 -1.32561028
-0.32564706 -22.06781769 -1.25073957
-0.20570667 -22.06781769 -1.41387570
-0.04568852 -22.06781769 -1.44249964
0.17383005 -22.06781769 -1.41592753
0.34274453 -22.06781769 -1.41266525
0.23486473 -22.06781769 -1.41549337
0.50931644 -22.06781769 -1.40047204
0.41419277 -22.06781769 -1.38686812
0.65117991 -22.06781769 -1.42411363
0.73149085 -22.06781769 -1.43018067
0.90322524 -22.06781769 -1.43725049
0.83865356 -22.06781769 -1.43442869
1.00694430 -22.06781769 -1.43363726
1.07143128 -22.06781769 -1.44122994
1.30057037 -22.06781769 -1.46784103
1.20887291 -22.06781769 -1.46056533
1.40500987 -22.06781769 -1.47218430
1.53532946 -22.06781769 -1.46650887
1.47552395 -22.06781769 -1.47280967
1.67944252 -22.06781769 -1.47571111
1.60273278 -22.06781769 -1.47132337
1.79153001 -22.06781769 -1.47292900
1.94437170 -22.06781769 -1.46104741
1.86738813 -22.06781769 -1.46249545
2.09750104 -22.06781769 -1.45679891
2.01718616 -22.06781769 -1.46019089
2.24704504 -22.06781769 -1.34523332
2.28444624 -22.06781769 -1.22634578
2.29104209 -22.06781769 -1.30350256
2.32352400 -22.06781769 -1.10800540
2.30183411 -22.06781769 -1.16568851
2.36547232 -22.06781769 -0.99548876
2.40338349 -22.06781769 -0.89501154
2.44533896 -22.06781769 -0.78909272
2.37428403 -22.06781769 -0.58145523
2.39533329 -22.06781769 -0.64275080
2.39045429 -22.06781769 -0.43107867
2.36392498 -22.06781769 -0.51492429
2.41623855 -22.06781769 -0.31985956
2.36830378 -22.06781769 -0.35678566
2.37450886 -22.06781769 -0.24185444
2.30571437 -22.06781769 -0.15280658
2.22226095 -22.06781769 0.05397455
2.26492572 -22.06781769 -0.01711444
2.17720270 -22.06781769 0.10150263
2.09323978 -22.06781769 0.30255628
2.12649560 -22.06781769 0.24685130
2.02438807 -22.06781769 0.39601877
1.95559847 -22.06781769 0.47028646
1.82390809 -22.06781769 0.53729320
1.75079024 -22.06781769 0.50770485
1.62005746 -22.06781769 0.55870438
1.55736136 -22.06781769 0.54412413
1.49576342 -22.06781769 0.55344272
1.37286437 -22.06781769 0.54847217
1.28680277 -22.06781769 0.53845555
1.20798779 -22.06781769 0.55006081
0.66347492 -22.06781769 0.53329247
2.19518614 -22.06781769 -1.44152451
2.42334771 -22.06781769 -0.71406907
1.89145267 -22.06781769 0.53843009
1.69145489 -22.06781769 0.54178989
