-0.08939467 53.08058929 -1.37355328
0.67305839 53.07059479 0.53314155
0.81469798 53.07059479 0.50863349
0.89899921 53.07059479 0.50170672
0.99862105 53.07059479 0.51415497
1.11289465 53.07059479 0.52589983
1.36212289 53.07059479 0.56338960
1.68997335 53.07059479 0.59416866
1.97735953 53.07059479 0.54671073
2.09592652 53.07059479 0.31199595
2.10362816 53.07059479 0.21020404
2.11400747 53.07059479 0.06349257
2.13832045 53.07059479 -0.03484897
2.13500643 53.07059479 -0.12168413
2.11845684 53.07059479 -0.29602793
2.13454175 53.07059479 -0.38600916
2.14411521 53.07059479 -0.49082944
2.16618657 53.07059479 -0.62191832
2.10533547 53.07059479 -0.77295506
2.10513473 53.07059479 -1.11773384
2.08039355 53.07059479 -1.30108666
2.02490687 53.07059479 -1.38941419
1.94156122 53.07059479 -1.41740453
1.73008907 53.07059479 -1.47535741
1.65837872 53.07059479 -1.49007440
1.56632495 53.07059479 -1.47664130
1.37472689 53.07059479 -1.46388042
1.28972566 53.07059479 -1.46556175
1.13926601 53.07059479 -1.46402526
1.04494607 53.07059479 -1.47909009
0.92524707 53.07059479 -1.49445140
0.83914077 53.07059479 -1.50341153
0.71991438 53.07059479 -1.50987935
0.60731018 53.07059479 -1.50720465
0.53918147 53.07059479 -1.50089955
0.45628485 53.07059479 -1.49540830
0.35255292 53.07059479 -1.48893523
0.26815560 53.07059479 -1.49278474
0.10744712 53.07059479 -1.48098159
0.01243923 53.07059479 -1.46229482
-0.08116659 53.07059479 -1.43660665
-0.12663123 53.07059479 -1.30332553
-0.13167103 53.07059479 -1.24018955
-0.11044656 53.07059479 -1.09432161
-0.14763919 53.07059479 -0.94257808
-0.15429673 53.07059479 -0.87954634
-0.16649459 53.07059479 -0.80560863
-0.19174597 53.07059479 -0.70140672
-0.17766601 53.07059479 -0.61982441
-0.14128956 53.07059479 -0.56730419
-0.18057697 53.07059479 -0.51100445
-0.17954066 53.07059479 -0.44437972
-0.14877993 53.07059479 -0.37120900
-0.11556765 53.07059479 -0.30913755
-0.10796957 53.07059479 -0.24959184
-0.09515864 53.07059479 -0.17404671
-0.06248896 53.07059479 -0.07177855
-0.03665033 53.07059479 -0.00774924
-0.06688972 53.07059479 0.08770955
-0.05628763 53.07059479 0.17327757
-0.04781898 53.07059479 0.24718043
-0.04001823 53.07059479 0.31415069
-0.02925671 53.07059479 0.41590136
-0.01431108 53.07059479 0.54185569
-0.00443893 53.07059479 0.60608339
0.05813246 53.07059479 0.58538789
0.15782978 53.07059479 0.55062407
0.28907502 53.07059479 0.50415701
0.37210059 53.07059479 0.55425161
0.46975902 53.07059479 0.54624969
0.54880482 53.07059479 0.54345453
0.61145872 53.07059479 0.53813857
1.50606656 53.07059479 0.56426901
2.10167623 53.07059479 0.56102860
2.11167979 53.07059479 0.50018471
2.10669661 53.07059479 -0.92518449
1.83627939 53.07059479 -1.45365167
1.44613266 53.07059479 -1.45521510
0.17050378 53.07059479 -1.48864353
