0.31914932 67.37029266 -1.49491107
0.23666766 67.37029266 -1.48652983
0.09344723 67.37029266 -1.46422696
0.03582347 67.37029266 -1.37555885
-0.11800624 67.37029266 -1.19839323
-0.10936711 67.37029266 -1.07530344
-0.05337396 67.37029266 -0.97864282
-0.09028430 67.37029266 -0.84546185
-0.11246213 67.37029266 -0.77105737
-0.13732375 67.37029266 -0.62340552
-0.16173422 67.37029266 -0.44214204
-0.19843721 67.37029266 -0.32881835
-0.20026644 67.37029266 -0.22186163
-0.22332813 67.37029266 0.04778496
-0.19363406 67.37029266 0.17691800
-0.04797988 67.37029266 0.40045199
-0.04700920 67.37029266 -1.33873332
-0.15983640 67.37029266 -0.52701753
-0.24027653 67.37029266 -0.07241354
-0.16407427 67.37029266 0.32745078
-0.10913090 67.37029266 0.40100586
0.10078532 67.37029266 0.44998130
1.68900466 67.37029266 0.53542286
1.76925635 67.37029266 0.37464485
1.86666179 67.37029266 0.20099452
1.87663054 67.37029266 0.13192360
1.87917852 67.37029266 -0.01904795
1.88344693 67.37029266 -0.15786764
1.88816667 67.37029266 -0.32991108
1.91672468 67.37029266 -0.43976074
1.94014037 67.37029266 -0.50685453
1.96333432 67.37029266 -0.61288661
2.03905368 67.37029266 -0.81188935
2.06349468 67.37029266 -0.93500626
2.06424499 67.37029266 -1.05998158
2.10654473 67.37029266 -1.18178785
2.09351468 67.37029266 -1.30331016
2.07603264 67.37029266 -1.38977695
2.01912451 67.37029266 -1.41494286
1.87447810 67.37029266 -1.47516894
1.69596326 67.37029266 -1.49144316
1.56343794 67.37029266 -1.50796676
1.39679408 67.37029266 -1.48006499
1.30383134 67.37029266 -1.50346708
1.21567917 67.37029266 -1.50740600
1.12890661 67.37029266 -1.50700963
1.04769909 67.37029266 -1.50843501
0.96951115 67.37029266 -1.50975323
0.86048526 67.37029266 -1.49461925
0.78606260 67.37029266 -1.50604963
0.68106943 67.37029266 -1.50542128
0.60463375 67.37029266 -1.50446308
0.52727944 67.37029266 -1.50716543
0.45998210 67.37029266 -1.50381315
0.39281157 67.37029266 -1.49898970
0.15821068 67.37029266 0.46979460
0.28551057 67.37029266 0.50535166
0.36528096 67.37029266 0.52451962
0.47972789 67.37029266 0.54083127
0.56611377 67.37029266 0.58503807
0.71663165 67.37029266 0.60209769
0.86889654 67.37029266 0.62208587
0.98261982 67.37029266 0.64728528
1.09719706 67.37029266 0.67002976
1.24224031 67.37029266 0.64739215
1.41887951 67.37029266 0.65165633
1.56169689 67.37029266 0.60033393
