0.00278276 25.52117157 -0.27652940
0.81720471 25.52117157 0.62747937
0.66272575 25.52117157 0.68899941
0.09610420 25.52117157 0.53541261
-0.05160150 25.52117157 -0.38491786
0.93255508 25.52117157 -1.41462779
1.92484772 25.52117157 0.60718942
1.55231762 25.52117157 0.65083557
0.91892338 25.51117706 0.63985413
0.98708332 25.51117706 0.65263927
1.11918902 25.51117706 0.63927454
1.25103021 25.51117706 0.64776385
1.34996283 25.51117706 0.65073204
1.41834223 25.51117706 0.65269756
1.87116516 25.51117706 0.65125000
1.97661233 25.51117706 0.47101781
2.05471635 25.51117706 0.31016907
2.09513831 25.51117706 0.22762226
2.12196922 25.51117706 0.08589157
2.14270210 25.51117706 -0.00849754
2.17610669 25.51117706 -0.20537877
2.23751736 25.51117706 -0.38135225
2.28968763 25.51117706 -0.51266521
2.28918290 25.51117706 -0.61879218
2.31992483 25.51117706 -0.79825956
2.29381227 25.51117706 -0.95366406
2.29686785 25.51117706 -1.09154177
2.22421217 25.51117706 -1.34680748
2.05918002 25.51117706 -1.37662745
1.91645098 25.51117706 -1.40655494
1.78560162 25.51117706 -1.42769206
1.66453660 25.51117706 -1.44394338
1.54531598 25.51117706 -1.44177055
1.43096161 25.51117706 -1.43432617
1.32933044 25.51117706 -1.44151700
1.24073637 25.51117706 -1.44151258
1.08964849 25.51117706 -1.43365264
0.99634618 25.51117706 -1.41941035
0.85496271 25.51117706 -1.41848695
0.76925772 25.51117706 -1.42377388
0.67615843 25.51117706 -1.42598677
0.57211715 25.51117706 -1.42839921
0.46011403 25.51117706 -1.43449748
0.33911178 25.51117706 -1.43359125
0.21699163 25.51117706 -1.42416620
0.14884584 25.51117706 -1.42245865
0.07567441 25.51117706 -1.41479588
-0.01698606 25.51117706 -1.40904129
-0.10119888 25.51117706 -1.40123880
-0.16092792 25.51117706 -1.39054132
-0.16738829 25.51117706 -1.28902996
-0.17244014 25.51117706 -1.22220767
-0.15196954 25.51117706 -1.13242853
-0.15214530 25.51117706 -1.06709743
-0.14428751 25.51117706 -0.99723727
-0.12289491 25.51117706 -0.93107390
-0.11718644 25.51117706 -0.87111223
-0.11110125 25.51117706 -0.75806397
-0.08717848 25.51117706 -0.69963479
-0.07918770 25.51117706 -0.60341102
-0.07327466 25.51117706 -0.54245621
-0.06998730 25.51117706 -0.44143847
-0.03068819 25.51117706 -0.32545358
0.02464163 25.51117706 -0.21234244
0.06460764 25.51117706 -0.01590833
0.08326730 25.51117706 0.06141394
0.12134087 25.51117706 0.16381264
0.14178260 25.51117706 0.27340552
0.13389993 25.51117706 0.33557475
0.08384070 25.51117706 0.47173601
0.13779920 25.51117706 0.58653969
0.14274605 25.51117706 0.65369093
0.24502419 25.51117706 0.73133087
0.33808079 25.51117706 0.72400439
0.52361721 25.51117706 0.71077752
0.60394841 25.51117706 0.70453167
0.74558163 25.51117706 0.62841272
0.18547000 25.51117706 0.74534625
0.02879771 25.51117706 -0.11034689
1.16569006 25.51117706 -1.44033229
2.33016157 25.51117706 -1.25926292
2.30561566 25.51117706 -0.72178215
2.21682763 25.51117706 -0.25217813
2.01797342 25.51117706 0.40572339
