1.12630689 -59.49703217 0.55921280
1.26913774 -59.49703217 0.55370659
1.20774591 -59.50702667 0.54984546
1.06608212 -59.50702667 0.55336785
0.95682096 -59.50702667 0.54637480
0.89297539 -59.50702667 0.53282571
0.75998569 -59.50702667 0.48282689
0.57687831 -59.50702667 0.50285476
0.66855627 -59.50702667 0.49322402
0.48886737 -59.50702667 0.51942080
0.45372233 -59.50702667 0.42946851
0.44147623 -59.50702667 0.33781320
0.32933050 -59.50702667 0.18763481
0.21600452 -59.50702667 0.01520137
0.26045173 -59.50702667 0.07608387
0.18120216 -59.50702667 -0.04767213
0.12654918 -59.50702667 -0.16386467
0.05148130 -59.50702667 -0.27254310
0.04365100 -59.50702667 -0.40891540
0.03098819 -59.50702667 -0.54518545
0.06488153 -59.50702667 -0.65988576
0.11311796 -59.50702667 -0.79469883
0.14933042 -59.50702667 -0.89229524
0.17267363 -59.50702667 -0.97905099
0.21674031 -59.50702667 -1.09056568
0.25354210 -59.50702667 -1.16649437
0.30778292 -59.50702667 -1.29700065
0.40237892 -59.50702667 -1.36069989
0.52129477 -59.50702667 -1.38638175
0.61263317 -59.50702667 -1.40846574
0.73135495 -59.50702667 -1.42332304
0.84904575 -59.50702667 -1.43237305
0.92305940 -59.50702667 -1.43315637
1.05378759 -59.50702667 -1.44222844
1.20498002 -59.50702667 -1.46511924
1.30540895 -59.50702667 -1.47471869
1.38919342 -59.50702667 -1.47496927
1.49161994 -59.50702667 -1.47908604
1.58877683 -59.50702667 -1.46068370
1.72365749 -59.50702667 -1.45010173
1.85989511 -59.50702667 -1.44884598
2.00508046 -59.50702667 -1.44176733
2.17770743 -59.50702667 -1.44978404
2.36502624 -59.50702667 -1.44446206
2.54130411 -59.50702667 -1.40765858
2.51532841 -59.50702667 -1.20004964
2.59141612 -59.50702667 -1.36887574
2.44860315 -59.50702667 -1.00056040
2.47785401 -59.50702667 -1.12725186
2.43084264 -59.50702667 -0.85322249
2.41609144 -59.50702667 -0.71826893
2.37479329 -59.50702667 -0.58845150
2.35272431 -59.50702667 -0.47497872
2.32078123 -59.50702667 -0.39509511
2.31440425 -59.50702667 -0.29526773
2.28585863 -59.50702667 -0.18043566
2.26449180 -59.50702667 -0.07302616
2.22539115 -59.50702667 0.08080142
2.19679213 -59.50702667 0.13541526
2.16523027 -59.50702667 0.23818657
2.10427260 -59.50702667 0.32441309
2.02039838 -59.50702667 0.44285575
1.91220355 -59.50702667 0.52538055
1.96711969 -59.50702667 0.49016103
1.77904141 -59.50702667 0.61900079
1.84203660 -59.50702667 0.52789909
1.67033815 -59.50702667 0.58023053
1.55402398 -59.50702667 0.57599801
1.44610763 -59.50702667 0.57092446
1.36370945 -59.50702667 0.53377241
