-0.00479065 13.30142975 -0.62619120
0.00696278 13.30142975 -0.76867831
0.01728494 13.30142975 -0.93312234
0.01429936 13.30142975 -1.12156582
2.36569738 13.30142975 -1.11825109
2.35133815 13.30142975 -0.95225775
2.30890512 13.29143524 -0.70165706
2.31339741 13.29143524 -0.87047589
2.38585687 13.29143524 -1.04242885
2.30481601 13.29143524 -1.31285083
2.11577010 13.29143524 -1.38918984
1.93851721 13.29143524 -1.40605104
1.75376236 13.29143524 -1.41058934
1.61193681 13.29143524 -1.41126609
1.44256437 13.29143524 -1.42253327
1.31389880 13.29143524 -1.42007458
1.18445790 13.29143524 -1.42166996
0.97480863 13.29143524 -1.41943264
0.87797475 13.29143524 -1.41343808
0.68059283 13.29143524 -1.38950944
0.55509800 13.29143524 -1.38402665
0.42325661 13.29143524 -1.36877751
0.23283072 13.29143524 -1.31358242
0.01820135 13.29143524 -1.19274092
0.02362593 13.29143524 -0.99892169
0.01262674 13.29143524 -0.83152801
-0.00052064 13.29143524 -0.68981725
-0.00807698 13.29143524 -0.56271881
-0.02984694 13.29143524 -0.45817855
-0.05143892 13.29143524 -0.35297614
-0.06963275 13.29143524 -0.16499934
-0.05346720 13.29143524 -0.09277255
-0.08035947 13.29143524 -0.26482120
0.32808074 13.29143524 -1.33764684
2.27696514 13.29143524 -0.61263883
0.73150766 13.29143524 0.68644214
0.79165345 13.29143524 0.69572312
0.61884332 13.29143524 0.68746662
0.55805671 13.29143524 0.66962630
0.38516873 13.29143524 0.58736366
0.44146317 13.29143524 0.63932699
0.26687914 13.29143524 0.45587850
0.30839005 13.29143524 0.51262236
0.22829717 13.29143524 0.38363507
0.21173710 13.29143524 0.29858628
0.17760278 13.29143524 0.17743045
0.08746729 13.29143524 0.10545833
-0.00198030 13.29143524 0.02587075
2.24400425 13.29143524 -0.51771551
2.18560123 13.29143524 -0.35966042
2.15117097 13.29143524 -0.23759119
2.08247948 13.29143524 -0.07361585
2.05847836 13.29143524 -0.01119792
1.97869396 13.29143524 0.09380544
1.92118227 13.29143524 0.17914781
1.89759719 13.29143524 0.26557580
1.87356889 13.29143524 0.36311513
1.73442435 13.29143524 0.62423670
1.69489312 13.29143524 0.69746119
1.62623298 13.29143524 0.75344032
1.39904654 13.29143524 0.72133446
1.51488078 13.29143524 0.75581264
1.26210129 13.29143524 0.76440060
1.10034478 13.29143524 0.75860280
0.98966020 13.29143524 0.73583668
0.87820137 13.29143524 0.71729457
1.82149720 13.29143524 0.49008101
