0.22867119 55.16054535 0.38354024
-0.25763577 55.16054535 -0.88931257
2.00468302 55.16054535 -1.44618893
2.14265442 55.16054535 -1.23701799
2.13013315 55.16054535 -1.07981765
2.08998370 55.16054535 -0.94838715
0.78129721 55.16054535 0.48632619
0.71407974 55.15055084 0.50210708
0.56462806 55.15055084 0.45849609
0.42991999 55.15055084 0.44314274
0.29872772 55.15055084 0.42774227
0.10089008 55.15055084 0.24868242
0.04955050 55.15055084 0.14709130
0.01545383 55.15055084 0.02728297
-0.00519297 55.15055084 -0.04441490
-0.03445932 55.15055084 -0.15443189
-0.04504588 55.15055084 -0.22294641
-0.08307905 55.15055084 -0.31222549
-0.14232613 55.15055084 -0.47512016
-0.19184075 55.15055084 -0.60672379
-0.23173153 55.15055084 -0.65767860
-0.26514417 55.15055084 -0.79551607
-0.27148321 55.15055084 -0.95671368
-0.37283576 55.15055084 -1.17654753
-0.35636038 55.15055084 -1.11492503
-0.35734046 55.15055084 -1.24267089
-0.32293302 55.15055084 -1.34498048
-0.29123926 55.15055084 -1.39630163
-0.14066543 55.15055084 -1.45592248
-0.01517084 55.15055084 -1.48515391
0.17694595 55.15055084 -1.49841285
0.36815631 55.15055084 -1.49912667
0.45993149 55.15055084 -1.50728226
0.62980294 55.15055084 -1.52390611
0.73155886 55.15055084 -1.52205086
0.80884129 55.15055084 -1.51718009
0.94681013 55.15055084 -1.48952210
1.04329002 55.15055084 -1.44830978
1.14431608 55.15055084 -1.47216153
1.23426449 55.15055084 -1.47328961
1.36319149 55.15055084 -1.47028089
1.49451697 55.15055084 -1.46558321
1.68326211 55.15055084 -1.49626625
1.86957049 55.15055084 -1.47105014
2.06552052 55.15055084 -1.43478882
2.13461828 55.15055084 -1.30504405
2.15459847 55.15055084 -1.16498768
2.07097626 55.15055084 -0.88451171
2.11415267 55.15055084 -0.75328332
1.09062326 55.15055084 0.45156425
1.00942993 55.15055084 0.45112160
0.91406941 55.15055084 0.43924618
0.13592370 55.15055084 0.32684442
-0.12812562 55.15055084 -0.40122858
-0.27590817 55.15055084 -0.70692694
-0.29922926 55.15055084 -1.02523994
-0.21126571 55.15055084 -1.43867183
0.10401016 55.15055084 -1.50463390
0.29434833 55.15055084 -1.49982738
0.56335133 55.15055084 -1.51883185
0.87673527 55.15055084 -1.50645602
2.16442490 55.15055084 -1.36699605
2.13703132 55.15055084 -0.65269351
2.13808465 55.15055084 -0.49812120
2.13950109 55.15055084 -0.42185381
2.11497331 55.15055084 -0.26308757
2.04593134 55.15055084 -0.13082592
2.00829983 55.15055084 -0.00030471
1.96418655 55.15055084 0.07326864
1.91684282 55.15055084 0.17455372
1.87148499 55.15055084 0.26028895
1.78669953 55.15055084 0.34726679
1.46237254 55.15055084 0.37681925
1.61433709 55.15055084 0.35981753
1.20016730 55.15055084 0.38383412
1.33288455 55.15055084 0.38547978
