-0.19118373 22.92122650 0.73606175
0.22521649 22.92122650 -1.39181459
0.48128632 22.92122650 -1.40045142
2.28744411 22.92122650 -1.34101164
-1.12709641 22.92122650 0.71832687
-1.88701820 22.92122650 -1.43611038
-2.21617460 22.92122650 0.74722892
-2.42719245 22.92122650 0.65749168
-3.74206781 22.92122650 0.50268340
-0.79584789 22.92122650 0.76790714
-3.82058096 22.92122650 0.40396893
0.00576950 22.91123199 0.70954704
-0.12808730 22.91123199 0.70526063
-0.28040132 22.91123199 0.77609855
-0.36478305 22.91123199 0.77033269
-0.41707191 22.91123199 -1.44716179
-0.36599851 22.91123199 -1.37273026
-0.20075345 22.91123199 -1.38427472
-0.08283793 22.91123199 -1.38485503
0.08655141 22.91123199 -1.38660884
0.29227972 22.91123199 -1.39338553
0.42060071 22.91123199 -1.39583385
0.54306400 22.91123199 -1.40556788
0.70955873 22.91123199 -1.41190636
0.87057054 22.91123199 -1.40341544
0.93181425 22.91123199 -1.39784551
0.23360185 22.91123199 0.76029396
0.12444762 22.91123199 0.75240040
0.06491861 22.91123199 0.73957294
-0.48460537 22.91123199 0.76980001
-0.54700583 22.91123199 -1.45236635
0.99642015 22.91123199 -1.39527357
0.43689314 22.91123199 0.79286015
0.35698333 22.91123199 0.78732115
1.21197748 22.91123199 -1.38572741
1.38301504 22.91123199 -1.37889695
1.64996684 22.91123199 -1.38655198
1.91631675 22.91123199 -1.36152542
2.22665405 22.91123199 -1.34548104
2.48590040 22.91123199 -1.32794809
2.94019675 22.91123199 -1.28452301
3.40293479 22.91123199 -1.15298700
3.13609743 22.91123199 -1.25795293
3.51242614 22.91123199 -1.10597146
3.55329370 22.91123199 -0.88826030
3.54673290 22.91123199 -1.04210019
3.56809616 22.91123199 -0.31797436
3.56262350 22.91123199 -0.69423193
3.64334822 22.91123199 0.06542487
3.60116529 22.91123199 -0.11165097
3.65918541 22.91123199 0.34378475
3.65214682 22.91123199 0.17839146
3.63438392 22.91123199 0.73384017
3.64143920 22.91123199 0.55039793
3.50740671 22.91123199 0.93150240
3.61967206 22.91123199 0.80941021
2.93345666 22.91123199 1.03674555
3.37481332 22.91123199 1.00114572
1.93862391 22.91123199 0.93109554
2.52247024 22.91123199 1.01241922
1.82654905 22.91123199 0.89708167
1.41098595 22.91123199 0.84060419
1.14670515 22.91123199 0.82903540
0.74133074 22.91123199 0.80963272
0.59507889 22.91123199 0.80527472
0.49704078 22.91123199 0.79850101
3.56720328 22.91123199 -0.79785979
2.69695973 22.91123199 1.03600204
-0.94883680 22.91123199 0.76557970
-1.05414510 22.91123199 0.73096770
-0.84663725 22.91123199 -1.48883951
-0.93099344 22.91123199 -1.49116266
-1.12882459 22.91123199 -1.49200451
-1.21597862 22.91123199 0.69588560
-1.34179008 22.91123199 -1.49120986
-1.42325032 22.91123199 0.75718075
-1.48750651 22.91123199 0.77489763
-1.55254626 22.91123199 -1.46335232
-1.44146729 22.91123199 -1.48918784
-1.57104433 22.91123199 0.78263485
-1.68823528 22.91123199 -1.44011223
-1.75007176 22.91123199 0.79628098
-1.84614432 22.91123199 0.76874286
-2.02998829 22.91123199 0.77243078
-1.95094872 22.91123199 -1.42764664
-2.13807702 22.91123199 0.76148754
-2.01323533 22.91123199 -1.42679238
-2.25437164 22.91123199 -1.44948483
-2.52003455 22.91123199 -1.46025372
-2.29380274 22.91123199 0.73657894
-2.51659298 22.91123199 0.64528227
-2.58632469 22.91123199 -1.45848572
-2.60293818 22.91123199 0.66202110
-2.79795074 22.91123199 -1.48576367
-2.78033257 22.91123199 0.63754165
-2.92300892 22.91123199 0.64429611
-2.90935612 22.91123199 -1.49283910
-2.98848534 22.91123199 -1.49679196
-3.08484530 22.91123199 -1.49861789
-3.04345536 22.91123199 0.63694227
-3.23043823 22.91123199 -1.49622262
-3.19719768 22.91123199 0.61210501
-3.31363320 22.91123199 0.60570538
-3.35789704 22.91123199 -1.49133289
-3.47376513 22.91123199 0.65069467
-3.39507365 22.91123199 0.62542480
-3.58389997 22.91123199 -1.49310803
-3.65148830 22.91123199 -1.49242818
-3.59580350 22.91123199 0.69009483
-3.78803682 22.91123199 -1.40637755
-3.65344977 22.91123199 0.62132782
-3.90904689 22.91123199 -1.38383734
-0.64837801 22.91123199 -1.45831013
-0.60583043 22.91123199 0.77206057
-0.76833081 22.91123199 -1.47903645
-3.85508251 22.91123199 0.31281289
-3.85825443 22.91123199 0.21526791
-3.87626815 22.91123199 -0.35037577
-3.87949228 22.91123199 -0.45218486
-3.90682745 22.91123199 -1.31708169
-3.89305162 22.91123199 -0.88133037
0.29223630 22.91620064 0.77294922
