0.25204945 -71.71677399 0.61434639
0.21907759 -71.71677399 -1.03969908
0.72737646 -71.71677399 0.78811681
0.59824067 -71.71677399 0.75936675
0.53840268 -71.72676849 0.75678015
0.45423216 -71.72676849 0.73034549
0.36772937 -71.72676849 0.69052756
0.16052876 -71.72676849 0.36358953
0.17956692 -71.72676849 0.27137908
0.21236679 -71.72676849 0.17005931
0.22279820 -71.72676849 0.07933506
0.22888982 -71.72676849 -0.04316764
0.19401683 -71.72676849 -0.23149860
0.18122071 -71.72676849 -0.29778349
0.18869653 -71.72676849 -0.38765794
0.20880367 -71.72676849 -0.48687634
0.20700823 -71.72676849 -0.59430146
0.19942795 -71.72676849 -0.69003779
0.20935439 -71.72676849 -0.81253946
0.22090556 -71.72676849 -0.94436389
0.22414486 -71.72676849 -1.09898031
0.22931138 -71.72676849 -1.21435618
0.26235914 -71.72676849 -1.29269445
0.40646353 -71.72676849 -1.40233791
0.54156274 -71.72676849 -1.40825129
0.63619757 -71.72676849 -1.41095376
0.73023593 -71.72676849 -1.41914570
0.83845013 -71.72676849 -1.43129885
1.02372360 -71.72676849 -1.44889212
1.20248508 -71.72676849 -1.46301568
1.13639355 -71.72676849 -1.45838678
1.29674411 -71.72676849 -1.46688199
1.40581882 -71.72676849 -1.46696734
1.53900468 -71.72676849 -1.45879185
1.60021007 -71.72676849 -1.45265555
1.82121325 -71.72676849 -1.46848392
1.96963441 -71.72676849 -1.46118200
2.13120270 -71.72676849 -1.46450794
2.32093287 -71.72676849 -1.43395722
2.37967086 -71.72676849 -1.41782093
2.46330070 -71.72676849 -1.33610225
2.45449805 -71.72676849 -1.10927975
2.42285776 -71.72676849 -0.93856633
2.39487720 -71.72676849 -0.77383387
2.38425422 -71.72676849 -0.62691104
2.38961244 -71.72676849 -0.48373476
2.34104848 -71.72676849 -0.35776693
2.29536891 -71.72676849 -0.24043226
2.27036238 -71.72676849 -0.13763005
2.20981789 -71.72676849 0.09630641
2.18284512 -71.72676849 0.22004859
2.18853259 -71.72676849 0.35812908
2.19543290 -71.72676849 0.48357350
2.05985832 -71.72676849 0.73362154
1.91400480 -71.72676849 0.82165766
1.69993436 -71.72676849 0.86914939
1.40265453 -71.72676849 0.89518970
1.29032409 -71.72676849 0.88299066
1.15151989 -71.72676849 0.89205432
1.05013335 -71.72676849 0.88707709
0.87612236 -71.72676849 0.86524773
0.78365248 -71.72676849 0.81643093
0.65902895 -71.72676849 0.75606412
0.29911861 -71.72676849 0.66184026
0.18689759 -71.72676849 0.57284570
0.16910468 -71.72676849 0.49553901
0.23061082 -71.72676849 -0.15304372
0.29379866 -71.72676849 -1.38080108
2.45549202 -71.72676849 -1.40850353
2.22665787 -71.72676849 -0.03131781
2.18267131 -71.72676849 0.60077596
1.50063944 -71.72676849 0.88994640
