1.10359740 22.66123199 -1.37582242
1.29361725 22.66123199 -1.37175560
1.53968763 22.66123199 -1.38666618
1.65647709 22.66123199 -1.39318097
2.59213066 22.66123199 -1.31220889
-1.16437554 22.66123199 0.69593620
-0.93666041 22.66123199 -1.48279607
-1.76969576 22.66123199 0.72506815
-2.97591519 22.66123199 0.67473239
-0.81056291 22.66123199 0.73006451
-0.20389722 22.65123749 0.76665068
-0.11414962 22.65123749 0.69326448
0.01016588 22.65123749 0.73266244
0.07835495 22.65123749 0.73907727
0.17526156 22.65123749 0.75407749
0.33199430 22.65123749 0.80277580
0.62233800 22.65123749 0.83970684
0.77952641 22.65123749 0.85069638
1.71594107 22.65123749 -1.39615476
1.36594272 22.65123749 -1.37870896
0.91775775 22.65123749 -1.40610170
0.79471034 22.65123749 -1.40891087
0.60703945 22.65123749 -1.40995455
0.33804426 22.65123749 -1.39227688
0.20623679 22.65123749 -1.38818491
0.03684648 22.65123749 -1.39315307
-0.13225780 22.65123749 -1.45134175
-0.25950792 22.65123749 -1.45703912
-0.39879966 22.65123749 -1.46329546
-0.50499964 22.65123749 -1.46815658
-0.53882247 22.65123749 0.74149036
-0.40476805 22.65123749 0.73035866
-0.29666063 22.65123749 0.76611423
-0.48025560 22.65123749 0.75670034
0.50978404 22.65123749 -1.40185690
1.17843235 22.65123749 -1.36340880
1.95212436 22.65123749 -1.36932373
1.06794965 22.65123749 0.86381829
0.68804038 22.65123749 0.84663785
0.50969464 22.65123749 0.82155472
0.42384157 22.65123749 0.80925953
0.26342967 22.65123749 0.78764033
2.37377286 22.65123749 -1.33458877
2.50638485 22.65123749 -1.32019186
3.28758931 22.65123749 -1.20064580
3.53502989 22.65123749 -1.04353571
3.36981606 22.65123749 -1.16823912
3.53908682 22.65123749 -0.94885117
3.49752235 22.65123749 -0.63586259
3.54172969 22.65123749 -0.88775396
3.58182096 22.65123749 -0.05072742
3.50031567 22.65123749 -0.47377416
3.61458302 22.65123749 0.26142496
3.60338974 22.65123749 0.04023257
3.62550163 22.65123749 0.56973350
3.61857295 22.65123749 0.35446513
3.59886551 22.65123749 0.86875987
3.53060102 22.65123749 0.94442004
2.40551686 22.65123749 0.93115890
3.28961134 22.65123749 0.99750656
2.25961590 22.65123749 0.90951687
1.69015431 22.65123749 0.89083165
1.29062140 22.65123749 0.87348813
3.62131238 22.65123749 0.68020570
-0.96624815 22.65123749 0.71980190
-0.86664557 22.65123749 -1.47990477
-1.07020605 22.65123749 -1.48807943
-1.15049720 22.65123749 -1.49101079
-1.23756695 22.65123749 0.68853211
-1.32532585 22.65123749 -1.48879588
-1.32880425 22.65123749 0.69480741
-1.46663141 22.65123749 -1.48496747
-1.53661823 22.65123749 0.71619058
-1.71065354 22.65123749 -1.44317269
-1.87825584 22.65123749 -1.43991184
-1.82905245 22.65123749 0.72666919
-1.97470641 22.65123749 -1.42553556
-2.09023762 22.65123749 0.78266859
-2.08057165 22.65123749 -1.42408359
-2.26284099 22.65123749 0.76947939
-2.27865505 22.65123749 -1.44272447
-2.45761847 22.65123749 0.71036977
-2.45377374 22.65123749 -1.44687545
-2.54527617 22.65123749 -1.45684087
-2.66085219 22.65123749 -1.45375860
-2.56259370 22.65123749 0.68238646
-2.82424664 22.65123749 -1.47481954
-2.80658054 22.65123749 0.65926170
-2.99994087 22.65123749 -1.46275735
-2.88037133 22.65123749 0.66810638
-3.11267638 22.65123749 -1.48603880
-3.07074976 22.65123749 0.68329740
-3.21893668 22.65123749 -1.48910296
-3.27123356 22.65123749 0.67571771
-3.38718605 22.65123749 -1.49589872
-3.53543806 22.65123749 0.72501606
-3.38801861 22.65123749 0.68314528
-3.47673321 22.65123749 -1.48839903
-3.61805081 22.65123749 0.74852061
-3.91877460 22.65123749 -1.40055680
-3.71003342 22.65123749 0.65624595
-3.72779155 22.65123749 -1.46197844
-0.72332293 22.65123749 -1.47823203
-0.87823629 22.65123749 0.72548360
-3.88020897 22.65123749 0.46988678
-3.88496017 22.65123749 0.32613492
-3.88254905 22.65123749 0.40034765
-3.88999772 22.65123749 0.16714689
-3.90192127 22.65123749 -0.20670344
-3.93177485 22.65123749 -1.14725506
-3.92901182 22.65123749 -1.06155264
-3.92410040 22.65123749 -0.90729266
-3.91691494 22.65123749 -0.67988235
