0.82226169 -44.67734528 0.85481119
0.14986002 -44.67734528 0.52196592
1.47316337 -44.67734528 0.87575412
0.51218534 -44.68733978 0.82376575
0.59234697 -44.68733978 0.79064453
0.39216843 -44.68733978 0.75736076
0.30584532 -44.68733978 0.64332926
0.34478500 -44.68733978 0.70116007
0.20340665 -44.68733978 0.55372667
0.12070012 -44.68733978 0.46799889
0.14074107 -44.68733978 0.40973607
0.13501281 -44.68733978 0.17635466
0.12699762 -44.68733978 0.24132943
0.12785381 -44.68733978 0.10756654
0.08671174 -44.68733978 -0.08090628
0.05728442 -44.68733978 -0.17217921
-0.03088101 -44.68733978 -0.30766761
-0.01673057 -44.68733978 -0.24803048
-0.02991210 -44.68733978 -0.38334584
-0.03875675 -44.68733978 -0.49354002
-0.06700952 -44.68733978 -0.66014594
-0.02360930 -44.68733978 -0.86683357
-0.03329252 -44.68733978 -0.80411273
-0.03169916 -44.68733978 -0.95097679
-0.06299154 -44.68733978 -1.15907955
-0.03845705 -44.68733978 -1.05257416
-0.07196875 -44.68733978 -1.31223917
-0.04580952 -44.68733978 -1.25404835
0.01771566 -44.68733978 -1.43414223
-0.03551431 -44.68733978 -1.40333819
0.20869270 -44.68733978 -1.45884514
0.11877082 -44.68733978 -1.44600403
0.40154609 -44.68733978 -1.45480037
0.31572953 -44.68733978 -1.45561588
0.58653802 -44.68733978 -1.43934000
0.50522929 -44.68733978 -1.44785810
0.73323870 -44.68733978 -1.44323802
0.66264755 -44.68733978 -1.44065940
0.88219970 -44.68733978 -1.44166982
0.81941313 -44.68733978 -1.44256055
1.03750563 -44.68733978 -1.43948519
1.20493007 -44.68733978 -1.44978726
1.13833094 -44.68733978 -1.44805288
1.42516208 -44.68733978 -1.44116199
1.34037507 -44.68733978 -1.44511068
1.56073058 -44.68733978 -1.42622888
1.67245591 -44.68733978 -1.41410470
1.74837160 -44.68733978 -1.41255975
1.87892556 -44.68733978 -1.40718448
2.08832002 -44.68733978 -1.40862155
2.02190518 -44.68733978 -1.40449238
2.23543000 -44.68733978 -1.40765262
2.17225575 -44.68733978 -1.41239083
2.31338573 -44.68733978 -1.39531362
2.45075393 -44.68733978 -1.30447078
2.43955016 -44.68733978 -1.19843960
2.41745734 -44.68733978 -0.99393678
2.43060780 -44.68733978 -1.06746435
2.37759876 -44.68733978 -0.71896559
2.39114451 -44.68733978 -0.78112805
2.38912249 -44.68733978 -0.60201371
2.38043427 -44.68733978 -0.48407194
2.40075183 -44.68733978 -0.31900060
2.38779020 -44.68733978 -0.25194284
2.39996696 -44.68733978 -0.16695198
2.38803411 -44.68733978 -0.07101789
2.35834599 -44.68733978 0.04292995
2.32318425 -44.68733978 0.12644605
2.29192638 -44.68733978 0.26366225
2.26867390 -44.68733978 0.33152220
2.22047663 -44.68733978 0.42817596
2.17723274 -44.68733978 0.52792323
2.15876961 -44.68733978 0.59730470
2.17172909 -44.68733978 0.68026102
1.99767375 -44.68733978 0.81496519
1.93612385 -44.68733978 0.83366054
1.80073166 -44.68733978 0.84958446
1.71499527 -44.68733978 0.86732984
1.61815357 -44.68733978 0.88342100
1.54903543 -44.68733978 0.88287848
1.40661347 -44.68733978 0.87393796
1.31147313 -44.68733978 0.88574135
1.14888334 -44.68733978 0.88483143
1.08821058 -44.68733978 0.87982160
1.01436913 -44.68733978 0.89108217
0.88172257 -44.68733978 0.86636561
0.68342209 -44.68733978 0.80963266
0.95160818 -44.68733978 0.87467712
0.76585752 -44.68733978 0.82841444
0.10312701 -44.68733978 0.30807254
0.05248725 -44.68733978 -0.01254648
-0.08602137 -44.68733978 -0.58731854
1.27059400 -44.68733978 -1.44732416
2.40945911 -44.68733978 -1.35542166
2.39714956 -44.68733978 -0.87175280
2.34440517 -44.68733978 0.18766594
2.12608290 -44.68733978 0.75185823
2.06186223 -44.68733978 0.80419624
1.86961007 -44.68733978 0.85093516
1.20923162 -44.68733978 0.89237058
