2.30901289 -34.54755402 0.51690590
2.34585190 -34.54755402 0.44865397
2.36141491 -34.54755402 0.37774754
2.38900971 -34.54755402 0.29651159
2.39976597 -34.54755402 0.20165823
2.40919113 -34.54755402 0.10477255
2.43258309 -34.54755402 0.04682979
2.44142246 -34.54755402 -0.01315439
2.44333982 -34.54755402 -0.08408844
2.45148277 -34.54755402 -0.21791837
2.45738792 -34.54755402 -0.33696541
2.45497704 -34.54755402 -0.42513850
2.47969294 -34.54755402 -0.49028850
2.51779366 -34.54755402 -0.66030401
2.57603002 -34.54755402 -0.83369660
2.57942152 -34.54755402 -0.90561157
2.64715290 -34.54755402 -1.18454003
2.66592026 -34.54755402 -1.27683902
2.62366128 -34.54755402 -1.36793458
2.57712626 -34.54755402 -1.41815674
2.50491118 -34.54755402 -1.42734289
2.38590956 -34.54755402 -1.44632471
2.31907868 -34.54755402 -1.44642079
2.19594288 -34.54755402 -1.44747519
2.10719633 -34.54755402 -1.44682384
1.97952330 -34.54755402 -1.44875324
1.84919083 -34.54755402 -1.44833481
1.65049553 -34.54755402 -1.44563639
1.51601350 -34.54755402 -1.46169913
1.44946337 -34.54755402 -1.46008277
1.37992656 -34.54755402 -1.46222484
1.31437230 -34.54755402 -1.46116698
1.24128377 -34.54755402 -1.44978321
1.17261052 -34.54755402 -1.44632137
1.07294452 -34.54755402 -1.47034025
0.99751055 -34.54755402 -1.46789849
0.91402650 -34.54755402 -1.46451914
0.82931525 -34.54755402 -1.46066093
0.73113418 -34.54755402 -1.45779407
0.66359264 -34.54755402 -1.46398890
0.57833385 -34.54755402 -1.47034550
0.50176924 -34.54755402 -1.47685134
0.38594708 -34.54755402 -1.46558273
0.31311575 -34.54755402 -1.41577077
0.30853382 -34.54755402 -1.34709680
0.29781532 -34.54755402 -1.28488433
0.26264963 -34.54755402 -1.19435978
0.25502202 -34.54755402 -1.08421934
0.26494160 -34.54755402 -0.97028404
0.29637888 -34.54755402 -0.91803968
0.29174805 -34.54755402 -0.84649849
0.24224514 -34.54755402 -0.78615725
0.23293668 -34.54755402 -0.59920013
0.22776158 -34.54755402 -0.53039575
0.20154251 -34.54755402 -0.46879554
0.19182172 -34.54755402 -0.34116900
0.16508821 -34.54755402 -0.26544055
0.16015859 -34.54755402 -0.11837048
0.13307971 -34.54755402 -0.02963320
0.10994913 -34.54755402 0.07222035
0.09381638 -34.54755402 0.16624241
0.09289473 -34.54755402 0.26970443
0.17198165 -34.54755402 0.35102054
0.26299226 -34.54755402 0.43326449
0.33337566 -34.54755402 0.47029144
0.42813349 -34.54755402 0.50583303
0.51386946 -34.54755402 0.54863089
0.61731321 -34.54755402 0.59457338
0.67766684 -34.54755402 0.61872679
0.75968581 -34.54755402 0.64543855
1.04352450 -34.54755402 0.66068751
1.24029243 -34.54755402 0.66891497
1.30811858 -34.54755402 0.67820823
1.49402809 -34.54755402 0.68670636
1.77206111 -34.54755402 0.69549751
1.96783519 -34.54755402 0.66566616
1.37985218 -34.54755402 0.68387103
1.15913355 -34.54755402 0.64624703
1.58658862 -34.54755402 -1.46144688
1.76288068 -34.54755402 -1.44776118
2.59698701 -34.54755402 -0.98948640
2.56516886 -34.54755402 -0.76259649
2.22878551 -34.54755402 0.55702329
1.85790014 -34.54755402 0.68127304
