0.71363962 -7.49813080 0.33686239
0.46717110 -7.49813080 0.23284467
0.14636393 -7.49813080 -0.58856744
0.12047936 -7.49813080 -0.83103758
1.53619587 -7.49813080 0.61402345
0.97024196 -7.50812531 0.47516620
0.84465986 -7.50812531 0.38969502
0.79528451 -7.50812531 0.33856684
0.63216233 -7.50812531 0.33297488
0.55566299 -7.50812531 0.26180890
0.39595753 -7.50812531 0.19884990
0.28248179 -7.50812531 0.06105157
0.30346861 -7.50812531 -0.04394170
0.22301275 -7.50812531 -0.12120949
0.24026823 -7.50812531 -0.36572787
0.13253812 -7.50812531 -0.49473861
0.17076795 -7.50812531 -0.44162607
0.14451887 -7.50812531 -0.64796638
0.11491442 -7.50812531 -0.89520210
0.09069074 -7.50812531 -1.01500177
0.07634637 -7.50812531 -1.13478005
0.09292910 -7.50812531 -1.32693815
0.18979740 -7.50812531 -1.32756257
0.40087336 -7.50812531 -1.33069420
0.33282697 -7.50812531 -1.33842289
0.50173670 -7.50812531 -1.33728766
0.62706298 -7.50812531 -1.36124420
0.76432145 -7.50812531 -1.37702799
0.89016098 -7.50812531 -1.38795900
1.06750441 -7.50812531 -1.38923216
1.19171154 -7.50812531 -1.40631187
1.34173465 -7.50812531 -1.41255558
1.44061875 -7.50812531 -1.41168952
1.53979933 -7.50812531 -1.41015065
1.77582872 -7.50812531 -1.41585982
1.92179787 -7.50812531 -1.42167735
2.07463431 -7.50812531 -1.40216219
2.19763279 -7.50812531 -1.37889206
2.23801470 -7.50812531 -1.20138490
2.24777079 -7.50812531 -1.12310231
2.27680707 -7.50812531 -0.94035965
2.33804703 -7.50812531 -0.67733568
2.33077979 -7.50812531 -0.52825218
2.37233496 -7.50812531 -0.39721587
2.36154866 -7.50812531 -0.32163820
2.36759114 -7.50812531 -0.18052258
2.36298299 -7.50812531 -0.11501972
2.33373904 -7.50812531 -0.01490164
2.29630327 -7.50812531 0.11098347
1.15014172 -7.50812531 0.56252527
1.04097450 -7.50812531 0.50689387
0.87527174 -7.50812531 0.44197100
0.26387379 -7.50812531 0.15190071
0.20030783 -7.50812531 -0.26667586
0.13073477 -7.50812531 -0.74183667
0.06394073 -7.50812531 -1.26370943
1.70331836 -7.50812531 -1.42003691
2.29069352 -7.50812531 -0.85046512
1.20231056 -7.50812531 0.59480846
2.23616052 -7.50812531 0.22857353
2.16499662 -7.50812531 0.28579250
2.10814881 -7.50812531 0.38515776
1.97642255 -7.50812531 0.39160490
1.84981668 -7.50812531 0.45318630
1.91526985 -7.50812531 0.44199303
1.71832895 -7.50812531 0.52005875
1.61965919 -7.50812531 0.58233178
1.47546554 -7.50812531 0.61147940
1.35212767 -7.50812531 0.62946600
1.27753520 -7.50812531 0.64079642
