2.70222259 8.36153412 -1.29631829
2.57361126 8.36153412 -1.35911822
2.42125010 8.36153412 -1.37213910
2.27269220 8.36153412 -1.37052774
0.24999267 8.36153412 -1.17557275
0.23808688 8.36153412 -0.95737857
0.35157210 8.36153412 -0.48040703
2.37490821 8.36153412 0.38620117
2.59607029 8.35153961 -0.37506410
2.65529132 8.35153961 -0.56273854
2.67614388 8.35153961 -0.74245512
2.71323347 8.35153961 -0.85826075
2.74315429 8.35153961 -0.98597008
2.73602867 8.35153961 -1.10418904
2.74163580 8.35153961 -1.21421397
2.65723920 8.35153961 -1.34345198
2.50803518 8.35153961 -1.37137151
2.34420204 8.35153961 -1.37247646
2.20407820 8.35153961 -1.36937904
2.09657764 8.35153961 -1.38960385
1.91459787 8.35153961 -1.41984725
1.82431555 8.35153961 -1.42794001
1.75865233 8.35153961 -1.42364395
1.66807103 8.35153961 -1.42197311
1.48387361 8.35153961 -1.42730629
1.39545834 8.35153961 -1.43242896
1.31899369 8.35153961 -1.43153858
1.25216937 8.35153961 -1.43381906
1.17783964 8.35153961 -1.42200840
1.08174980 8.35153961 -1.40514660
0.91035581 8.35153961 -1.38504863
0.81261683 8.35153961 -1.37960672
0.69288909 8.35153961 -1.35172522
0.54957163 8.35153961 -1.33965361
0.40439284 8.35153961 -1.32992697
0.22396964 8.35153961 -1.05919158
0.25869280 8.35153961 -0.86656874
0.27499735 8.35153961 -0.79457039
0.33631766 8.35153961 -0.58639628
0.35620981 8.35153961 -0.41835889
0.36957026 8.35153961 -0.29248530
0.37754053 8.35153961 -0.06679242
0.41476694 8.35153961 0.03393190
0.44458583 8.35153961 0.09714413
0.45615909 8.35153961 0.20889805
0.54769009 8.35153961 0.37669548
0.77656591 8.35153961 0.47828698
2.01183558 8.35153961 -1.40620422
1.01479340 8.35153961 -1.38531291
0.28034014 8.35153961 -1.27020991
0.30623776 8.35153961 -0.68016899
0.37091279 8.35153961 -0.20207204
0.60996908 8.35153961 0.47449663
2.12876344 8.35153961 0.46099913
2.26804876 8.35153961 0.46151567
2.35625029 8.35153961 0.44324934
2.44013762 8.35153961 0.27066746
2.49108863 8.35153961 0.18120545
2.54602981 8.35153961 0.06333629
2.57199168 8.35153961 -0.03945493
2.58174849 8.35153961 -0.14075713
2.59726858 8.35153961 -0.24548039
0.88518763 8.35153961 0.52497017
1.00396895 8.35153961 0.52305025
1.12677431 8.35153961 0.57576519
1.20410800 8.35153961 0.58370799
1.32485604 8.35153961 0.58897084
1.44300067 8.35153961 0.54084694
1.53151774 8.35153961 0.53511292
1.67861044 8.35153961 0.50094908
1.80543816 8.35153961 0.46235868
1.98761964 8.35153961 0.41429186
