0.21611416 52.04061127 0.31997699
1.07348764 52.04061127 -1.45976532
1.79812527 52.04061127 -1.45176458
2.03238559 52.04061127 -1.36299407
0.79931498 52.03061676 0.41650021
0.73834473 52.03061676 0.39658642
0.66143358 52.03061676 0.38994536
0.53407472 52.03061676 0.40447268
0.47730744 52.03061676 0.36207920
0.36765590 52.03061676 0.33139300
0.15610044 52.03061676 0.29642433
0.12056249 52.03061676 0.21762107
0.09840262 52.03061676 0.12541586
0.08129575 52.03061676 0.01972178
0.03871376 52.03061676 -0.08684130
0.01828655 52.03061676 -0.19140719
-0.00503489 52.03061676 -0.29797062
-0.01275766 52.03061676 -0.41382352
-0.03357499 52.03061676 -0.54082114
-0.11198136 52.03061676 -0.68808484
-0.12530689 52.03061676 -0.75219309
-0.12862146 52.03061676 -0.90885568
-0.09577189 52.03061676 -1.05921602
-0.05748939 52.03061676 -1.17571938
0.06298130 52.03061676 -1.35756600
0.14766422 52.03061676 -1.40102351
0.30114084 52.03061676 -1.44924986
0.59293437 52.03061676 -1.47112191
0.76570940 52.03061676 -1.46477866
0.89552397 52.03061676 -1.46811926
1.14426506 52.03061676 -1.45817351
1.28499043 52.03061676 -1.45965886
1.42632079 52.03061676 -1.45823312
1.56993234 52.03061676 -1.48018575
1.71395540 52.03061676 -1.46487415
1.85891795 52.03061676 -1.44218123
1.97830808 52.03061676 -1.40933812
2.08669853 52.03061676 -1.25636518
2.13027501 52.03061676 -1.09316969
2.17478275 52.03061676 -0.95705664
1.47197819 52.03061676 0.57808256
1.23628616 52.03061676 0.59994048
1.15410721 52.03061676 0.58653611
1.05347371 52.03061676 0.62850857
1.00903296 52.03061676 0.58748567
0.97406912 52.03061676 0.53559506
0.91837364 52.03061676 0.49161136
0.82535332 52.03061676 0.51779222
-0.03360239 52.03061676 -1.23280168
0.48166543 52.03061676 -1.46258152
1.54881871 52.03061676 0.57902771
1.33727598 52.03061676 0.56307715
2.20356274 52.03061676 -0.82172167
2.22811770 52.03061676 -0.69454038
2.17111182 52.03061676 -0.53391176
2.20249104 52.03061676 -0.33663261
2.27102804 52.03061676 -0.25258416
2.30809593 52.03061676 -0.19708776
2.28607869 52.03061676 -0.08037496
2.25081182 52.03061676 0.05849667
2.19280386 52.03061676 0.13684498
2.00690365 52.03061676 0.29432955
1.96699536 52.03061676 0.38837710
1.79229331 52.03061676 0.49049032
1.87544143 52.03061676 0.46076265
1.69905722 52.03061676 0.51940989
1.64753985 52.03061676 0.55355144
2.12704754 52.03061676 0.21636200
