0.78244352 -8.54810333 0.31647637
0.67609751 -8.54810333 0.27113298
0.58143026 -8.54810333 0.22256176
0.49054110 -8.54810333 0.03488331
0.53176749 -8.54810333 0.17096765
0.45391062 -8.54810333 -0.02220266
0.39823171 -8.54810333 -0.10591839
0.41753870 -8.54810333 -0.20300159
0.33814225 -8.54810333 -0.39705223
0.37026927 -8.54810333 -0.34597248
0.28797424 -8.54810333 -0.62158072
0.26405948 -8.54810333 -0.47971681
0.20679146 -8.54810333 -0.68366510
0.17207842 -8.54810333 -0.74886495
0.17399426 -8.54810333 -0.84003526
0.18964398 -8.54810333 -0.94057626
0.21226071 -8.54810333 -1.20344031
0.21099105 -8.54810333 -1.12008226
0.31833836 -8.54810333 -1.35976899
0.48995435 -8.54810333 -1.36270070
0.60618526 -8.54810333 -1.38108838
0.70736599 -8.54810333 -1.39440441
0.80661952 -8.54810333 -1.40115511
0.94808531 -8.54810333 -1.40757549
0.88743901 -8.54810333 -1.40454221
1.02689564 -8.54810333 -1.40176368
1.08818746 -8.54810333 -1.39613569
1.23256218 -8.54810333 -1.41045904
1.16729403 -8.54810333 -1.40562248
1.31813288 -8.54810333 -1.41265059
1.40368652 -8.54810333 -1.41400194
1.51298547 -8.54810333 -1.40115690
1.64695036 -8.54810333 -1.42395091
1.58473718 -8.54810333 -1.41747880
1.73148799 -8.54810333 -1.42167759
1.82480502 -8.54810333 -1.41772497
1.92654300 -8.54810333 -1.41563869
2.04924512 -8.54810333 -1.40958941
2.17422342 -8.54810333 -1.39513063
2.25655842 -8.54810333 -1.35468221
2.35820889 -8.54810333 -1.31411135
2.36496258 -8.54810333 -1.19640398
2.39403200 -8.54810333 -1.03689623
2.40255427 -8.54810333 -0.96512079
2.43130994 -8.54810333 -0.82770598
2.45334101 -8.54810333 -0.65830892
2.42664623 -8.54810333 -0.73693734
2.49402857 -8.54810333 -0.57754678
2.47295570 -8.54810333 -0.47724241
2.48837519 -8.54810333 -0.39757290
2.43144155 -8.54810333 -0.32409188
2.40026641 -8.54810333 -0.22955655
2.35449886 -8.54810333 -0.04084340
2.40548825 -8.54810333 -0.13750483
2.27973866 -8.54810333 0.15890045
2.24422240 -8.54810333 0.23351780
2.18872213 -8.54810333 0.28559968
2.09506488 -8.54810333 0.31835446
1.87574148 -8.54810333 0.39971316
2.00378442 -8.54810333 0.33441764
1.74469101 -8.54810333 0.44365916
1.81288826 -8.54810333 0.40961146
1.68044257 -8.54810333 0.45456979
1.25615001 -8.54810333 0.47991049
1.54497826 -8.54810333 0.45217544
1.17561781 -8.54810333 0.48769051
1.10382020 -8.54810333 0.48487589
0.97609353 -8.54810333 0.41554990
0.88955331 -8.54810333 0.37095082
0.18254748 -8.54810333 -1.32755411
2.35152721 -8.54810333 0.02109177
1.60923862 -8.54810333 0.45508075
