0.18754949 24.48119354 -1.47791433
0.04762359 24.48119354 -1.45257092
-0.08750243 24.48119354 -1.38055634
-0.31903601 24.48119354 -1.07381475
-0.27636790 24.48119354 -0.89528489
-0.20080017 24.48119354 -0.70501137
-0.15926674 24.48119354 -0.54180443
-0.08818701 24.48119354 -0.38684738
-0.07559309 24.48119354 -0.24640861
-0.01613136 24.48119354 0.02186968
0.33209732 24.48119354 0.63761008
0.40478632 24.47119904 0.66370928
0.23354182 24.47119904 0.59290051
0.15736102 24.47119904 0.43482646
0.14374930 24.47119904 0.20254080
0.03747478 24.47119904 0.10748924
-0.06935159 24.47119904 -0.06311852
-0.10903471 24.47119904 -0.15958035
-0.05843772 24.47119904 -0.30790976
-0.11569852 24.47119904 -0.45478895
-0.19544470 24.47119904 -0.61318398
-0.20915253 24.47119904 -0.77346212
-0.32369861 24.47119904 -0.98926413
-0.31021130 24.47119904 -1.13713360
-0.25813141 24.47119904 -1.24007499
-0.20522048 24.47119904 -1.28608799
-0.03020782 24.47119904 -1.42658508
0.11247998 24.47119904 -1.47272098
0.28554797 24.47119904 -1.48635960
0.39509562 24.47119904 -1.49100566
0.19311325 24.47119904 0.35523987
0.47844037 24.47119904 0.69791114
0.55045372 24.47119904 0.69822860
1.25450170 24.47119904 0.75976396
1.35389018 24.47119904 0.81533164
1.42357230 24.47119904 0.78506130
1.50247562 24.47119904 0.76998258
1.65041637 24.47119904 0.75216019
1.74098122 24.47119904 0.71674538
1.83020926 24.47119904 0.67780048
1.91283309 24.47119904 0.63003260
1.99807680 24.47119904 0.58120477
2.05851817 24.47119904 0.54493970
2.13648820 24.47119904 0.48866752
2.16748500 24.47119904 0.42215502
2.21395040 24.47119904 0.36686692
2.24953198 24.47119904 0.24436660
2.30549955 24.47119904 0.14174971
2.39401817 24.47119904 0.05410345
2.45151019 24.47119904 -0.01600146
2.47898889 24.47119904 -0.09787004
2.48147750 24.47119904 -0.21314147
2.46661043 24.47119904 -0.30270922
2.45342445 24.47119904 -0.42313617
2.40813851 24.47119904 -0.54244488
2.41954136 24.47119904 -0.69204813
2.43451142 24.47119904 -0.82385474
2.43081141 24.47119904 -0.95353931
2.41210389 24.47119904 -1.08787107
2.35662842 24.47119904 -1.26415825
2.29522562 24.47119904 -1.33618021
2.23272014 24.47119904 -1.32657385
2.10780740 24.47119904 -1.35851157
1.98829138 24.47119904 -1.38802719
1.87004173 24.47119904 -1.39609575
1.74186039 24.47119904 -1.40006995
1.65425992 24.47119904 -1.40864623
1.51653326 24.47119904 -1.41278374
1.44498360 24.47119904 -1.40642512
1.27165782 24.47119904 -1.40932524
1.13581002 24.47119904 -1.40627754
1.05810773 24.47119904 -1.40407741
0.92733800 24.47119904 -1.43733883
0.79428536 24.47119904 -1.43819535
0.64707518 24.47119904 -1.45556331
0.46157587 24.47119904 -1.49369192
0.62388891 24.47119904 0.69824982
0.76005876 24.47119904 0.71714485
0.84846938 24.47119904 0.73302603
0.92724121 24.47119904 0.73759568
1.02737761 24.47119904 0.76411116
1.11094546 24.47119904 0.76361591
2.41440082 24.47119904 -1.24019051
