2.01822352 -37.91748810 0.69475096
2.24140930 -37.91748810 0.71524978
0.06368203 -37.91748810 -0.28077173
0.15833035 -37.91748810 0.08477964
0.27700368 -37.91748810 0.16433404
1.06982780 -37.91748810 0.60194278
0.76124537 -37.92748260 0.47554952
0.69665396 -37.92748260 0.45592883
0.52699184 -37.92748260 0.38018969
0.43269941 -37.92748260 0.35068265
0.35036901 -37.92748260 0.21711156
0.37021965 -37.92748260 0.29275385
0.22542530 -37.92748260 0.12509616
0.14971395 -37.92748260 0.01964561
0.04808427 -37.92748260 -0.13808845
0.08837582 -37.92748260 -0.33869246
0.09108488 -37.92748260 -0.48494503
0.09128275 -37.92748260 -0.40599552
0.09118088 -37.92748260 -0.58081549
0.07082595 -37.92748260 -0.68098587
0.07604405 -37.92748260 -0.77129543
0.06344567 -37.92748260 -1.02011478
0.06030983 -37.92748260 -0.95977688
0.06739075 -37.92748260 -1.14973545
0.06692098 -37.92748260 -1.08852947
0.10625175 -37.92748260 -1.24836719
0.17735997 -37.92748260 -1.34992957
0.25895050 -37.92748260 -1.43723059
0.37805474 -37.92748260 -1.46278429
0.60393906 -37.92748260 -1.45485771
0.52938640 -37.92748260 -1.46303797
0.67628384 -37.92748260 -1.44731140
0.79319388 -37.92748260 -1.43808031
0.98899311 -37.92748260 -1.44311190
1.07773352 -37.92748260 -1.43762982
1.15241361 -37.92748260 -1.42280567
1.24595404 -37.92748260 -1.42993677
1.42183113 -37.92748260 -1.42472029
1.50941026 -37.92748260 -1.42690694
1.57396173 -37.92748260 -1.43049300
1.66259360 -37.92748260 -1.42636442
1.75194478 -37.92748260 -1.41856706
1.85267031 -37.92748260 -1.42563343
1.97520864 -37.92748260 -1.42218614
2.10405064 -37.92748260 -1.41294312
2.25945354 -37.92748260 -1.40369451
2.41873527 -37.92748260 -1.36165154
2.43924117 -37.92748260 -1.25106204
2.44343328 -37.92748260 -1.18219042
2.50391555 -37.92748260 -1.01488209
2.54985356 -37.92748260 -0.95379657
2.58910537 -37.92748260 -0.86361849
2.65856290 -37.92748260 -0.66111064
2.68474793 -37.92748260 -0.55780530
2.60045600 -37.92748260 -0.26372904
2.50803685 -37.92748260 -0.10126053
2.54957128 -37.92748260 0.00331744
2.51537514 -37.92748260 0.11728530
2.46744776 -37.92748260 0.33735824
2.41955328 -37.92748260 0.49703899
2.38222218 -37.92748260 0.65977353
2.17286134 -37.92748260 0.71200424
1.91874909 -37.92748260 0.69435543
1.83918440 -37.92748260 0.66894263
1.65177834 -37.92748260 0.63482666
1.57629967 -37.92748260 0.64471865
1.45952392 -37.92748260 0.65325594
1.34076357 -37.92748260 0.65569001
1.23994529 -37.92748260 0.64146018
1.13573503 -37.92748260 0.62636560
1.00471973 -37.92748260 0.57893777
0.91946846 -37.92748260 0.52050006
2.33588815 -37.92748260 0.72587061
2.67073441 -37.92748260 -0.44557470
1.32251108 -37.92748260 -1.42511773
0.89712209 -37.92748260 -1.44412172
0.45503277 -37.92748260 -1.47572148
0.06141385 -37.92748260 -0.86372203
0.05162588 -37.92748260 -0.21216857
0.04804977 -37.92748260 -0.06650597
0.09237864 -37.92748260 -0.01245174
0.62133801 -37.92748260 0.40552223
