0.45624423 -33.23758698 -0.51813596
2.92483473 -33.23758698 -0.21904248
0.49169278 -33.23758698 0.23445073
2.07944655 -33.24758148 0.56717813
2.14293122 -33.24758148 0.54547089
2.21251607 -33.24758148 0.52739865
2.28303647 -33.24758148 0.52761501
2.37557769 -33.24758148 0.49360800
2.44452024 -33.24758148 0.46888471
2.53142500 -33.24758148 0.44607335
2.62925625 -33.24758148 0.35514075
2.67187119 -33.24758148 0.25648463
2.69449544 -33.24758148 0.18337198
2.74610472 -33.24758148 0.10066340
2.79436898 -33.24758148 -0.04673413
2.85412312 -33.24758148 -0.08933070
2.88933277 -33.24758148 -0.16163400
2.91425085 -33.24758148 -0.28064343
2.95655131 -33.24758148 -0.42056555
2.98286915 -33.24758148 -0.61611509
3.01262093 -33.24758148 -0.67765421
3.03227830 -33.24758148 -0.74231696
3.05996490 -33.24758148 -0.83786321
2.98706770 -33.24758148 -1.01760042
2.98476291 -33.24758148 -1.12044430
2.96582437 -33.24758148 -1.20324922
2.90165663 -33.24758148 -1.26718569
2.68500543 -33.24758148 -1.34630120
2.62100863 -33.24758148 -1.36463618
2.54904580 -33.24758148 -1.36624634
1.86957347 -33.24758148 -1.36988223
0.82635063 -33.24758148 -1.31139338
0.59226048 -33.24758148 -1.31372523
0.48660246 -33.24758148 -1.31701112
0.46951452 -33.24758148 -1.20634151
0.44734466 -33.24758148 -1.12643027
0.43767250 -33.24758148 -1.01520658
0.44444644 -33.24758148 -0.93095553
0.45556054 -33.24758148 -0.84583300
0.43790552 -33.24758148 -0.71662354
0.45077273 -33.24758148 -0.64778531
0.45303500 -33.24758148 -0.57930189
0.45322314 -33.24758148 -0.45364204
0.44007447 -33.24758148 -0.35810333
0.41295186 -33.24758148 -0.22886601
0.39083365 -33.24758148 -0.13503259
0.38606995 -33.24758148 -0.06312627
0.40479872 -33.24758148 0.00417025
0.45429191 -33.24758148 0.18700236
0.53586167 -33.24758148 0.27479392
0.61430573 -33.24758148 0.34445405
0.73367226 -33.24758148 0.40081733
0.79305804 -33.24758148 0.50744814
0.86985379 -33.24758148 0.55964106
0.99595135 -33.24758148 0.54103512
1.10454321 -33.24758148 0.54982394
1.18332267 -33.24758148 0.54765552
1.28776813 -33.24758148 0.55558205
1.39533925 -33.24758148 0.56284356
1.45645070 -33.24758148 0.56701630
1.52835977 -33.24758148 0.56427330
1.63824546 -33.24758148 0.52950788
1.71097028 -33.24758148 0.55336177
1.77119064 -33.24758148 0.56124258
1.82898653 -33.24758148 0.54505426
1.93606472 -33.24758148 0.57099235
1.99996293 -33.24758148 0.56682342
2.59890890 -33.24758148 0.41892114
3.00338960 -33.24758148 -0.52030182
3.07191300 -33.24758148 -0.92888856
2.78986335 -33.24758148 -1.36127055
0.41663709 -33.24758148 0.09419728
0.67315453 -33.24758148 0.37496534
