0.40232143 1.08168793 -1.32830739
0.12364192 1.08168793 -1.20299399
2.43737841 1.08168793 -0.41621068
2.41087914 1.08168793 -0.90805024
-0.07229964 1.07169342 -0.42348540
-0.03556398 1.07169342 -0.51727426
0.02147957 1.07169342 -0.63621104
0.06556643 1.07169342 -0.79171419
0.06039749 1.07169342 -0.92928225
0.07396839 1.07169342 -1.02609015
0.14945011 1.07169342 -1.26183045
0.31108320 1.07169342 -1.32524240
0.46176165 1.07169342 -1.33150530
0.56067336 1.07169342 -1.33661997
0.65346652 1.07169342 -1.35724127
0.71702760 1.07169342 -1.36603606
0.78818375 1.07169342 -1.36710691
0.87454838 1.07169342 -1.38871205
0.93486333 1.07169342 -1.38965213
1.02212679 1.07169342 -1.37154138
1.09750271 1.07169342 -1.37036097
1.20825446 1.07169342 -1.37844813
1.29810154 1.07169342 -1.37031186
1.37360632 1.07169342 -1.38152754
1.48156869 1.07169342 -1.36615431
1.69381094 1.07169342 -1.36861491
0.09375863 1.07169342 -1.13468134
-0.03790402 1.07169342 -0.36988258
1.76164210 1.07169342 -1.37297630
1.59125769 1.07169342 -1.36445689
0.18482295 1.07169342 -0.09555206
0.52246189 1.07169342 0.29913825
0.58388215 1.07169342 0.37669063
0.67208004 1.07169342 0.48767823
0.73239475 1.07169342 0.59588593
0.85135037 1.07169342 0.65334588
1.03546643 1.07169342 0.61584723
1.16046619 1.07169342 0.57778919
1.26114035 1.07169342 0.55409241
1.49837565 1.07169342 0.63303798
1.59032047 1.07169342 0.62534052
1.67113745 1.07169342 0.60339105
1.88752055 1.07169342 0.45703712
1.99595022 1.07169342 0.35583925
2.28737855 1.07169342 0.14090595
2.35706043 1.07169342 0.00134828
2.39373350 1.07169342 -0.11176392
2.42021942 1.07169342 -0.23469681
2.43149447 1.07169342 -0.47890618
2.41137552 1.07169342 -0.60777712
2.36442304 1.07169342 -0.80283082
2.40462542 1.07169342 -0.96799511
2.39515996 1.07169342 -1.13100493
2.42237687 1.07169342 -1.29632556
2.29910636 1.07169342 -1.37225485
2.12732148 1.07169342 -1.36394429
1.96856999 1.07169342 -1.37857783
1.93487263 1.07169342 0.38959545
