1.48556805 35.92095184 0.64546102
2.51671839 35.92095184 0.14401926
2.63710403 35.92095184 -0.09084254
2.61461544 35.92095184 -0.28583869
2.48813963 35.92095184 -0.87832057
2.39622521 35.92095184 -1.09039128
0.89739120 35.91095734 0.76931030
0.95692086 35.91095734 0.78317380
0.51368976 35.91095734 0.67454267
0.65515715 35.91095734 0.67336637
0.37363711 35.91095734 0.65302145
0.30076167 35.91095734 0.59376925
-0.04622903 35.91095734 0.39811152
0.11751056 35.91095734 0.50464821
-0.03438919 35.91095734 0.20705213
-0.03821908 35.91095734 0.33437058
-0.07583637 35.91095734 -0.09868745
-0.07869708 35.91095734 -0.01659339
-0.08564388 35.91095734 -0.42335418
-0.09240472 35.91095734 -0.22729999
-0.07083300 35.91095734 -0.58763355
-0.07074215 35.91095734 -0.72280872
-0.08935689 35.91095734 -0.66575432
-0.09920190 35.91095734 -0.85996681
-0.06859209 35.91095734 -0.80004543
-0.08423138 35.91095734 -1.02037597
-0.09932157 35.91095734 -0.93684626
-0.09821793 35.91095734 -1.26632273
-0.09170979 35.91095734 -1.19078624
-0.08542923 35.91095734 -1.34307790
-0.02036790 35.91095734 -1.39595461
0.14751534 35.91095734 -1.41355669
0.54532385 35.91095734 -1.46850538
0.47346771 35.91095734 -1.46507752
0.64534742 35.91095734 -1.47859609
0.73834389 35.91095734 -1.47906351
0.85987192 35.91095734 -1.48197937
0.97875375 35.91095734 -1.48191822
1.10138023 35.91095734 -1.47590613
1.20068073 35.91095734 -1.47868884
1.36119270 35.91095734 -1.47348964
1.49236059 35.91095734 -1.46873975
1.59483206 35.91095734 -1.49128795
1.70695317 35.91095734 -1.49195075
1.84497440 35.91095734 -1.47432351
1.97937095 35.91095734 -1.46826196
2.11629081 35.91095734 -1.46164012
2.22369885 35.91095734 -1.44526124
2.30434656 35.91095734 -1.37551832
2.32976031 35.91095734 -1.30605423
2.35788298 35.91095734 -1.16669977
2.45702815 35.91095734 -0.97503060
2.53967500 35.91095734 -0.73193806
2.59866595 35.91095734 -0.64547646
2.62899971 35.91095734 -0.55711579
2.61558270 35.91095734 -0.49468035
2.60344982 35.91095734 -0.38134703
2.63374424 35.91095734 -0.15620604
2.64365578 35.91095734 -0.02973478
2.56915092 35.91095734 0.08014386
2.47390437 35.91095734 0.19049712
2.39598036 35.91095734 0.27220100
2.29392815 35.91095734 0.35741222
2.03684163 35.91095734 0.58824605
1.97420025 35.91095734 0.61827189
1.83567476 35.91095734 0.65295529
1.90447664 35.91095734 0.65554684
1.42033315 35.91095734 0.67020231
1.30943024 35.91095734 0.72441369
1.13431621 35.91095734 0.74996001
1.03002548 35.91095734 0.78302342
1.24775445 35.91095734 0.73323995
1.60241616 35.91095734 0.58423924
2.10834360 35.91095734 0.50682259
2.23721170 35.91095734 0.44437841
0.23166275 35.91095734 -1.43902075
-0.09962149 35.91095734 -1.12440991
-0.09415996 35.91095734 -0.48804063
-0.01145006 35.91095734 0.03294310
-0.04449786 35.91095734 0.12915900
0.20852907 35.91095734 0.50318128
0.44846934 35.91095734 0.68470412
0.74767762 35.91095734 0.69861072
0.83436066 35.91095734 0.72513175
