1.68423963 -6.20815277 0.47551328
1.75456703 -6.20815277 0.44765198
1.96136177 -6.20815277 0.46762845
2.06516004 -6.20815277 0.47189435
2.24416280 -6.20815277 0.45129362
2.28357482 -6.20815277 0.35077846
2.29959917 -6.20815277 0.26634085
2.27330852 -6.20815277 0.13315305
2.41485238 -6.20815277 -0.11198017
2.44502068 -6.20815277 -0.17417836
2.46207595 -6.20815277 -0.25287062
2.42296076 -6.20815277 -0.34370643
2.36507893 -6.20815277 -0.52913946
2.36761570 -6.20815277 -0.60138249
2.34968019 -6.20815277 -0.66735262
2.30060458 -6.20815277 -0.74093550
2.26860380 -6.20815277 -0.86004484
2.26553202 -6.20815277 -1.08672822
2.23776579 -6.20815277 -1.20778275
2.20031714 -6.20815277 -1.36203349
2.08699369 -6.20815277 -1.39119399
1.90918064 -6.20815277 -1.39791131
1.79556704 -6.20815277 -1.39625728
1.68639314 -6.20815277 -1.39653242
1.56229973 -6.20815277 -1.39259171
1.44839919 -6.20815277 -1.39356911
1.34382427 -6.20815277 -1.40028000
1.27489233 -6.20815277 -1.39636612
1.16256642 -6.20815277 -1.38962984
1.04530025 -6.20815277 -1.37231374
0.92907232 -6.20815277 -1.36416173
0.80485034 -6.20815277 -1.36476064
0.71347338 -6.20815277 -1.35152531
0.59541899 -6.20815277 -1.34531999
0.48014560 -6.20815277 -1.31900990
0.35396495 -6.20815277 -1.29728758
0.16786182 -6.20815277 -1.31622863
0.03045927 -6.20815277 -1.29762053
-0.11991385 -6.20815277 -1.23663652
-0.05923121 -6.20815277 -1.01222241
-0.05346349 -6.20815277 -0.86812544
-0.02397829 -6.20815277 -0.74281412
-0.01283147 -6.20815277 -0.62286884
-0.00270134 -6.20815277 -0.50871950
0.00973150 -6.20815277 -0.36587811
0.03358832 -6.20815277 -0.28794438
0.11109425 -6.20815277 -0.18932533
0.14966352 -6.20815277 -0.11143287
0.19316582 -6.20815277 -0.02027388
0.25838453 -6.20815277 0.09257971
0.29720673 -6.20815277 0.15895866
0.34019512 -6.20815277 0.26675689
0.38271761 -6.20815277 0.32991874
0.45171258 -6.20815277 0.38057184
0.66256642 -6.20815277 0.34341246
0.72543305 -6.20815277 0.38509992
0.81677467 -6.20815277 0.43440449
1.02940047 -6.20815277 0.47693244
1.11966896 -6.20815277 0.45817116
1.28059316 -6.20815277 0.42678571
1.60844076 -6.20815277 0.47814342
2.34806609 -6.20815277 0.01536862
