1.10515726 -37.40749359 0.55178583
1.00854611 -37.40749359 0.53069526
0.91381782 -37.40749359 0.49755013
0.84312868 -37.40749359 0.49143770
0.63522047 -37.40749359 0.51193601
0.52843291 -37.40749359 0.49106592
0.42756855 -37.40749359 0.45198533
0.34791794 -37.40749359 0.39891052
0.28407106 -37.40749359 0.33378693
0.18087748 -37.40749359 0.27381182
0.03056381 -37.40749359 0.18718927
0.10873310 -37.40749359 0.20842648
-0.04416231 -37.40749359 0.09043445
-0.09190632 -37.40749359 -0.01642315
-0.10609447 -37.40749359 -0.17871426
-0.10714550 -37.40749359 -0.11679822
-0.10356899 -37.40749359 -0.25746325
-0.13379456 -37.40749359 -0.44740635
-0.12133790 -37.40749359 -0.37147227
-0.12592819 -37.40749359 -0.57380301
-0.12366531 -37.40749359 -0.67042226
-0.12874869 -37.40749359 -0.75044805
-0.07799457 -37.40749359 -0.91291463
-0.11209040 -37.40749359 -0.81324250
-0.06410784 -37.40749359 -0.97444826
-0.05029259 -37.40749359 -1.09521556
-0.02773073 -37.40749359 -1.17157841
-0.01149770 -37.40749359 -1.24898267
0.03439862 -37.40749359 -1.33068895
0.26391751 -37.40749359 -1.45659852
0.17902693 -37.40749359 -1.39882410
0.39071620 -37.40749359 -1.48045552
0.32835639 -37.40749359 -1.46148765
0.45364270 -37.40749359 -1.48593950
0.57060397 -37.40749359 -1.47284269
0.68142790 -37.40749359 -1.45777678
0.77633768 -37.40749359 -1.44876206
0.86222422 -37.40749359 -1.44790876
0.94254506 -37.40749359 -1.44969475
1.01869118 -37.40749359 -1.45205569
1.10130095 -37.40749359 -1.44125617
1.22604477 -37.40749359 -1.43247628
1.16124082 -37.40749359 -1.43031383
1.28750670 -37.40749359 -1.43610311
1.36263120 -37.40749359 -1.43369532
1.43676376 -37.40749359 -1.43001330
1.50529492 -37.40749359 -1.43002582
1.62256658 -37.40749359 -1.43157089
1.75531626 -37.40749359 -1.42019415
1.88404834 -37.40749359 -1.42344654
2.01336980 -37.40749359 -1.41710091
2.25617146 -37.40749359 -1.41310489
2.16057038 -37.40749359 -1.41830587
2.39183116 -37.40749359 -1.37274313
2.32399654 -37.40749359 -1.39924467
2.46145773 -37.40749359 -1.21996522
2.43571258 -37.40749359 -1.27751136
2.51506019 -37.40749359 -1.02066982
2.47952819 -37.40749359 -1.13990080
2.56689191 -37.40749359 -0.88807184
2.54636598 -37.40749359 -0.95525664
2.58862567 -37.40749359 -0.80406606
2.67831087 -37.40749359 -0.57882869
2.63297749 -37.40749359 -0.67431581
2.69213557 -37.40749359 -0.45265213
2.65480852 -37.40749359 -0.34192064
2.54407907 -37.40749359 -0.09763166
2.59423375 -37.40749359 -0.20812052
2.48446465 -37.40749359 0.06619366
2.50809360 -37.40749359 0.00447665
2.41018915 -37.40749359 0.22026035
2.31113100 -37.40749359 0.39159346
2.33634043 -37.40749359 0.32412985
2.18878937 -37.40749359 0.46617940
2.24317384 -37.40749359 0.43059957
1.96857679 -37.40749359 0.56736779
2.04368925 -37.40749359 0.53249401
1.90321851 -37.40749359 0.56870908
1.75728834 -37.40749359 0.58012617
1.83964288 -37.40749359 0.55703259
1.66773558 -37.40749359 0.59514040
1.56734848 -37.40749359 0.61175239
1.43547153 -37.40749359 0.62854052
1.28337288 -37.40749359 0.59052324
1.36136818 -37.40749359 0.63696027
1.21731317 -37.40749359 0.56215674
1.49571025 -37.40749359 0.63115203
0.70975691 -37.40749359 0.50361115
0.10614684 -37.40749359 -1.37271905
2.07721329 -37.40749359 -1.41806066
2.45580339 -37.40749359 0.12638502
