2.30766606 -3.33821869 -1.01401603
1.89743018 -3.33821869 -1.35024881
0.21781982 -3.33821869 -0.70817339
0.26011422 -3.33821869 -0.40451884
0.40101492 -3.34821320 0.12068071
0.37593731 -3.34821320 0.02060799
0.35256794 -3.34821320 -0.06187915
0.34218895 -3.34821320 -0.15419126
0.28162813 -3.34821320 -0.27248827
0.28090751 -3.34821320 -0.34440884
0.23465042 -3.34821320 -0.46200413
0.21151893 -3.34821320 -0.63832206
0.19285399 -3.34821320 -0.78934288
0.18716550 -3.34821320 -0.89664137
0.14336944 -3.34821320 -1.02619159
0.19618955 -3.34821320 -1.16501677
0.39156640 -3.34821320 -1.26425469
0.48175642 -3.34821320 -1.27557778
0.54065818 -3.34821320 -1.29505479
0.72523183 -3.34821320 -1.33892179
0.84601802 -3.34821320 -1.37237179
0.99059558 -3.34821320 -1.36519802
1.07165253 -3.34821320 -1.35747015
1.14224529 -3.34821320 -1.36371291
1.29371667 -3.34821320 -1.35894156
1.39356756 -3.34821320 -1.36144984
1.49126387 -3.34821320 -1.35596263
1.61079502 -3.34821320 -1.35173488
1.76104474 -3.34821320 -1.35285759
1.96692419 -3.34821320 -1.35486066
2.17372084 -3.34821320 -1.36038148
2.29048944 -3.34821320 -1.32986867
2.31372237 -3.34821320 -0.88508016
2.27352190 -3.34821320 -0.77981955
2.27421021 -3.34821320 -0.64700115
2.32356715 -3.34821320 -0.51759136
1.23237216 -3.34821320 -1.36184776
0.92904979 -3.34821320 -1.37177134
0.66114199 -3.34821320 -1.32516801
0.21841809 -3.34821320 -1.23306179
0.16739240 -3.34821320 -1.09760821
0.16122046 -3.34821320 -0.96602017
0.19462292 -3.34821320 -0.57305950
0.44007033 -3.34821320 0.16799043
1.48677921 -3.34821320 0.61598396
1.62641668 -3.34821320 0.47508055
1.76357865 -3.34821320 0.45944348
1.83210945 -3.34821320 0.48652428
1.90458357 -3.34821320 0.40517864
2.24664807 -3.34821320 0.02133614
2.28643084 -3.34821320 -0.09431174
2.29798198 -3.34821320 -0.21011253
2.32227278 -3.34821320 -0.28434607
2.32574463 -3.34821320 -0.39626831
0.50389165 -3.34821320 0.24170688
0.57087445 -3.34821320 0.33903408
0.76779407 -3.34821320 0.39160544
0.84071779 -3.34821320 0.58255053
0.91731393 -3.34821320 0.61656189
1.07260704 -3.34821320 0.63881397
1.17907846 -3.34821320 0.65381426
1.29192007 -3.34821320 0.66830146
1.41325796 -3.34821320 0.65766603
