3.02344346 7.32155609 -0.48959532
0.58452040 7.32155609 -1.35630643
0.40834543 7.32155609 -0.54867411
1.38767469 7.32155609 0.69888484
2.38806200 7.32155609 0.50337529
1.98318291 7.31156158 0.59128046
2.07166052 7.31156158 0.57672435
2.17731285 7.31156158 0.50929278
2.24958324 7.31156158 0.50903988
2.32956719 7.31156158 0.49333453
2.45690179 7.31156158 0.48372832
2.59159589 7.31156158 0.47413141
2.70469141 7.31156158 0.48719570
2.78855205 7.31156158 0.48822805
2.80123115 7.31156158 0.42266750
2.86198997 7.31156158 0.27763459
2.87583613 7.31156158 0.10257609
2.88812804 7.31156158 0.01063946
2.89978600 7.31156158 -0.08610942
2.96420646 7.31156158 -0.36099121
2.99123216 7.31156158 -0.43711039
3.03434944 7.31156158 -0.59202915
3.06912541 7.31156158 -0.69501162
3.05748153 7.31156158 -0.76613623
3.08197594 7.31156158 -0.82438046
3.14151430 7.31156158 -1.00734401
3.10003257 7.31156158 -1.12541986
3.05904102 7.31156158 -1.18087268
3.01603580 7.31156158 -1.24316669
2.95998478 7.31156158 -1.27750885
2.85027337 7.31156158 -1.33530748
2.76244736 7.31156158 -1.35450947
2.67863607 7.31156158 -1.36598623
2.55299878 7.31156158 -1.37056684
2.43650270 7.31156158 -1.37249041
2.30446196 7.31156158 -1.34899628
2.24364114 7.31156158 -1.34881508
2.17883420 7.31156158 -1.34965563
2.06290913 7.31156158 -1.36207175
1.89542699 7.31156158 -1.37111747
1.79843199 7.31156158 -1.37275970
1.73734593 7.31156158 -1.37415195
1.62733877 7.31156158 -1.36440241
1.53431797 7.31156158 -1.37549353
1.45544863 7.31156158 -1.38551855
1.31588364 7.31156158 -1.39227629
1.20830762 7.31156158 -1.38737845
1.11332929 7.31156158 -1.37461936
1.00947332 7.31156158 -1.36503077
0.94741350 7.31156158 -1.35579967
0.81511199 7.31156158 -1.34948087
0.73974448 7.31156158 -1.34376657
0.52290738 7.31156158 -1.34513366
0.43865576 7.31156158 -1.31714535
0.39709562 7.31156158 -1.25002527
0.36523393 7.31156158 -1.12877989
0.33081174 7.31156158 -1.03291690
0.32642114 7.31156158 -0.93025589
0.38263062 7.31156158 -0.76612431
0.40014231 7.31156158 -0.70583117
0.41371053 7.31156158 -0.61015975
0.41489527 7.31156158 -0.46446377
0.41491699 7.31156158 -0.37508950
0.40156215 7.31156158 -0.22896926
0.38694778 7.31156158 -0.14578091
0.42527515 7.31156158 -0.06120689
0.42473787 7.31156158 0.03111501
0.42989734 7.31156158 0.09593513
0.46000016 7.31156158 0.22280616
0.52825880 7.31156158 0.36038160
0.60553867 7.31156158 0.39690626
0.59773618 7.31156158 0.49819580
0.66856390 7.31156158 0.50795817
0.76120204 7.31156158 0.60816896
0.88981992 7.31156158 0.59346062
0.96757197 7.31156158 0.59768093
1.14305401 7.31156158 0.64164084
1.23312688 7.31156158 0.67868817
1.32387424 7.31156158 0.70553637
1.46746862 7.31156158 0.67851663
1.54916823 7.31156158 0.68067497
1.62236941 7.31156158 0.65665233
1.67153406 7.31156158 0.61573803
1.74989700 7.31156158 0.59444678
1.81695235 7.31156158 0.62142515
1.86677742 7.31156158 0.56802183
2.51785827 7.31156158 0.47771406
2.86183834 7.31156158 0.18948358
2.94164181 7.31156158 -0.26371467
3.16177678 7.31156158 -0.93743551
0.47474220 7.31156158 0.29472527
0.71810842 7.31156158 0.55503744
