-0.19070913 68.16027069 -0.49676454
-0.25735542 68.16027069 0.35040000
0.04111279 68.16027069 0.56973249
0.54589361 68.16027069 0.60210645
1.59746397 68.16027069 0.74531287
1.86502206 68.15027618 -0.29314819
1.88038099 68.15027618 -0.43406025
1.89753473 68.15027618 -0.51716721
1.91483724 68.15027618 -0.59892279
1.91921508 68.15027618 -0.78041852
1.96962702 68.15027618 -0.90958863
1.98217905 68.15027618 -1.03066838
2.00638223 68.15027618 -1.18543231
2.01501465 68.15027618 -1.32570648
1.92364967 68.15027618 -1.43336904
1.80296147 68.15027618 -1.47147286
1.66984379 68.15027618 -1.48966861
1.53366363 68.15027618 -1.51437163
1.41579235 68.15027618 -1.49566281
1.30927193 68.15027618 -1.50990808
1.21360028 68.15027618 -1.51355553
1.10789490 68.15027618 -1.51339841
0.99816316 68.15027618 -1.51275647
0.84117532 68.15027618 -1.50160027
0.73332441 68.15027618 -1.50174367
0.61523426 68.15027618 -1.50044572
0.51003110 68.15027618 -1.49697435
0.43162876 68.15027618 -1.49442244
0.28863442 68.15027618 -1.48080349
0.21387568 68.15027618 -1.45980120
0.13007361 68.15027618 -1.43232203
0.11620864 68.15027618 -1.35418892
-0.02730931 68.15027618 -1.28725648
-0.04224228 68.15027618 -1.21092510
-0.07639731 68.15027618 -1.10460234
-0.11566063 68.15027618 -0.99501669
-0.12559049 68.15027618 -0.90203452
-0.15069266 68.15027618 -0.79656839
-0.17755359 68.15027618 -0.66960591
-0.18788898 68.15027618 -0.56773114
-0.21348281 68.15027618 -0.40207648
-0.23247865 68.15027618 -0.34197214
-0.23218122 68.15027618 -0.19615850
-0.22204083 68.15027618 -0.09521481
-0.21142612 68.15027618 -0.02540720
-0.23772772 68.15027618 0.06050847
-0.25927573 68.15027618 0.11715600
-0.26794249 68.15027618 0.29201847
-0.23481064 68.15027618 0.42148501
-0.19913869 68.15027618 0.50463247
-0.11500070 68.15027618 0.56351644
-0.03046841 68.15027618 0.57469124
0.12305091 68.15027618 0.57801330
0.25688592 68.15027618 0.57885545
0.31272817 68.15027618 0.60284495
0.47710407 68.15027618 0.61848390
0.61511678 68.15027618 0.58428061
0.70989549 68.15027618 0.60503739
0.97592622 68.15027618 0.63601190
1.07180667 68.15027618 0.64923525
1.16955936 68.15027618 0.73629230
1.39330637 68.15027618 0.74019849
1.53176045 68.15027618 0.76092392
1.66033268 68.15027618 0.68832737
1.74758196 68.15027618 0.45458126
1.78760743 68.15027618 0.36027783
1.80345094 68.15027618 0.27476457
1.82790959 68.15027618 0.16186714
1.83941698 68.15027618 0.06188965
1.82861280 68.15027618 -0.03865222
1.84363103 68.15027618 -0.12387821
1.85465789 68.15027618 -0.19890592
1.91053760 68.15027618 -0.68443155
1.98800468 68.15027618 -1.39260006
-0.27215484 68.15027618 0.20463954
0.38605350 68.15027618 0.62537807
0.80360126 68.15027618 0.68640900
1.24543750 68.15027618 0.75595528
1.69626379 68.15027618 0.59240472
