1.31465185 56.98050690 0.49348378
1.25569642 56.97051239 0.50866014
1.05795348 56.97051239 0.56522244
1.19676685 56.97051239 0.52422363
0.98139995 56.97051239 0.58296400
0.84835511 56.97051239 0.58567101
0.75788170 56.97051239 0.58097523
0.49536851 56.97051239 0.54343766
0.42192152 56.97051239 0.51404929
0.35032922 56.97051239 0.49154148
0.19081241 56.97051239 0.38195252
0.06813117 56.97051239 0.34772998
-0.00281358 56.97051239 0.30303752
-0.07856955 56.97051239 0.21764506
-0.07660185 56.97051239 0.14082672
-0.05612639 56.97051239 -0.12667963
-0.03956195 56.97051239 -0.02557238
-0.04945965 56.97051239 -0.23830172
-0.06649676 56.97051239 -0.34487566
-0.04455089 56.97051239 -0.44169998
-0.05684393 56.97051239 -0.63533562
-0.05505339 56.97051239 -0.80093896
-0.06509662 56.97051239 -0.87685835
-0.04908623 56.97051239 -0.98465955
-0.04097109 56.97051239 -1.12788308
0.02686877 56.97051239 -1.26664746
0.10068902 56.97051239 -1.37298226
0.24273138 56.97051239 -1.45096242
0.34050509 56.97051239 -1.46663296
0.43843052 56.97051239 -1.47998273
0.52205282 56.97051239 -1.50111187
0.61396641 56.97051239 -1.51040375
0.69344229 56.97051239 -1.50811756
0.78318095 56.97051239 -1.50264859
0.85537475 56.97051239 -1.49597633
0.92355055 56.97051239 -1.48921192
0.98858845 56.97051239 -1.46824074
1.11247373 56.97051239 -1.48919332
1.19248176 56.97051239 -1.48839068
1.28263211 56.97051239 -1.48849833
1.36133003 56.97051239 -1.48647273
1.43924224 56.97051239 -1.48515737
1.50046122 56.97051239 -1.47386527
1.65695250 56.97051239 -1.48650730
1.76004505 56.97051239 -1.46791911
1.88298023 56.97051239 -1.44289052
1.97257936 56.97051239 -1.42098308
2.02713799 56.97051239 -1.38135862
2.07476687 56.97051239 -1.30176997
2.07287145 56.97051239 -1.16656959
2.08269596 56.97051239 -1.06172216
2.08993745 56.97051239 -0.98257399
2.14214778 56.97051239 -0.79362428
2.10928178 56.97051239 -0.89978486
2.16459537 56.97051239 -0.67246705
2.18538475 56.97051239 -0.57626563
2.18900681 56.97051239 -0.51326418
2.18422008 56.97051239 -0.34788048
2.18928242 56.97051239 -0.26154152
2.14203930 56.97051239 -0.14944923
2.12430811 56.97051239 -0.02200471
2.08055329 56.97051239 0.07298881
2.04447222 56.97051239 0.20259285
1.98643804 56.97051239 0.35472816
2.00870466 56.97051239 0.27043870
1.92230606 56.97051239 0.42610684
1.74668896 56.97051239 0.47254086
1.83236635 56.97051239 0.45419019
1.68126905 56.97051239 0.50000972
1.55387163 56.97051239 0.49735722
1.44916666 56.97051239 0.49361378
0.62439340 56.97051239 0.55684775
0.17274961 56.97051239 -1.43736351
