1.37524354 77.00008392 0.58529741
1.91808712 77.00008392 -1.55536318
1.58666337 77.00008392 -1.52535164
-0.08533455 77.00008392 -1.17808163
0.19387077 77.00008392 0.43540746
0.98702002 77.00008392 0.58730572
1.15587676 76.99008942 0.62240952
1.08199954 76.99008942 0.60842693
0.89895833 76.99008942 0.56043053
0.74474275 76.99008942 0.51111752
0.62647468 76.99008942 0.54706156
0.44915441 76.99008942 0.47195929
0.32926482 76.99008942 0.45763892
0.10611644 76.99008942 0.41537994
0.14246280 76.99008942 0.21673900
0.15036272 76.99008942 0.27999476
0.09033860 76.99008942 0.09456819
0.03707847 76.99008942 -0.02016035
0.01896366 76.99008942 -0.10142228
-0.01785559 76.99008942 -0.35735649
-0.03544814 76.99008942 -0.46979591
-0.04778525 76.99008942 -0.55962086
-0.04121739 76.99008942 -0.74969435
-0.04164531 76.99008942 -0.81984812
-0.04666601 76.99008942 -0.96605700
-0.05365732 76.99008942 -1.07944906
-0.07310737 76.99008942 -1.23993635
-0.04195914 76.99008942 -1.32392812
0.04941153 76.99008942 -1.43659401
0.09773884 76.99008942 -1.50745690
0.32677832 76.99008942 -1.54465353
0.39379331 76.99008942 -1.55190349
0.49800998 76.99008942 -1.56694984
0.62196451 76.99008942 -1.57660258
0.74661195 76.99008942 -1.56619203
0.90032810 76.99008942 -1.53972888
1.07189250 76.99008942 -1.50239968
1.16843736 76.99008942 -1.50019252
1.31978977 76.99008942 -1.49744701
1.65068054 76.99008942 -1.53341937
1.76913202 76.99008942 -1.52522683
1.84925473 76.99008942 -1.53776300
2.08970785 76.99008942 -1.59946585
1.83499920 76.99008942 0.50172144
1.74448264 76.99008942 0.51250517
1.64625752 76.99008942 0.52693999
1.45059383 76.99008942 0.57060313
1.29567420 76.99008942 0.60044414
1.22528780 76.99008942 0.62082648
1.56006980 76.99008942 0.54363471
2.01548934 76.99008942 0.40042821
1.43100119 76.99008942 -1.50427997
0.99000382 76.99008942 -1.49986279
0.20420501 76.99008942 -1.53800917
-0.05583439 76.99008942 -0.62494111
-0.00884969 76.99008942 -0.24861684
0.54399502 76.99008942 0.50264966
2.14069533 76.99008942 0.35590929
2.19678092 76.99008942 0.26373705
2.27926278 76.99008942 0.07314725
2.33902502 76.99008942 -0.12275074
2.39698982 76.99008942 -0.19591615
2.43811512 76.99008942 -0.30912566
2.45673180 76.99008942 -0.37777659
2.45927286 76.99008942 -0.49986622
2.50827980 76.99008942 -0.67420781
2.44783950 76.99008942 -0.84835958
2.46398377 76.99008942 -0.97822058
2.44348168 76.99008942 -1.10109782
2.39824104 76.99008942 -1.25851846
2.34283996 76.99008942 -1.32786751
2.26190925 76.99008942 -1.42495012
2.17260695 76.99011230 -1.61328101
1.92358398 76.99353027 0.46582031
