0.09138615 74.66013336 0.48387277
0.63376439 74.66013336 0.54079914
2.08230352 74.66013336 -0.12876184
1.57800746 74.65013885 -1.54919457
1.36301494 74.65013885 -1.56062365
1.26168418 74.65013885 -1.56145895
1.17552018 74.65013885 -1.56200945
1.07733798 74.65013885 -1.56082845
1.01334631 74.65013885 -1.55730307
0.86347586 74.65013885 -1.56260943
0.77879465 74.65013885 -1.56542420
0.70005155 74.65013885 -1.56324351
0.60369122 74.65013885 -1.56691587
0.51167685 74.65013885 -1.57205987
0.41423357 74.65013885 -1.57092297
0.31079927 74.65013885 -1.56492209
0.21055649 74.65013885 -1.54879868
0.13406436 74.65013885 -1.52356267
0.07921331 74.65013885 -1.49495530
0.07469917 74.65013885 -1.38720095
0.06074389 74.65013885 -1.28712153
0.03276979 74.65013885 -1.20029700
0.02478451 74.65013885 -1.11633360
-0.01255543 74.65013885 -1.02808487
0.02593694 74.65013885 -0.94721973
-0.00434504 74.65013885 -0.82723272
-0.03524044 74.65013885 -0.74045014
-0.04214307 74.65013885 -0.63858145
-0.09433798 74.65013885 -0.55005151
-0.11454884 74.65013885 -0.48053008
-0.15431994 74.65013885 -0.32515824
-0.16829145 74.65013885 -0.23560607
-0.20666552 74.65013885 -0.10327061
-0.20668513 74.65013885 0.01374964
-0.20980680 74.65013885 0.12358799
-0.11852575 74.65013885 0.32579720
0.01425160 74.65013885 0.42984721
0.16085964 74.65013885 0.50655848
0.28006661 74.65013885 0.50100529
0.40988502 74.65013885 0.52332038
0.52653980 74.65013885 0.53407496
0.71331549 74.65013885 0.53881854
-0.16480754 74.65013885 0.28065851
0.86510319 74.65013885 0.54859316
1.88215315 74.65013885 0.23124520
1.97260797 74.65013885 0.09657162
1.99882054 74.65013885 0.02978843
2.09603691 74.65013885 -0.18943147
2.06066155 74.65013885 -0.29148713
2.03959203 74.65013885 -0.41506788
2.04885793 74.65013885 -0.72031915
2.02295280 74.65013885 -0.88913429
2.00418019 74.65013885 -1.00909293
2.01346731 74.65013885 -1.11997569
2.01751328 74.65013885 -1.23091245
2.01360559 74.65013885 -1.34349215
1.93888950 74.65013885 -1.46646821
1.81970680 74.65013885 -1.51119375
1.69737601 74.65013885 -1.53386366
0.96571887 74.65013885 0.51087850
1.12591398 74.65013885 0.45632070
1.23257244 74.65013885 0.50588292
1.44943428 74.65013885 0.43999857
1.54237330 74.65013885 0.42395240
1.67574918 74.65013885 0.40211904
1.80045331 74.65013885 0.41733146
1.83221948 74.65013885 0.35010409
2.05268502 74.65013885 -0.55970818
