0.72622949 -32.19760895 0.53457505
3.36996460 -32.19760895 -1.47918415
3.45434594 -32.19760895 0.99569523
1.94232178 -32.20760345 0.89947391
1.53886902 -32.20760345 0.69281757
1.06539631 -32.20760345 0.55332297
1.31602716 -32.20760345 0.55661958
0.66744328 -32.20760345 0.49743658
0.61703438 -32.20760345 0.40662029
0.51732367 -32.20760345 0.23214822
0.54756552 -32.20760345 0.28656915
0.41738021 -32.20760345 0.10317030
0.46474653 -32.20760345 0.16300833
0.37415290 -32.20760345 0.01579219
0.37006944 -32.20760345 -0.06882384
0.40107957 -32.20760345 -0.30743602
0.38910943 -32.20760345 -0.20398401
0.42790034 -32.20760345 -0.49949694
0.40783146 -32.20760345 -0.43375632
0.42205614 -32.20760345 -0.72496653
0.42755440 -32.20760345 -0.63233483
0.44059202 -32.20760345 -0.88373649
0.43744475 -32.20760345 -0.79471630
0.44631892 -32.20760345 -1.02920520
2.45136452 -32.20760345 -1.44924891
1.19393122 -32.20760345 -1.23174858
3.43448496 -32.20760345 -1.48119307
3.51304007 -32.20760345 -1.25902236
3.50313234 -32.20760345 -1.33671999
3.56667209 -32.20760345 -1.04169393
3.52899051 -32.20760345 -1.12023830
3.73146558 -32.20760345 -0.73610395
3.70722318 -32.20760345 -0.80090886
3.76641226 -32.20760345 -0.41727412
3.74758911 -32.20760345 -0.47561279
3.77042580 -32.20760345 -0.28735974
3.78112841 -32.20760345 -0.20979074
3.79391265 -32.20760345 0.00246122
3.77675295 -32.20760345 0.17973040
3.68340778 -32.20760345 0.39541775
3.70292759 -32.20760345 0.33362588
3.63232088 -32.20760345 0.60041815
3.62112164 -32.20760345 0.66934502
3.38620615 -32.20760345 1.01340675
3.16902375 -32.20760345 0.97111440
3.08617210 -32.20760345 0.99864924
2.88842773 -32.20760345 0.99141347
2.94880724 -32.20760345 0.99928224
2.76291323 -32.20760345 1.00694537
2.68552995 -32.20760345 1.02878940
2.54155087 -32.20760345 1.03856802
2.38933873 -32.20760345 1.02019465
2.32663822 -32.20760345 1.01637781
2.23818207 -32.20760345 0.99957603
2.15402436 -32.20760345 0.98515171
2.07396317 -32.20760345 0.94969362
2.00019240 -32.20760345 0.91603374
0.40970385 -32.20760345 -1.21905065
0.50537235 -32.20760345 -1.22552681
0.63651252 -32.20760345 -1.22323871
0.73983622 -32.20760345 -1.23132110
0.84186143 -32.20760345 -1.23037827
0.94570678 -32.20760345 -1.23990619
1.01494455 -32.20760345 -1.24001944
1.09150183 -32.20760345 -1.22739601
2.55363035 -32.20760345 -1.44601834
2.62785339 -32.20760345 -1.44737124
2.73034549 -32.20760345 -1.44718397
2.80065465 -32.20760345 -1.45915711
2.91616917 -32.20760345 -1.46000075
3.78437567 -32.20760345 -0.70402873
3.76240563 -32.20760345 -0.61095655
3.63950872 -32.20760345 0.81644744
3.60807061 -32.20760345 0.93386537
2.46669817 -32.20760345 1.04106343
