0.05638544 -79.77660370 -1.05162573
0.57119519 -79.77660370 0.81927061
0.06012175 -79.77660370 -0.12187911
0.04311104 -79.77660370 -0.27470842
0.04123856 -79.77660370 -0.42816773
0.03782579 -79.77660370 -0.76125002
1.23407137 -79.77660370 -1.48539996
3.10153413 -79.77660370 0.50673240
1.91544187 -79.77660370 1.08561862
1.29501009 -79.78659821 -1.49173701
1.09298301 -79.78659821 -1.46847200
0.99566740 -79.78659821 -1.45616353
0.92621446 -79.78659821 -1.45137918
0.83625305 -79.78659821 -1.44407773
0.77011675 -79.78659821 -1.43598723
0.66119814 -79.78659821 -1.43089318
0.57481349 -79.78659821 -1.42886019
0.48138627 -79.78659821 -1.41225994
0.40452501 -79.78659821 -1.39653206
0.29085729 -79.78659821 -1.38332677
0.18588166 -79.78659821 -1.32712924
0.07720795 -79.78659821 -1.10760534
0.09545916 -79.78659821 -0.92732388
0.06571742 -79.78659821 -0.81558907
0.01851383 -79.78659821 -0.58299243
0.05680171 -79.78659821 -0.49293977
0.04786432 -79.78659821 -0.33568588
0.07107954 -79.78659821 -0.18077192
0.08563969 -79.78659821 -0.04263509
0.10363255 -79.78659821 0.08755846
0.12306133 -79.78659821 0.21233647
0.13658653 -79.78659821 0.29646274
0.16321373 -79.78659821 0.43555298
0.22348313 -79.78659821 0.54604632
0.26119915 -79.78659821 0.60941839
0.37689108 -79.78659821 0.71825099
0.43031698 -79.78659821 0.77886552
0.51436234 -79.78659821 0.80223954
0.65567607 -79.78659821 0.85879827
0.79992664 -79.78659821 0.92138731
0.87130314 -79.78659821 0.94830358
0.96313471 -79.78659821 0.98040664
1.12161613 -79.78659821 0.97698087
1.18941796 -79.78659821 0.97693104
1.33615065 -79.78659821 0.98483032
1.42416179 -79.78659821 1.00290239
1.49360430 -79.78659821 1.03758252
1.62610805 -79.78659821 1.06436825
1.70655501 -79.78659821 1.07415891
1.77151906 -79.78659821 1.10819173
1.85316241 -79.78659821 1.09703076
2.03061366 -79.78659821 1.08949471
2.15570927 -79.78659821 1.11239445
2.23291945 -79.78659821 1.07044291
2.33970928 -79.78659821 0.98938423
2.44408274 -79.78659821 0.96761078
2.56587481 -79.78659821 0.88194132
2.68412971 -79.78659821 0.76043206
2.75390100 -79.78659821 0.71196216
2.93485498 -79.78659821 0.62152421
3.04274750 -79.78659821 0.54651862
3.19279695 -79.78659821 0.43869331
3.25723648 -79.78659821 0.38726994
3.47357106 -79.78659821 0.23741207
3.66950464 -79.78659821 0.16970907
3.90156531 -79.78659821 0.01034467
3.92388773 -79.78659821 -0.06368849
3.97950649 -79.78659821 -0.25671253
3.94597960 -79.78659821 -0.42715675
3.91466522 -79.78659821 -0.49257040
3.86652875 -79.78659821 -0.64726287
3.78213668 -79.78659821 -0.83803606
3.74555206 -79.78659821 -0.89483756
3.65134478 -79.78659821 -1.00767159
3.54235435 -79.78659821 -1.25202096
3.47664189 -79.78659821 -1.34269738
3.36421633 -79.78659821 -1.42694116
3.24215364 -79.78659821 -1.44479620
3.08079100 -79.78659821 -1.46133399
2.98014641 -79.78659821 -1.46854174
2.82590675 -79.78659821 -1.46429455
2.72418928 -79.78659821 -1.45545161
2.58743763 -79.78659821 -1.45659602
2.49233699 -79.78659821 -1.46203363
2.37859631 -79.78659821 -1.46686184
2.30669165 -79.78659821 -1.46449912
2.19884515 -79.78659821 -1.47028041
2.12408066 -79.78659821 -1.47503984
2.02293587 -79.78659821 -1.47967315
1.95419836 -79.78659821 -1.47998440
1.84093118 -79.78659821 -1.47900403
1.77026975 -79.78659821 -1.47680986
1.67201817 -79.78659821 -1.48335266
1.57232702 -79.78659821 -1.49237359
1.41083813 -79.78659821 -1.49196708
1.26870632 -79.78659821 0.97506011
1.05012774 -79.78659821 0.96065289
0.72011524 -79.78659821 0.88086164
0.16334443 -79.78659821 0.52326685
0.03439940 -79.78659821 -0.67498177
2.64108324 -79.78659821 0.82888615
1.56080282 -79.78659821 1.04772794
