2.22815824 62.44039154 -0.79054487
1.92266202 62.44039154 -1.46422184
1.46688557 62.44039154 -1.47916222
1.32083035 62.43039703 0.61588103
1.41784835 62.43039703 0.57364583
1.54688323 62.43039703 0.54820436
1.63755608 62.43039703 0.56629610
1.72945845 62.43039703 0.57079387
1.85015655 62.43039703 0.59025168
1.98415804 62.43039703 0.54877365
2.05629611 62.43039703 0.49060941
2.10081339 62.43039703 0.42396370
2.16881776 62.43039703 0.36235586
2.18078136 62.43039703 0.24840681
2.19310427 62.43039703 0.12335487
2.18492055 62.43039703 0.01154969
2.18240857 62.43039703 -0.06141036
2.17636704 62.43039703 -0.20176740
2.21153784 62.43039703 -0.30316943
2.22150755 62.43039703 -0.40780374
2.22504067 62.43039703 -0.47192380
2.22503114 62.43039703 -0.57150018
2.21939921 62.43039703 -0.65429419
2.22635126 62.43039703 -0.71459037
2.21617937 62.43039703 -0.85138613
2.24633908 62.43039703 -0.96907878
2.27023745 62.43039703 -1.09658933
2.23407888 62.43039703 -1.14719868
2.14487553 62.43039703 -1.21787250
2.07339668 62.43039703 -1.27534378
2.06314850 62.43039703 -1.40838265
2.02583337 62.43039703 -1.46883452
1.85948098 62.43039703 -1.46735919
1.79200268 62.43039703 -1.47702479
1.72029221 62.43039703 -1.48138595
1.57739770 62.43039703 -1.50224960
1.40623045 62.43039703 -1.47648406
1.29664516 62.43039703 -1.48284733
1.17399514 62.43039703 -1.48790562
1.09535754 62.43039703 -1.48692238
1.03337812 62.43039703 -1.48956060
0.83210570 62.43039703 -1.50515103
0.67015851 62.43039703 -1.51327884
0.56177956 62.43039703 -1.50687337
0.43148485 62.43039703 -1.48639274
0.23058799 62.43039703 -1.46296072
0.14418623 62.43039703 -1.44786525
0.14682269 62.43039703 -1.32120681
0.06865989 62.43039703 -1.15980852
0.06210677 62.43039703 -1.01839769
0.11236855 62.43039703 -0.81613934
0.05716030 62.43039703 -0.71267301
0.05558913 62.43039703 -0.58130527
0.05094061 62.43039703 -0.45159504
0.04355549 62.43039703 -0.26370642
0.04295726 62.43039703 -0.19088638
0.10709640 62.43039703 -0.06041005
0.06177938 62.43039703 0.02919109
0.02172641 62.43039703 0.13074997
0.02536930 62.43039703 0.26387036
0.06366900 62.43039703 0.35856313
0.13290223 62.43039703 0.45296347
0.19302717 62.43039703 0.52243608
0.27725506 62.43039703 0.58112133
0.38751641 62.43039703 0.62112361
0.54102081 62.43039703 0.60745746
0.63982475 62.43039703 0.60711902
0.71321589 62.43039703 0.61210012
0.78883862 62.43039703 0.62135756
0.85884535 62.43039703 0.61872607
0.93947053 62.43039703 0.61374658
1.03584325 62.43039703 0.63716942
1.15787351 62.43039703 0.64031166
1.23092580 62.43039703 0.63096023
2.18598056 62.43039703 0.18715234
