2.05213523 -8.80809784 0.24781658
2.14068103 -8.80809784 0.21869223
2.21363759 -8.80809784 0.18448339
2.27794409 -8.80809784 0.12561668
2.34148932 -8.80809784 0.00294041
2.38265586 -8.80809784 -0.08732145
2.42414498 -8.80809784 -0.16550013
2.46659136 -8.80809784 -0.25188926
2.48971772 -8.80809784 -0.33250561
2.53462553 -8.80809784 -0.39058244
2.50114799 -8.80809784 -0.71266562
2.47707653 -8.80809784 -0.83585536
2.45637560 -8.80809784 -0.92509806
2.43931007 -8.80809784 -0.98836994
2.39733553 -8.80809784 -1.09389651
2.39790130 -8.80809784 -1.22747004
2.42374325 -8.80809784 -1.28678811
2.36985755 -8.80809784 -1.31984317
2.30932474 -8.80809784 -1.34186578
2.17714810 -8.80809784 -1.38455892
2.08860278 -8.80809784 -1.40462101
1.98349428 -8.80809784 -1.41695440
1.83176231 -8.80809784 -1.42128325
1.76286912 -8.80809784 -1.42292368
1.69512427 -8.80809784 -1.42591941
1.58902836 -8.80809784 -1.42392695
1.44276726 -8.80809784 -1.40684187
1.37651885 -8.80809784 -1.41067779
1.28631580 -8.80809784 -1.40423977
1.21152472 -8.80809784 -1.40462661
1.12856054 -8.80809784 -1.39694834
1.06074274 -8.80809784 -1.38889921
0.97348803 -8.80809784 -1.39651346
0.91319388 -8.80809784 -1.39495349
0.83163983 -8.80809784 -1.39254856
0.75265801 -8.80809784 -1.38839209
0.68018019 -8.80809784 -1.38141787
0.59973180 -8.80809784 -1.37589777
0.51510805 -8.80809784 -1.35401881
0.37072021 -8.80809784 -1.36320841
0.21594571 -8.80809784 -1.28394699
0.21448264 -8.80809784 -1.19178188
0.18500531 -8.80809784 -1.11231923
0.20942943 -8.80809784 -0.99612212
0.17596728 -8.80809784 -0.89947468
0.16106148 -8.80809784 -0.82458556
0.19780006 -8.80809784 -0.77489436
0.26684561 -8.80809784 -0.68478203
0.29649276 -8.80809784 -0.60696137
0.30286214 -8.80809784 -0.49818274
0.32540545 -8.80809784 -0.44251895
0.34810668 -8.80809784 -0.37288216
0.38051748 -8.80809784 -0.29497737
0.40800419 -8.80809784 -0.22806598
0.44546631 -8.80809784 -0.14205573
0.46115914 -8.80809784 -0.07162821
0.49275932 -8.80809784 -0.01524054
0.50792342 -8.80809784 0.10701527
0.52823919 -8.80809784 0.17400178
0.62044936 -8.80809784 0.18823490
0.62814027 -8.80809784 0.34965530
0.73419559 -8.80809784 0.31067145
0.84983379 -8.80809784 0.35461098
0.92874283 -8.80809784 0.39590427
1.00106514 -8.80809784 0.43492174
1.06516600 -8.80809784 0.46700996
1.13151658 -8.80809784 0.48469156
1.35059595 -8.80809784 0.49213162
1.55139410 -8.80809784 0.47281748
1.73358440 -8.80809784 0.40480623
1.84592187 -8.80809784 0.35868952
1.94369578 -8.80809784 0.30882972
0.23439570 -8.80809784 -1.34318960
1.50772917 -8.80809784 -1.39229178
2.52198482 -8.80809784 -0.65379864
2.55475068 -8.80809784 -0.59359884
1.67139924 -8.80809784 0.43915609
