0.57739162 3.68163300 -1.12147498
0.28441656 3.68163300 0.02119211
0.22116715 3.68163300 -0.11534026
0.20639722 3.68163300 -0.25879806
0.22506124 3.68163300 -0.60839134
0.25116259 3.68163300 -1.06720543
2.33861399 3.68163300 -1.12395191
2.67029357 3.68163300 0.49755859
1.82652152 3.68163300 0.53607756
2.69872713 3.67163849 -0.62957013
2.73130631 3.67163849 -0.78943008
2.75733280 3.67163849 -0.96696603
2.72505903 3.67163849 -1.12732553
0.64236373 3.67163849 -1.12439656
0.22985667 3.67163849 -1.13951302
0.29687637 3.67163849 -0.98240644
0.22918980 3.67163849 -0.86031109
0.21990764 3.67163849 -0.69396055
0.24625514 3.67163849 -0.44515207
0.21597636 3.67163849 -0.18121603
0.24119310 3.67163849 -0.03553004
0.32883391 3.67163849 0.06299777
0.39130998 3.67163849 0.16200848
0.47339007 3.67163849 0.24361505
0.56452090 3.67163849 0.31434485
0.66132540 3.67163849 0.37614036
0.71376777 3.67163849 0.41174170
0.20396781 3.67163849 -0.33857289
2.79090643 3.67163849 -1.07759202
1.45174158 3.67163849 0.55931830
1.37637091 3.67163849 0.58032763
1.27583945 3.67163849 0.58419317
1.20403790 3.67163849 0.60087514
1.11159778 3.67163849 0.57118165
0.99173915 3.67163849 0.53753632
0.86871648 3.67163849 0.54528087
0.80882245 3.67163849 0.48835406
2.70556784 3.67163849 -0.51549244
2.71504021 3.67163849 -0.35638446
2.73477030 3.67163849 -0.18249507
2.71924901 3.67163849 -0.29389340
2.73227501 3.67163849 -0.08610722
2.68289709 3.67163849 0.00341316
2.66011214 3.67163849 0.11730325
2.66539454 3.67163849 0.28912485
2.66634917 3.67163849 0.39252368
2.63280106 3.67163849 0.54393578
2.43998504 3.67163849 0.61246860
2.55636978 3.67163849 0.58991623
2.33442259 3.67163849 0.63901204
2.07574129 3.67163849 0.57846010
2.17308283 3.67163849 0.59173959
2.01342845 3.67163849 0.59388214
1.90004981 3.67163849 0.59540987
1.76976085 3.67163849 0.57005548
1.66255152 3.67163849 0.57143807
1.57549238 3.67163849 0.55476815
