-0.04546032 75.18012238 -1.24648917
1.12138212 75.18012238 0.55316174
0.50357419 75.18012238 0.51763356
0.26480395 75.18012238 0.51647431
0.93417853 75.17012787 0.55234343
1.06046557 75.17012787 0.55152416
1.19813359 75.17012787 0.54643440
1.30981314 75.17012787 0.52522272
1.44680297 75.17012787 0.49381095
1.56913292 75.17012787 0.47057548
1.71120071 75.17012787 0.46330240
1.84436893 75.17012787 0.42255291
1.89688683 75.17012787 0.35535118
1.94050395 75.17012787 0.24259216
1.96063232 75.17012787 0.08608963
2.02761745 75.17012787 -0.07197672
2.01104975 75.17012787 -0.16723044
2.06393075 75.17012787 -0.26734209
2.05853271 75.17012787 -0.38189003
2.10197759 75.17012787 -0.55896997
2.12055635 75.17012787 -0.61851364
2.07731104 75.17012787 -0.75413513
2.10090828 75.17012787 -0.87524241
2.09798121 75.17012787 -1.00207663
2.12768364 75.17012787 -1.12675869
2.13350058 75.17012787 -1.19588792
2.09769154 75.17012787 -1.35183311
2.09755230 75.17012787 -1.42141378
2.09468293 75.17012787 -1.52199697
2.07753015 75.17012787 -1.61567700
1.92142081 75.17012787 -1.60721838
1.86089134 75.17012787 -1.58452737
1.66720688 75.17012787 -1.54808164
1.56399417 75.17012787 -1.56480610
1.45028114 75.17012787 -1.54560804
1.36083353 75.17012787 -1.55155492
1.28440452 75.17012787 -1.55502737
1.21007407 75.17012787 -1.55577505
1.13801527 75.17012787 -1.55737448
0.98807102 75.17012787 -1.55454171
0.92790437 75.17012787 -1.55415440
0.85381901 75.17012787 -1.55273724
0.79284328 75.17012787 -1.55531299
0.72291577 75.17012787 -1.55381262
0.65136701 75.17012787 -1.55702233
0.57173103 75.17012787 -1.56288671
0.48716176 75.17012787 -1.56762695
0.29345173 75.17012787 -1.55356324
0.19596004 75.17012787 -1.53302073
0.07240079 75.17012787 -1.45724988
-0.03172060 75.17012787 -1.37384546
-0.05110842 75.17012787 -1.31136441
-0.07518366 75.17012787 -1.06738448
-0.08548644 75.17012787 -0.99098164
-0.11680038 75.17012787 -0.91613179
-0.10172105 75.17012787 -0.85623306
-0.17588733 75.17012787 -0.68883061
-0.17883734 75.17012787 -0.58194947
-0.19326335 75.17012787 -0.46363601
-0.20519952 75.17012787 -0.39548656
-0.19884981 75.17012787 -0.33255297
-0.20795806 75.17012787 -0.23425058
-0.19716340 75.17012787 -0.06871495
-0.19533007 75.17012787 0.07019093
-0.19692183 75.17012787 0.13896070
-0.18848762 75.17012787 0.24328442
-0.17971306 75.17012787 0.30803460
-0.16369870 75.17012787 0.39121735
-0.12691641 75.17012787 0.44185340
-0.05462020 75.17012787 0.45895579
0.11876815 75.17012787 0.50229394
0.19664995 75.17012787 0.51092702
0.34189534 75.17012787 0.50265133
0.41934174 75.17012787 0.51191431
0.86786997 75.17012787 0.54826009
-0.20918870 75.17012787 -0.16336170
-0.13066220 75.17012787 -0.73912901
-0.07513342 75.17012787 -1.19396603
0.03848077 75.17012787 -1.39783597
0.39521933 75.17012787 -1.56140280
1.06705356 75.17012787 -1.55713701
