0.01348188 63.74036407 0.36350146
0.43230408 63.74036407 0.52246249
0.29419172 63.74036407 0.50907040
0.01414978 63.74036407 0.22225165
0.02851236 63.74036407 -0.56492645
0.06347284 63.74036407 -0.91355234
0.07933398 63.74036407 -1.05296004
1.97374868 63.74036407 0.56937230
1.72514379 63.74036407 0.69459057
0.99466467 63.74036407 0.61678171
1.28085256 63.73036957 0.61373574
1.15857470 63.73036957 0.64280087
1.08851469 63.73036957 0.62864619
0.93382341 63.73036957 0.60285455
0.85804176 63.73036957 0.59169698
0.76325613 63.73036957 0.56279993
0.67309809 63.73036957 0.49980816
0.53417754 63.73036957 0.52726692
0.37048483 63.73036957 0.51202559
0.23279281 63.73036957 0.51014954
0.11532155 63.73036957 0.47850823
0.04460800 63.73036957 0.41525245
0.01972261 63.73036957 0.30356181
0.00542580 63.73036957 0.16040418
-0.02184081 63.73036957 -0.02099147
-0.02862117 63.73036957 -0.09753087
-0.03177192 63.73036957 -0.25235802
-0.03009119 63.73036957 -0.31685361
0.02073922 63.73036957 -0.48228773
0.01255576 63.73036957 -0.39603940
0.01123249 63.73036957 -0.62597865
0.02455168 63.73036957 -0.72712332
0.04501961 63.73036957 -0.79655498
0.07614379 63.73036957 -0.98329228
0.08216257 63.73036957 -1.11545241
0.06788960 63.73036957 -1.25378597
0.08572373 63.73036957 -1.33875608
0.09802020 63.73036957 -1.47300828
0.19145603 63.73036957 -1.47887564
0.31088558 63.73036957 -1.48620272
0.40858480 63.73036957 -1.48828268
0.56481957 63.73036957 -1.51009345
0.70456856 63.73036957 -1.50774324
0.84275985 63.73036957 -1.49868608
0.96336949 63.73036957 -1.48678291
1.05589962 63.73036957 -1.48601425
1.14419198 63.73036957 -1.49084723
1.21120822 63.73036957 -1.49174893
1.50869107 63.73036957 -1.48396909
1.61687660 63.73036957 -1.48352110
1.73608446 63.73036957 -1.47174633
1.86104321 63.73036957 -1.46601009
2.00034952 63.73036957 -1.49656367
2.11708903 63.73036957 -1.41311038
2.09114528 63.73036957 -1.24046409
2.11094952 63.73036957 -1.11610293
2.10851431 63.73036957 -0.99178880
2.11815929 63.73036957 -0.87383091
2.14325500 63.73036957 -0.78521001
2.15431118 63.73036957 -0.71373791
2.19532180 63.73036957 -0.55762881
2.17737174 63.73036957 -0.45667300
2.20646548 63.73036957 -0.28299037
2.21158195 63.73036957 -0.18214205
2.19468665 63.73036957 0.07557641
2.18654251 63.73036957 0.26887405
2.14703298 63.73036957 0.33227402
2.07026482 63.73036957 0.42912278
2.01032448 63.73036957 0.51618540
1.90692437 63.73036957 0.61217880
1.76608324 63.73036957 0.64125913
1.66957831 63.73036957 0.72582877
1.57027519 63.73036957 0.74236882
1.46746051 63.73036957 0.70290565
1.37132275 63.73036957 0.66166329
-0.01688942 63.73036957 0.09875944
-0.05464301 63.73036957 -0.17764832
1.33566773 63.73036957 -1.49042428
2.12634993 63.73036957 -1.47482479
2.15114617 63.73036957 -0.60532510
2.17000484 63.73036957 -0.33790353
2.22522235 63.73036957 -0.09071193
2.18456507 63.73036957 0.17452025
