0.95158076 -26.47772980 0.61658257
1.34071088 -26.48772430 0.72955948
1.42301893 -26.48772430 0.74478340
1.18306100 -26.48772430 0.70729911
1.24747193 -26.48772430 0.71899366
1.10855365 -26.48772430 0.61983556
1.03300250 -26.48772430 0.63430232
0.88783848 -26.48772430 0.61384100
0.69724429 -26.48772430 0.58844799
0.59982681 -26.48772430 0.56597722
0.48327553 -26.48772430 0.55666584
0.24313198 -26.48772430 0.53430116
0.33389819 -26.48772430 0.53218734
0.17197831 -26.48772430 0.51861745
0.06498078 -26.48772430 0.49945956
0.00181143 -26.48772430 0.33296666
0.05799708 -26.48772430 0.42520559
-0.00399546 -26.48772430 0.27245039
-0.00673920 -26.48772430 0.07218735
-0.04235074 -26.48772430 0.14322898
0.04291725 -26.48772430 -0.07666899
0.02888489 -26.48772430 0.00868272
0.05523795 -26.48772430 -0.15304218
0.06776473 -26.48772430 -0.24541529
0.10748287 -26.48772430 -0.49638936
0.09062624 -26.48772430 -0.39343166
0.16161270 -26.48772430 -0.62834072
0.11725847 -26.48772430 -0.56814283
0.18163453 -26.48772430 -0.71803421
0.17768832 -26.48772430 -0.78897923
0.20326591 -26.48772430 -0.93135762
0.20024049 -26.48772430 -1.04986727
0.19607431 -26.48772430 -1.16502142
0.24947880 -26.48772430 -1.34364390
0.21539205 -26.48772430 -1.26349628
0.28415573 -26.48772430 -1.40443087
0.35127625 -26.48772430 -1.44356716
0.48793924 -26.48772430 -1.45912707
0.62901437 -26.48772430 -1.44833648
0.54781073 -26.48772430 -1.45255733
0.75491995 -26.48772430 -1.43968117
0.90331757 -26.48772430 -1.44217849
0.99299324 -26.48772430 -1.44450903
1.08918405 -26.48772430 -1.44230366
1.20999789 -26.48772430 -1.43392396
1.35293233 -26.48772430 -1.43439674
1.44496143 -26.48772430 -1.43441772
1.61883986 -26.48772430 -1.42504895
1.72094512 -26.48772430 -1.41205847
1.81269562 -26.48772430 -1.43433797
1.99966824 -26.48772430 -1.42018700
1.92750180 -26.48772430 -1.42504895
2.11385083 -26.48772430 -1.41243267
2.17535424 -26.48772430 -1.40677547
2.31191397 -26.48772430 -1.30769289
2.25709605 -26.48772430 -1.37022555
2.49877286 -26.48772430 -1.07717395
2.44515443 -26.48772430 -1.12160230
2.45870018 -26.48772430 -0.92741084
2.49397945 -26.48772430 -0.99643934
2.43810081 -26.48772430 -0.81623310
2.43794274 -26.48772430 -0.72802722
2.44019413 -26.48772430 -0.65758967
2.44395185 -26.48772430 -0.42746076
2.44658828 -26.48772430 -0.51115334
2.46059275 -26.48772430 -0.32885954
2.45615721 -26.48772430 -0.26310247
2.43910265 -26.48772430 -0.18007560
2.45434403 -26.48772430 0.00047891
2.41714931 -26.48772430 -0.06673311
2.45983219 -26.48772430 0.07062296
2.42252445 -26.48772430 0.12953866
2.39065361 -26.48772430 0.27379680
2.24908972 -26.48772430 0.47859401
2.28029490 -26.48772430 0.41648495
2.16719770 -26.48772430 0.60236579
2.09741783 -26.48772430 0.64248568
1.95584476 -26.48772430 0.77188361
2.03065228 -26.48772430 0.70473945
1.87048924 -26.48772430 0.81649536
1.70594442 -26.48772430 0.78322393
1.80477178 -26.48772430 0.80103272
1.59257877 -26.48772430 0.72470784
1.64205825 -26.48772430 0.77613401
1.49136066 -26.48772430 0.71228737
0.77514815 -26.48772430 0.60762542
1.28069508 -26.48772430 -1.43228579
1.54017198 -26.48772430 -1.43434799
2.37420845 -26.48772430 -1.27520454
2.43151331 -26.48772430 -1.18442976
2.44202089 -26.48772430 0.22024451
