2.54808855 -65.73690033 -0.43684363
2.52930570 -65.73690033 -0.60722208
1.03182173 -65.73690033 -1.46374631
0.40030760 -65.73690033 -1.16959345
0.41866297 -65.73690033 -0.94688702
0.41126505 -65.73690033 -0.79563278
0.41950676 -65.73690033 -0.22149362
1.42729938 -65.73690033 0.69122553
2.49071074 -65.74689484 -0.04985429
2.52754521 -65.74689484 -0.25939715
2.53369141 -65.74689484 -0.37448376
2.56585360 -65.74689484 -0.54563415
2.48017931 -65.74689484 -0.72166806
2.48312902 -65.74689484 -0.86502951
2.41321445 -65.74689484 -0.99828070
2.36784101 -65.74689484 -1.32468617
2.32743788 -65.74689484 -1.40151918
2.21584320 -65.74689484 -1.42499352
2.06848645 -65.74689484 -1.44752741
1.89683807 -65.74689484 -1.46741343
1.77138567 -65.74689484 -1.47347486
1.49816680 -65.74689484 -1.48924613
1.37328649 -65.74689484 -1.49130106
1.22769165 -65.74689484 -1.49387789
1.09317029 -65.74689484 -1.47203219
0.90080535 -65.74689484 -1.44981325
0.77757007 -65.74689484 -1.42263103
0.60812104 -65.74689484 -1.38791215
0.45893618 -65.74689484 -1.31879580
0.40954238 -65.74689484 -1.25044787
0.43141130 -65.74689484 -1.00639129
0.39288005 -65.74689484 -0.87062043
0.40407556 -65.74689484 -0.68038160
0.40478653 -65.74689484 -0.59245503
0.43098155 -65.74689484 -0.48514247
0.43034628 -65.74689484 -0.30119848
0.40781179 -65.74689484 -0.14187872
0.40093699 -65.74689484 -0.07505333
0.42827868 -65.74689484 0.03092956
0.43060851 -65.74689484 0.13166319
0.46350551 -65.74689484 0.27372742
0.48578402 -65.74689484 0.42368060
0.49658492 -65.74689484 0.48939079
2.47840405 -65.74689484 0.09227233
2.50456309 -65.74689484 -0.14996590
2.40168977 -65.74689484 -1.14538407
1.58803177 -65.74689484 -1.48656607
0.52102196 -65.74689484 -1.35428488
0.42934957 -65.74689484 -0.37822294
0.49530938 -65.74689484 0.19291015
1.86741197 -65.74689484 0.58215320
1.94988537 -65.74689484 0.55728233
2.05840540 -65.74689484 0.55255151
2.15495539 -65.74689484 0.51566380
2.22587729 -65.74689484 0.46337304
2.30126023 -65.74689484 0.40183598
2.37112999 -65.74689484 0.31977811
2.46219969 -65.74689484 0.21966477
0.51981825 -65.74689484 0.62137097
0.55571592 -65.74689484 0.71133560
0.66477478 -65.74689484 0.73438281
0.80467111 -65.74689484 0.69428837
0.88836735 -65.74689484 0.70551586
0.96946841 -65.74689484 0.73119223
1.03215528 -65.74689484 0.74879211
1.11456406 -65.74689484 0.72116226
1.19412673 -65.74689484 0.67377609
1.29780197 -65.74689484 0.64944410
1.36652374 -65.74689484 0.67799246
1.76509273 -65.74689484 0.59172833
