0.74730182 7.84154510 0.47537917
2.50439692 7.83155060 0.34702671
2.58906245 7.83155060 0.17860514
2.61392093 7.83155060 0.08158872
2.63132620 7.83155060 -0.00655066
2.68386126 7.83155060 -0.11077050
2.70978475 7.83155060 -0.19503970
2.76075268 7.83155060 -0.26683149
2.78717065 7.83155060 -0.37322813
2.79290986 7.83155060 -0.45562726
2.80667043 7.83155060 -0.52372593
2.81021953 7.83155060 -0.59947187
2.81823325 7.83155060 -0.68045992
2.84409952 7.83155060 -0.77352035
2.87305093 7.83155060 -0.87818736
2.87504983 7.83155060 -0.97786456
2.90550900 7.83155060 -1.09252048
2.90877986 7.83155060 -1.21806264
2.83778477 7.83155060 -1.31661630
2.75637078 7.83155060 -1.34711146
2.64822841 7.83155060 -1.37340569
2.56610227 7.83155060 -1.37702501
2.44914126 7.83155060 -1.39007556
2.36320305 7.83155060 -1.38704288
2.26465130 7.83155060 -1.37239313
2.13935518 7.83155060 -1.39021373
2.06367040 7.83155060 -1.40086067
1.96521080 7.83155060 -1.40857875
1.90065265 7.83155060 -1.40755963
1.80529022 7.83155060 -1.39045870
1.68219650 7.83155060 -1.38108802
1.58852911 7.83155060 -1.37771118
1.47557914 7.83155060 -1.39362431
1.38056958 7.83155060 -1.40506756
1.20594931 7.83155060 -1.40650916
1.08078992 7.83155060 -1.38506138
0.67719251 7.83155060 -1.34065497
0.47625712 7.83155060 -1.31133509
0.43093240 7.83155060 -1.25036645
0.38870978 7.83155060 -1.11020017
0.30039886 7.83155060 -0.93527877
0.29020905 7.83155060 -0.83754539
0.28062454 7.83155060 -0.67723215
0.30974105 7.83155060 -0.50294924
0.28262419 7.83155060 -0.32827634
0.34720823 7.83155060 -0.22153625
0.42985156 7.83155060 0.02493326
0.49799931 7.83155060 0.19907525
0.55075049 7.83155060 0.32302290
0.69525099 7.83155060 0.43715489
0.85266632 7.83155060 0.60803539
0.93108410 7.83155060 0.67183501
1.00742090 7.83155060 0.71445954
1.13432682 7.83155060 0.72181398
1.20737457 7.83155060 0.70880574
1.36041427 7.83155060 0.64024293
1.48451555 7.83155060 0.63048321
1.59282887 7.83155060 0.61554432
1.75642109 7.83155060 0.57060289
1.81838858 7.83155060 0.52292323
1.93311155 7.83155060 0.49516183
1.99769068 7.83155060 0.48400423
2.08497834 7.83155060 0.48161530
2.16337204 7.83155060 0.45526585
2.23760605 7.83155060 0.42614728
2.32695580 7.83155060 0.40465954
2.42156482 7.83155060 0.39358249
2.56320286 7.83155060 0.25690231
0.90722460 7.83155060 -1.36390591
