-0.19888568 68.42026520 0.47946313
-0.10814661 68.42026520 -0.58640510
0.16076303 68.42026520 -1.32452965
2.00111556 68.42026520 -1.13681757
1.95162249 68.42026520 -0.92288417
0.03803863 68.42026520 0.55235595
1.88945389 68.41027069 -0.24459612
1.89041507 68.41027069 -0.33037195
1.90158165 68.41027069 -0.51405114
1.92297733 68.41027069 -0.62268800
1.93335891 68.41027069 -0.73841190
1.93238163 68.41027069 -0.85804307
1.99141896 68.41027069 -1.06564713
2.01782823 68.41027069 -1.26976061
1.80338216 68.41027069 -1.49266815
1.64726937 68.41027069 -1.48869050
1.51006246 68.41027069 -1.49355793
1.36859977 68.41027069 -1.49746263
1.26281655 68.41027069 -1.51100314
1.13243353 68.41027069 -1.51482832
1.05431223 68.41027069 -1.51024425
0.97555792 68.41027069 -1.50608635
0.78317595 68.41027069 -1.49950290
0.68883121 68.41027069 -1.49822164
0.61899561 68.41027069 -1.49697614
0.49476638 68.41027069 -1.49298549
0.40998548 68.41027069 -1.49085999
0.28452560 68.41027069 -1.47934568
0.19921879 68.41027069 -1.45382082
0.17177372 68.41027069 -1.38467968
0.14214182 68.41027069 -1.25027263
0.06627873 68.41027069 -1.21329248
0.01084673 68.41027069 -1.16385365
-0.00937575 68.41027069 -1.10082841
-0.03787897 68.41027069 -1.03106630
-0.07059598 68.41027069 -0.92927808
-0.07365925 68.41027069 -0.80796355
-0.09207105 68.41027069 -0.71157598
-0.09989575 68.41027069 -0.64687812
-0.14043570 68.41027069 -0.50710523
-0.15828729 68.41027069 -0.43043372
-0.22204721 68.41027069 -0.28309062
-0.22119966 68.41027069 -0.20190784
-0.20503157 68.41027069 -0.11269966
-0.20605543 68.41027069 0.00328208
-0.24232151 68.41027069 0.10095814
-0.25176498 68.41027069 0.16510455
-0.23750380 68.41027069 0.28497434
-0.24136239 68.41027069 0.36348784
-0.22281036 68.41027069 0.42431933
-0.11589780 68.41027069 0.49729201
-0.02001750 68.41027069 0.52011478
0.07896126 68.41027069 0.61038214
0.17927718 68.41027069 0.60973203
0.29830632 68.41027069 0.62104392
0.49943632 68.41027069 0.65815717
0.59681368 68.41027069 0.68327260
0.66960150 68.41027069 0.68184972
0.74881059 68.41027069 0.70214158
0.88088477 68.41027069 0.75192451
0.96916890 68.41027069 0.73293084
1.09608471 68.41027069 0.76369470
1.18568742 68.41027069 0.80315018
1.27646673 68.41027069 0.84384984
1.49862409 68.41027069 0.83564085
1.64569557 68.41027069 0.78970629
1.73378646 68.41027069 0.68310601
1.75545371 68.41027069 0.56818807
1.80976236 68.41027069 0.40479469
1.83446229 68.41027069 0.31086302
1.84869301 68.41027069 0.22960101
1.88602221 68.41027069 -0.01505764
1.88662159 68.41027069 -0.09797113
-0.19544418 68.41027069 -0.37676939
1.95347261 68.41027069 -1.43469870
1.88874769 68.41027069 -0.40592158
1.88144875 68.41027069 0.07891863
1.78425777 68.41027069 0.47851795
1.70796239 68.41027069 0.75054479
1.39936757 68.41027069 0.86606836
0.80736953 68.41027069 0.73526156
0.39849618 68.41027069 0.64267194
