1.34714723 29.16109467 0.66556519
2.44442725 29.16109467 -0.21754424
2.39607286 29.15110016 0.06990197
2.42763996 29.15110016 -0.14699899
2.46682596 29.15110016 -0.30912951
2.47061658 29.15110016 -0.37607652
2.49705720 29.15110016 -0.46786934
2.51314545 29.15110016 -0.57011795
2.53617167 29.15110016 -0.66127706
2.56320715 29.15110016 -0.72032207
2.55191922 29.15110016 -0.80390841
2.54212952 29.15110016 -0.88018364
2.52278972 29.15110016 -1.06350124
2.55411386 29.15110016 -1.16255033
2.55352569 29.15110016 -1.27143431
2.44930744 29.15110016 -1.39140964
2.37215757 29.15110016 -1.41258264
2.30501151 29.15110016 -1.41514337
2.22163916 29.15110016 -1.41937923
2.15927529 29.15110016 -1.42041481
2.03407168 29.15110016 -1.43966150
1.97487247 29.15110016 -1.42846704
1.87436378 29.15110016 -1.42964637
1.78017008 29.15110016 -1.43567753
1.69419694 29.15110016 -1.43939424
1.61109567 29.15110016 -1.43037856
1.53489840 29.15110016 -1.42794132
1.45621383 29.15110016 -1.42918372
1.36148632 29.15110016 -1.43156385
1.24287546 29.15110016 -1.42914617
1.16025221 29.15110016 -1.42911804
1.09070754 29.15110016 -1.42411757
1.01785004 29.15110016 -1.42225516
0.94035208 29.15110016 -1.42983913
0.84394491 29.15110016 -1.42163098
0.74363983 29.15110016 -1.41269994
0.62583774 29.15110016 -1.40468967
0.49539027 29.15110016 -1.39158583
0.37650394 29.15110016 -1.34754193
0.40911990 29.15110016 -1.25727582
0.38704821 29.15110016 -1.13656950
0.35416189 29.15110016 -0.98489004
0.35905620 29.15110016 -0.90686995
0.35920525 29.15110016 -0.82852328
0.37413508 29.15110016 -0.76226264
0.37026474 29.15110016 -0.68180847
0.37804058 29.15110016 -0.58598286
0.37745017 29.15110016 -0.51883876
0.37542495 29.15110016 -0.40877309
0.37484661 29.15110016 -0.30327156
0.37915069 29.15110016 -0.21532625
0.39221209 29.15110016 -0.09065341
0.39658290 29.15110016 0.02812936
0.39175954 29.15110016 0.14234796
0.44025540 29.15110016 0.27957901
0.45668426 29.15110016 0.33931443
0.46167636 29.15110016 0.43421832
0.46833721 29.15110016 0.60776871
0.49529520 29.15110016 0.66394985
0.59770513 29.15110016 0.68173254
0.72456712 29.15110016 0.66373479
0.83289677 29.15110016 0.64446437
0.92356664 29.15110016 0.61283529
0.99721187 29.15110016 0.61078441
1.23515213 29.15110016 0.70189911
1.29605412 29.15110016 0.69601560
1.45986176 29.15110016 0.61243600
1.52515233 29.15110016 0.60758746
1.59214711 29.15110016 0.62888300
1.65639317 29.15110016 0.62845492
1.71976805 29.15110016 0.63970101
1.79477501 29.15110016 0.61508119
1.87151933 29.15110016 0.59829921
1.93231916 29.15110016 0.58342820
2.06681299 29.15110016 0.59652227
2.19979930 29.15110016 0.50490409
2.24892306 29.15110016 0.41615623
2.30893207 29.15110016 0.37114266
2.37925100 29.15110016 0.17468916
2.52949810 29.15110016 -1.34828031
2.50848961 29.15110016 -0.98150659
2.45723128 29.15110016 -0.08084098
2.33465934 29.15110016 0.27696028
1.99176145 29.15110016 0.59456068
1.07591581 29.15110016 0.63058931
