1.87220335 74.14014435 0.18796554
0.06233063 74.14014435 -1.36325538
1.74480844 74.13014984 0.31105843
1.82785535 74.13014984 0.23229684
1.90641832 74.13014984 0.13890705
1.95846570 74.13014984 0.05837391
2.01148248 74.13014984 -0.02156070
2.03493810 74.13014984 -0.11238232
2.03174663 74.13014984 -0.22812814
2.04298043 74.13014984 -0.32169932
2.04454756 74.13014984 -0.39438561
2.06128669 74.13014984 -0.46666753
2.05540991 74.13014984 -0.54828793
2.06928468 74.13014984 -0.63709325
2.06002975 74.13014984 -0.70175993
2.04536533 74.13014984 -0.81958270
2.03502941 74.13014984 -0.90714264
2.04652095 74.13014984 -1.01658630
2.04540253 74.13014984 -1.08286595
2.07383299 74.13014984 -1.17118835
2.06910443 74.13014984 -1.23855078
2.01524234 74.13014984 -1.40639031
2.06296825 74.13014984 -1.47843409
2.00824642 74.13014984 -1.59189034
1.87848878 74.13014984 -1.59800053
1.73024333 74.13014984 -1.60026753
1.57923126 74.13014984 -1.55708218
1.50021160 74.13014984 -1.56296921
1.37283289 74.13014984 -1.54926789
1.28846192 74.13014984 -1.55657446
1.12544560 74.13014984 -1.56037676
0.96638668 74.13014984 -1.56462729
0.84749222 74.13014984 -1.56984675
0.75036395 74.13014984 -1.57385767
0.68179625 74.13014984 -1.57406545
0.59394383 74.13014984 -1.57705355
0.50243717 74.13014984 -1.57724464
0.39415228 74.13014984 -1.56418765
0.29676569 74.13014984 -1.54948092
0.19630970 74.13014984 -1.51811254
0.13558877 74.13014984 -1.48760855
0.09508765 74.13014984 -1.41687608
0.01066684 74.13014984 -1.18118787
-0.04999229 74.13014984 -1.12386727
-0.04611328 74.13014984 -0.93216789
-0.08279313 74.13014984 -0.75119293
-0.06028365 74.13014984 -0.54115391
-0.06136462 74.13014984 -0.44495052
-0.08851765 74.13014984 -0.34195504
-0.12540625 74.13014984 -0.26700860
-0.10392124 74.13014984 -0.10473739
-0.08672478 74.13014984 -0.00121644
-0.08709289 74.13014984 0.11055472
-0.00699202 74.13014984 0.23754382
0.02114397 74.13014984 0.31956872
0.31407863 74.13014984 0.35906789
0.36887652 74.13014984 0.39922234
0.45109129 74.13014984 0.43035236
0.54967743 74.13014984 0.45942736
0.64509082 74.13014984 0.45361164
0.77392125 74.13014984 0.45911440
0.85894114 74.13014984 0.44292450
1.04203963 74.13014984 0.45391387
1.11391759 74.13014984 0.46324825
1.22598267 74.13014984 0.44166997
1.30712426 74.13014984 0.44207075
1.42462754 74.13014984 0.37856126
1.55044174 74.13014984 0.39949331
1.68527508 74.13014984 0.31948179
1.19133031 74.13014984 -1.55995095
0.07622233 74.13014984 0.35705972
