2.62475419 -39.73744965 0.50169182
0.13471006 -39.73744965 -1.10524368
0.54804152 -39.73744965 0.56803590
1.57955790 -39.73744965 0.80541164
1.64533305 -39.74744415 0.80926734
1.73430634 -39.74744415 0.82745975
1.79666495 -39.74744415 0.83079803
1.90374351 -39.74744415 0.83647710
1.96764493 -39.74744415 0.86612266
2.05184722 -39.74744415 0.87027371
2.15778708 -39.74744415 0.85469532
2.21767473 -39.74744415 0.83499807
2.32582307 -39.74744415 0.80827999
2.40469456 -39.74744415 0.81948233
2.50339293 -39.74744415 0.78591359
2.57120776 -39.74744415 0.76880586
2.61355138 -39.74744415 0.70233828
2.63580608 -39.74744415 0.63961035
2.64058399 -39.74744415 0.57484174
2.67911935 -39.74744415 0.39283210
2.69139695 -39.74744415 0.31111786
2.71066952 -39.74744415 0.16833611
2.74309349 -39.74744415 0.09518489
2.68555975 -39.74744415 -0.00414856
2.70896268 -39.74744415 -0.06464184
2.69320178 -39.74744415 -0.12716269
2.69420528 -39.74744415 -0.25429812
2.68508840 -39.74744415 -0.32676211
2.68562865 -39.74744415 -0.41052184
2.68098235 -39.74744415 -0.50897872
2.59409428 -39.74744415 -0.60131443
2.56848073 -39.74744415 -0.71813375
2.55346727 -39.74744415 -0.81824481
2.53060555 -39.74744415 -0.90254062
2.49511719 -39.74744415 -1.01043391
2.46866727 -39.74744415 -1.14065170
2.44050002 -39.74744415 -1.21463549
2.38382864 -39.74744415 -1.28446853
2.34725118 -39.74744415 -1.34526157
2.27592278 -39.74744415 -1.36414206
2.17907190 -39.74744415 -1.38207114
2.06606007 -39.74744415 -1.38700569
1.95369232 -39.74744415 -1.39786184
1.84900105 -39.74744415 -1.40347385
1.75285423 -39.74744415 -1.40548694
1.68909121 -39.74744415 -1.41340494
1.53470957 -39.74744415 -1.42640495
1.45703185 -39.74744415 -1.43532002
1.34681642 -39.74744415 -1.42364514
1.19969928 -39.74744415 -1.44058931
1.07962918 -39.74744415 -1.41462779
0.92558360 -39.74744415 -1.42751026
0.81475395 -39.74744415 -1.41962218
0.71309298 -39.74744415 -1.41534352
0.57170564 -39.74744415 -1.41537654
0.50002539 -39.74744415 -1.42528641
0.18378565 -39.74744415 -1.37070572
0.17409371 -39.74744415 -1.29028988
0.15416557 -39.74744415 -1.16396880
0.11379427 -39.74744415 -0.99144685
0.11970215 -39.74744415 -0.83539122
0.15415116 -39.74744415 -0.66587996
0.18190731 -39.74744415 -0.51851398
0.17524776 -39.74744415 -0.44874075
0.20641299 -39.74744415 -0.34867284
0.21917345 -39.74744415 -0.26560628
0.22247100 -39.74744415 -0.13473515
0.25166640 -39.74744415 0.00022330
0.27575219 -39.74744415 0.05846119
0.28773791 -39.74744415 0.16496922
0.30043039 -39.74744415 0.27972117
0.32450297 -39.74744415 0.41694596
0.29988021 -39.74744415 0.49144572
0.35501522 -39.74744415 0.54254198
0.48832837 -39.74744415 0.55336124
0.64307058 -39.74744415 0.58336395
0.70659649 -39.74744415 0.59581745
0.78647482 -39.74744415 0.62114930
0.85577542 -39.74744415 0.63487601
0.92477030 -39.74744415 0.66441047
1.01345146 -39.74744415 0.69252080
1.08078659 -39.74744415 0.70937848
1.17632151 -39.74744415 0.72342724
1.24495220 -39.74744415 0.70932746
1.32254803 -39.74744415 0.74344957
1.37833142 -39.74744415 0.77925491
1.44501913 -39.74744415 0.81145597
1.51941884 -39.74744415 0.80125105
2.64187217 -39.74744415 0.44298676
0.28569010 -39.74744415 -1.43071735
