0.35972393 52.30060577 0.38372105
0.11786042 52.30060577 0.39861375
0.04854546 52.30060577 0.16133204
-0.17714077 52.30060577 -0.71470773
-0.16742921 52.30060577 -0.97007060
0.00203573 52.30060577 -1.34343767
2.23552203 52.30060577 -0.32207474
1.30157876 52.30060577 0.54406762
0.96436781 52.29061127 0.48862302
0.85858321 52.29061127 0.43697986
0.78888172 52.29061127 0.40123865
0.72980136 52.29061127 0.37792882
0.63333285 52.29061127 0.37663487
0.48025516 52.29061127 0.36368921
0.27183554 52.29061127 0.38110629
0.07499816 52.29061127 0.28346017
0.03479585 52.29061127 0.08664025
0.00269276 52.29061127 -0.01171701
-0.04740830 52.29061127 -0.11664436
-0.09081170 52.29061127 -0.23501343
-0.11710558 52.29061127 -0.35512444
-0.14252949 52.29061127 -0.48697639
-0.17800252 52.29061127 -0.62276846
-0.14337015 52.29061127 -0.55622751
-0.17430764 52.29061127 -0.78779870
-0.15352541 52.29061127 -1.03654861
-0.13474143 52.29061127 -1.09367418
-0.13317700 52.29061127 -1.23878706
0.06172268 52.29061127 -1.39455223
0.21110049 52.29061127 -1.43243718
0.37099847 52.29061127 -1.46030700
0.52022308 52.29061127 -1.47056365
0.66174924 52.29061127 -1.48238611
0.79317605 52.29061127 -1.47860801
1.06707990 52.29061127 -1.46157753
1.18353689 52.29061127 -1.45871139
1.37213457 52.29061127 -1.45849597
1.46597576 52.29061127 -1.45143247
1.61931014 52.29061127 -1.47859383
1.76892054 52.29061127 -1.45719266
1.89924920 52.29061127 -1.43784368
1.99958527 52.29061127 -1.39977193
2.05215192 52.29061127 -1.35015464
2.08277059 52.29061127 -1.20685470
2.09397840 52.29061127 -1.05385101
2.13236022 52.29061127 -0.92136532
2.17472553 52.29061127 -0.71756130
2.16114497 52.29061127 -0.59825879
2.17296958 52.29061127 -0.47870019
2.27962017 52.29061127 -0.23743786
2.34727287 52.29061127 -0.14228159
2.30238152 52.29061127 0.01999806
2.24521375 52.29061127 0.23553704
2.19103956 52.29061127 0.34394065
2.12891984 52.29061127 0.40808529
1.99583340 52.29061127 0.53688055
1.76990306 52.29061127 0.56028235
1.57946026 52.29061127 0.58842999
0.08970131 52.29061127 0.34542546
-0.18360105 52.29061127 -0.88753641
0.92667204 52.29061127 -1.47583854
2.17199540 52.29061127 -0.80465984
2.19494271 52.29061127 -0.39651418
1.71507978 52.29061127 0.62311232
