1.82854390 60.09044647 0.69007349
1.77513635 60.09044647 0.73174179
1.65257668 60.09044647 0.86020398
1.68059969 60.09044647 0.78736782
1.60635030 60.09044647 0.92506999
1.52930844 60.09044647 0.99105430
1.42928493 60.09044647 1.08536386
1.28240871 60.09044647 1.14388359
1.11685944 60.09044647 1.13891625
0.90899044 60.09044647 1.07137132
0.99151248 60.09044647 1.10437286
0.82940030 60.09044647 1.03125095
0.76474786 60.09044647 1.00989497
0.72307771 60.09044647 0.94282508
0.62943846 60.09044647 0.86765671
0.48888838 60.09044647 0.69157267
0.59366679 60.09044647 0.71965504
0.48409352 60.09044647 0.58109981
0.37760437 60.09044647 0.51288807
0.24028032 60.09044647 0.40607351
0.18234001 60.09044647 0.29676348
0.11448695 60.09044647 0.09131204
0.14854980 60.09044647 0.19012007
0.05925380 60.09044647 -0.04365014
0.01844466 60.09044647 -0.13897526
0.01792045 60.09044647 -0.23078689
-0.01860219 60.09044647 -0.43156588
-0.03881958 60.09044647 -0.74191767
-0.01383034 60.09044647 -0.58815706
-0.04556981 60.09044647 -0.82587904
0.01007824 60.09044647 -0.93530393
0.03782230 60.09044647 -1.45202160
0.06159486 60.09044647 -1.22785211
0.27193654 60.09044647 -1.46321929
0.45941547 60.09044647 -1.47467506
0.63135606 60.09044647 -1.48769486
0.79758680 60.09044647 -1.48648226
0.94546509 60.09044647 -1.47636032
1.06357849 60.09044647 -1.48114705
1.21263647 60.09044647 -1.48077178
1.34246910 60.09044647 -1.48465812
1.56184888 60.09044647 -1.48761594
1.65616524 60.09044647 -1.48136091
1.86063969 60.09044647 -1.47062600
1.72410047 60.09044647 -1.47884762
2.03212595 60.09044647 -1.43435478
1.93859994 60.09044647 -1.46263885
2.14313221 60.09044647 -1.38020551
2.24650979 60.09044647 -1.24701369
2.16562891 60.09044647 -1.31234217
2.35500717 60.09044647 -1.12976992
2.48766780 60.09044647 -1.03791952
2.41178274 60.09044647 -1.08092523
2.58425903 60.09044647 -0.94950771
2.64850378 60.09044647 -0.91525751
2.73950958 60.09044647 -0.77046317
2.81314659 60.09044647 -0.60044551
2.75486445 60.09044647 -0.44422764
2.70500422 60.09044647 -0.24936263
2.73814297 60.09044647 -0.32901123
2.63990974 60.09044647 -0.11988194
2.57023787 60.09044647 -0.01654091
2.59690261 60.09044647 -0.07267068
2.45984912 60.09044647 0.07787476
2.39038563 60.09044647 0.15807036
2.29777050 60.09044647 0.25170073
2.21338534 60.09044647 0.36489162
2.24898434 60.09044647 0.30808246
2.13956833 60.09044647 0.41899508
2.09252477 60.09044647 0.46576634
2.02841973 60.09044647 0.51540083
1.91966295 60.09044647 0.60302985
2.81834245 60.09044647 -0.70539951
