1.20981324 45.02075958 0.60287434
1.52920234 45.02075958 0.60121518
2.24394464 45.02075958 0.38965681
2.24924088 45.02075958 0.23606111
2.33526540 45.02075958 -0.02611692
2.49665165 45.02075958 -0.79510760
2.40590239 45.02075958 -1.41110742
1.98596799 45.02075958 -1.56824696
-0.12680683 45.02075958 -1.29837668
-0.16047370 45.02075958 -1.08924901
-0.11893980 45.02075958 -0.92820358
-0.07816032 45.02075958 -0.28757751
0.36325195 45.02075958 0.55110121
1.00809932 45.01076508 0.56904000
1.12671793 45.01076508 0.60245496
1.32878280 45.01076508 0.60186738
1.45211267 45.01076508 0.60646755
1.64742994 45.01076508 0.59684038
1.77584827 45.01076508 0.58373171
1.89613032 45.01076508 0.60845327
2.03325224 45.01076508 0.60392630
2.24662304 45.01076508 0.46211907
2.23738289 45.01076508 0.29778075
2.26107240 45.01076508 0.16834870
2.27428174 45.01076508 0.05710705
2.38940048 45.01076508 -0.22435151
2.40826535 45.01076508 -0.30275568
2.44416189 45.01076508 -0.48412028
2.45505548 45.01076508 -0.57812214
2.48083973 45.01076508 -0.73077697
2.51580119 45.01076508 -0.89546221
2.51948738 45.01076508 -1.00691819
2.50719118 45.01076508 -1.28954172
2.37248969 45.01076508 -1.46025741
2.26724434 45.01076508 -1.51723027
2.04439759 45.01076508 -1.58746898
1.89249337 45.01076508 -1.53820252
1.78947437 45.01076508 -1.54903209
1.69233072 45.01076508 -1.56321967
1.59541142 45.01076508 -1.56005323
1.46471012 45.01076508 -1.55074549
1.39814949 45.01076508 -1.55248737
1.24732137 45.01076508 -1.55397010
1.17414188 45.01076508 -1.55159295
0.97303104 45.01076508 -1.54907203
0.87068868 45.01076508 -1.54866958
0.76271653 45.01076508 -1.53980947
0.64401335 45.01076508 -1.53701258
0.50665206 45.01076508 -1.53790510
0.34849995 45.01076508 -1.53978074
0.17160502 45.01076508 -1.53473806
0.10982469 45.01076508 -1.53258932
-0.12979923 45.01076508 -1.48486316
-0.12898506 45.01076508 -1.38012123
-0.15256219 45.01076508 -1.14790106
-0.14204632 45.01076508 -0.99608821
-0.11631112 45.01076508 -0.84878069
-0.13671763 45.01076508 -0.76068932
-0.13827220 45.01076508 -0.60590082
-0.12371188 45.01076508 -0.51976073
-0.08383686 45.01076508 -0.35088441
-0.07698129 45.01076508 -0.22782768
-0.05259431 45.01076508 -0.15371424
0.03560065 45.01076508 0.03381304
0.06849835 45.01076508 0.15587224
0.10830932 45.01076508 0.22137265
0.14865251 45.01076508 0.27302748
0.22782843 45.01076508 0.40073171
0.58359784 45.01076508 0.49325007
0.64890599 45.01076508 0.48723447
0.77037734 45.01076508 0.52539182
0.85946786 45.01076508 0.53121936
2.11614490 45.01076508 0.56833059
2.37491703 45.01076508 -0.10722689
2.47780252 45.01076508 -0.65230131
2.52993751 45.01076508 -1.13376117
2.15998101 45.01076508 -1.55714715
1.09677601 45.01076508 -1.54098797
-0.04306176 45.01076508 -1.52013111
0.27317086 45.01076508 0.53668261
