2.51853943 -62.87696075 -0.38979772
0.29565200 -62.87696075 -0.39713499
0.54750204 -62.87696075 0.04189625
1.28186285 -62.87696075 0.62862468
2.27831817 -62.88695526 0.35547063
2.29650712 -62.88695526 0.28439024
2.33306289 -62.88695526 0.11823989
2.35679436 -62.88695526 0.06302798
2.38262677 -62.88695526 -0.03214047
2.53616095 -62.88695526 -0.47777668
2.54474497 -62.88695526 -0.56731373
2.52865672 -62.88695526 -0.63441855
2.55192661 -62.88695526 -0.69024915
2.54600000 -62.88695526 -0.78802735
2.54757404 -62.88695526 -0.85018373
2.53935575 -62.88695526 -0.91184258
2.49736905 -62.88695526 -1.03157294
2.47771382 -62.88695526 -1.12007010
2.46201396 -62.88695526 -1.24210703
2.46062303 -62.88695526 -1.34723687
2.39314103 -62.88695526 -1.39677131
2.32829618 -62.88695526 -1.42065942
2.25972676 -62.88695526 -1.42921507
2.13017678 -62.88695526 -1.44810736
2.01354933 -62.88695526 -1.46282566
1.90465736 -62.88695526 -1.47217822
1.80817771 -62.88695526 -1.47339165
1.71174109 -62.88695526 -1.47170413
1.64366388 -62.88695526 -1.48339844
1.54856324 -62.88695526 -1.49653244
1.47576821 -62.88695526 -1.48887980
1.40740502 -62.88695526 -1.48578739
1.34700656 -62.88695526 -1.48580682
1.27863061 -62.88695526 -1.48852301
1.10426283 -62.88695526 -1.45980430
1.03433836 -62.88695526 -1.45046186
0.97276986 -62.88695526 -1.44583166
0.79323971 -62.88695526 -1.41520464
0.70454198 -62.88695526 -1.39594841
0.61272460 -62.88695526 -1.38115287
0.51031208 -62.88695526 -1.35242093
0.40057102 -62.88695526 -1.30141771
0.28689209 -62.88695526 -1.23449111
0.28115907 -62.88695526 -1.13618040
0.29138240 -62.88695526 -1.02034056
0.27810368 -62.88695526 -0.93345505
0.26165169 -62.88695526 -0.79808408
0.27910230 -62.88695526 -0.69292659
0.25307763 -62.88695526 -0.61376023
0.23654467 -62.88695526 -0.51799518
0.26292211 -62.88695526 -0.44734943
0.34435722 -62.88695526 -0.30290967
0.37238237 -62.88695526 -0.24917750
0.40772974 -62.88695526 -0.18154381
0.47078297 -62.88695526 -0.09871791
0.53331512 -62.88695526 -0.02244259
0.61368400 -62.88695526 0.18792257
0.65361929 -62.88695526 0.26999965
0.64905590 -62.88695526 0.33360600
0.68975586 -62.88695526 0.38940054
0.77206081 -62.88695526 0.46050042
0.90049887 -62.88695526 0.50426465
1.00494683 -62.88695526 0.52257466
1.11991596 -62.88695526 0.56642985
1.21813726 -62.88695526 0.60671967
1.36285698 -62.88695526 0.63957554
1.49292648 -62.88695526 0.68431389
1.61142087 -62.88695526 0.71958959
1.73064172 -62.88695526 0.72633708
1.79149592 -62.88695526 0.72163063
2.04350638 -62.88695526 0.64969635
2.14344001 -62.88695526 0.57462949
2.47072434 -62.88695526 -1.18175650
1.19133830 -62.88695526 -1.49046278
0.88522822 -62.88695526 -1.42700326
0.57306582 -62.88695526 0.11186070
1.88791990 -62.88695526 0.69865513
1.97565615 -62.88695526 0.67792845
2.16221619 -62.88695526 0.51584142
2.21895266 -62.88695526 0.43147218
