0.68663162 7.58155060 0.40141493
2.42898893 7.57155609 0.40032780
2.63704801 7.57155609 0.41310531
2.68180609 7.57155609 0.28842348
2.70505095 7.57155609 0.20032233
2.72016621 7.57155609 0.11741638
2.73516870 7.57155609 0.03716128
2.77896714 7.57155609 -0.04585504
2.82241011 7.57155609 -0.13256638
2.87390924 7.57155609 -0.21349628
2.91131043 7.57155609 -0.37146717
2.94660759 7.57155609 -0.47493374
2.98394394 7.57155609 -0.56058776
2.98803520 7.57155609 -0.64103872
3.01495767 7.57155609 -0.70583534
3.03610873 7.57155609 -0.77828163
3.06995773 7.57155609 -0.85413629
3.07445669 7.57155609 -0.95328742
3.05661082 7.57155609 -1.06025553
3.06122494 7.57155609 -1.14307404
2.99826384 7.57155609 -1.22995114
2.94996738 7.57155609 -1.27513385
2.84185719 7.57155609 -1.32505107
2.74567413 7.57155609 -1.36476636
2.63884735 7.57155609 -1.37421334
2.54687715 7.57155609 -1.38867199
2.43735242 7.57155609 -1.37854564
2.36999321 7.57155609 -1.37826180
2.26197886 7.57155609 -1.36763883
2.04108191 7.57155609 -1.37879252
1.94814789 7.57155609 -1.37635505
1.82689691 7.57155609 -1.37256336
1.72643411 7.57155609 -1.37595344
1.59347069 7.57155609 -1.37284553
1.39081824 7.57155609 -1.39882457
1.24928665 7.57155609 -1.39879751
1.13376844 7.57155609 -1.38714361
0.92549229 7.57155609 -1.35661519
0.68955165 7.57155609 -1.33778596
0.40706146 7.57155609 -1.20211160
0.41696945 7.57155609 -1.11533296
0.31261492 7.57155609 -0.93859500
0.29404661 7.57155609 -0.81159467
0.33609530 7.57155609 -0.64009821
0.33783162 7.57155609 -0.47870660
0.33299145 7.57155609 -0.25079209
0.42214400 7.57155609 -0.06449448
0.44131792 7.57155609 -0.00611157
0.45008314 7.57155609 0.11168257
0.49599606 7.57155609 0.26730463
0.63588095 7.57155609 0.36974865
0.75737733 7.57155609 0.47145960
0.80312616 7.57155609 0.52938628
0.86281407 7.57155609 0.60597503
0.91611433 7.57155609 0.64385247
1.14375126 7.57155609 0.70168436
1.20595264 7.57155609 0.70308489
1.27057004 7.57155609 0.71032584
1.35377491 7.57155609 0.67302960
1.45680261 7.57155609 0.64514047
1.59318984 7.57155609 0.61299270
1.72534096 7.57155609 0.58850974
1.85348511 7.57155609 0.54860491
1.95437646 7.57155609 0.52613473
2.05611634 7.57155609 0.51757658
2.13087320 7.57155609 0.49929836
2.19838905 7.57155609 0.49233544
2.31635427 7.57155609 0.43921700
2.89016986 7.57155609 -0.27424756
2.12208676 7.57155609 -1.37100589
0.50318450 7.57155609 -1.29897285
2.51864314 7.57155609 0.40218514
