2.24925709 17.46134186 0.58324045
0.30221716 17.46134186 -0.87977427
1.29508424 17.46134186 0.84047812
0.32624167 17.46134186 -1.18729949
2.35264063 17.45134735 0.56299853
2.56516695 17.45134735 0.51027745
2.68369317 17.45134735 0.42567465
2.69695020 17.45134735 0.34814212
2.72002673 17.45134735 0.25402269
2.72461104 17.45134735 0.19020379
2.78302598 17.45134735 0.07220571
2.80283237 17.45134735 -0.04317560
2.82014990 17.45134735 -0.11981639
2.82283616 17.45134735 -0.23134059
2.81478095 17.45134735 -0.33446276
2.78503346 17.45134735 -0.43859822
2.78673244 17.45134735 -0.50297987
2.82547951 17.45134735 -0.58459884
2.83305264 17.45134735 -0.66657186
2.81081104 17.45134735 -0.79828459
2.83013678 17.45134735 -0.90926725
2.86662126 17.45134735 -1.02625227
2.88097501 17.45134735 -1.11411643
2.84021568 17.45134735 -1.22160292
2.81141925 17.45134735 -1.29070330
2.75916171 17.45134735 -1.34258330
2.65987325 17.45134735 -1.37537324
2.53424144 17.45134735 -1.39921260
2.40738869 17.45134735 -1.40365279
2.31569791 17.45134735 -1.39756584
2.19145465 17.45134735 -1.39015651
2.10505486 17.45134735 -1.39031744
2.03090644 17.45134735 -1.40617955
1.95575702 17.45134735 -1.41292322
1.87722409 17.45134735 -1.41423941
1.80019951 17.45134735 -1.40868306
1.71177948 17.45134735 -1.40593755
1.64651215 17.45134735 -1.39846039
1.56349623 17.45134735 -1.39069927
1.46482158 17.45134735 -1.40503430
1.37983561 17.45134735 -1.40807724
1.29555142 17.45134735 -1.40493453
1.21921813 17.45134735 -1.40575385
1.13430393 17.45134735 -1.39828408
0.98464042 17.45134735 -1.42610276
0.83707905 17.45134735 -1.41660762
0.66905004 17.45134735 -1.39677465
0.54430115 17.45134735 -1.38380945
0.48442653 17.45134735 -1.37805903
0.33806092 17.45134735 -1.24946415
0.31883261 17.45134735 -1.12380016
0.31729048 17.45134735 -1.04145312
0.31659397 17.45134735 -0.93803614
0.30559126 17.45134735 -0.79970342
0.31321806 17.45134735 -0.71782559
0.32846591 17.45134735 -0.56800139
0.31715092 17.45134735 -0.49171886
0.29652110 17.45134735 -0.38932237
0.27734521 17.45134735 -0.32124951
0.26062310 17.45134735 -0.26145288
0.25449330 17.45134735 -0.16164756
0.22305019 17.45134735 -0.02928719
0.23356809 17.45134735 0.06220966
0.18751435 17.45134735 0.18090145
0.19339037 17.45134735 0.25251934
0.24311849 17.45134735 0.34939793
0.29995155 17.45134735 0.40205747
0.38043052 17.45134735 0.47564888
0.42168462 17.45134735 0.52094758
0.48070568 17.45134735 0.55981338
0.54357487 17.45134735 0.59466285
0.61693716 17.45134735 0.63202870
0.69391149 17.45134735 0.66049129
0.89697844 17.45134735 0.77267694
0.95972115 17.45134735 0.78992146
1.04184151 17.45134735 0.79069519
1.15668809 17.45134735 0.80130804
1.23163021 17.45134735 0.85076040
1.39113712 17.45134735 0.83784086
1.46943808 17.45134735 0.80463648
1.57394123 17.45134735 0.77129668
1.71898663 17.45134735 0.72651452
1.87757432 17.45134735 0.68843317
2.19155121 17.45134735 0.59950888
0.36607292 17.45134735 -1.31207192
2.63527441 17.45134735 0.48886055
