1.00951362 -77.43665314 -1.44262695
1.93392181 -77.43665314 -1.45833230
0.67001480 -77.43665314 1.04764235
0.28003490 -77.43665314 0.74144489
-0.31002346 -77.43665314 0.30644196
3.04492784 -77.43665314 0.86722934
1.94826186 -77.43665314 1.11160815
1.20246351 -77.44664764 1.05987191
0.99958622 -77.44664764 1.07183075
0.92824531 -77.44664764 1.06916237
0.87453330 -77.44664764 1.02509034
0.76921171 -77.44664764 1.02986383
0.61733562 -77.44664764 1.01090944
0.52347684 -77.44664764 0.94159591
0.43058336 -77.44664764 0.86361003
0.33824566 -77.44664764 0.78156924
0.24075867 -77.44664764 0.69323307
0.12364306 -77.44664764 0.60088831
0.17799605 -77.44664764 0.64330834
-0.00297613 -77.44664764 0.48992869
0.05453000 -77.44664764 0.54197377
-0.20595779 -77.44664764 0.35980982
-0.07893886 -77.44664764 0.42266312
-0.39127564 -77.44664764 0.20003372
-0.35941240 -77.44664764 0.27358943
-0.43035060 -77.44664764 -0.03634271
-0.40760872 -77.44664764 0.05854876
-0.49454117 -77.44664764 -0.13400795
-0.45298150 -77.44664764 -0.42410833
-0.48040339 -77.44664764 -0.30269736
-0.41632751 -77.44664764 -0.50847250
-0.41393980 -77.44664764 -0.62987524
-0.35525572 -77.44664764 -0.76063317
-0.17725927 -77.44664764 -0.99989599
-0.24553460 -77.44664764 -0.96191221
-0.02892326 -77.44664764 -1.10599852
-0.12139858 -77.44664764 -1.04035604
0.15400729 -77.44664764 -1.23616111
0.03260014 -77.44664764 -1.14718771
0.26766199 -77.44664764 -1.30694437
0.21351267 -77.44664764 -1.26645315
0.44201121 -77.44664764 -1.36542654
0.33397228 -77.44664764 -1.32911932
0.60798621 -77.44664764 -1.40546846
0.50163037 -77.44664764 -1.38631046
0.77905554 -77.44664764 -1.42392492
0.67447782 -77.44664764 -1.41025472
0.95037580 -77.44664764 -1.44087017
0.84485763 -77.44664764 -1.42958558
1.11969340 -77.44664764 -1.45533431
1.31453633 -77.44664764 -1.46815443
1.23673475 -77.44664764 -1.46525657
1.40790451 -77.44664764 -1.46960104
1.72552013 -77.44664764 -1.45751667
1.56160271 -77.44664764 -1.46338558
1.87260795 -77.44664764 -1.46192181
1.78578699 -77.44664764 -1.45923555
2.01809072 -77.44664764 -1.45114934
2.16226554 -77.44664764 -1.43383431
2.07969236 -77.44664764 -1.44402277
2.32459140 -77.44664764 -1.40962303
2.22600961 -77.44664764 -1.42342937
2.48418474 -77.44664764 -1.38232398
2.39212132 -77.44664764 -1.39407527
2.58081985 -77.44664764 -1.35956740
2.78058314 -77.44664764 -1.14400268
2.70789671 -77.44664764 -1.21540189
2.86264062 -77.44664764 -1.08438051
2.88660741 -77.44664764 -0.93852878
2.92249227 -77.44664764 -0.76175904
2.89150596 -77.44664764 -0.83369344
3.04295182 -77.44664764 -0.59056872
2.99825430 -77.44664764 -0.64402032
3.07003522 -77.44664764 -0.50138217
3.12424874 -77.44664764 -0.32967228
3.09271789 -77.44664764 -0.43773210
3.13488984 -77.44664764 -0.16937687
3.12306142 -77.44664764 -0.08802558
3.28964043 -77.44664764 0.15799627
3.24649239 -77.44664764 0.08501481
3.36192107 -77.44664764 0.33900949
3.32884598 -77.44664764 0.26451036
3.35281491 -77.44664764 0.44766197
3.40879107 -77.44664764 0.62572259
3.45442629 -77.44664764 0.58584297
3.20991611 -77.44664764 0.74335134
3.16449690 -77.44664764 0.82555646
2.98283863 -77.44664764 0.90178496
2.86457086 -77.44664764 0.96191561
2.69577861 -77.44664764 1.04917395
2.60509801 -77.44664764 1.06270993
2.45473576 -77.44664764 1.12918591
2.37053466 -77.44664764 1.12107861
2.11055350 -77.44664764 1.05922210
2.00885367 -77.44664764 1.08146691
1.88928711 -77.44664764 1.11641443
1.76985359 -77.44664764 1.13090861
1.62563694 -77.44664764 1.12206757
1.50779188 -77.44664764 1.08776855
1.44725394 -77.44664764 1.09723902
1.37174833 -77.44664764 1.08952475
1.11041582 -77.44664764 1.05503678
-0.49843368 -77.44664764 -0.22612038
-0.29478657 -77.44664764 -0.89853275
1.49217939 -77.44664764 -1.46928346
2.62059355 -77.44664764 -1.26729357
3.19857860 -77.44664764 -0.01328811
3.28724432 -77.44664764 0.65281314
2.53635097 -77.44664764 1.06756139
2.22094941 -77.44664764 1.04982138
1.71371233 -77.44664764 1.16912091
