2.56225753 -13.73799896 -1.14167356
0.73745853 -13.73799896 0.48545882
1.37798512 -13.74799347 0.50965112
1.47092736 -13.74799347 0.50835478
1.55518079 -13.74799347 0.48455679
1.68980241 -13.74799347 0.45083123
1.77111852 -13.74799347 0.42231038
1.83409178 -13.74799347 0.38786694
1.99637723 -13.74799347 0.34007818
2.09797978 -13.74799347 0.31177774
2.14979219 -13.74799347 0.26382154
2.27483439 -13.74799347 0.17027463
2.37593007 -13.74799347 0.08800185
2.46030354 -13.74799347 0.01586138
2.54317045 -13.74799347 -0.07053293
2.60025287 -13.74799347 -0.09823899
2.64383483 -13.74799347 -0.27055368
2.76964593 -13.74799347 -0.50207806
2.78290725 -13.74799347 -0.60624647
2.75935030 -13.74799347 -0.75555485
2.74428606 -13.74799347 -0.88572550
2.66511822 -13.74799347 -0.97680402
2.57630420 -13.74799347 -1.07685018
2.51959181 -13.74799347 -1.31270909
2.47297931 -13.74799347 -1.37916076
2.33252263 -13.74799347 -1.40361464
2.20054197 -13.74799347 -1.39286482
2.06029630 -13.74799347 -1.39403725
1.93420899 -13.74799347 -1.40274274
1.80881965 -13.74799347 -1.40049839
1.70666599 -13.74799347 -1.39349282
1.50375414 -13.74799347 -1.40598834
1.36368239 -13.74799347 -1.41246676
1.24925637 -13.74799347 -1.40931535
1.18694818 -13.74799347 -1.40094733
1.06199050 -13.74799347 -1.41738498
0.99538761 -13.74799347 -1.42401743
0.85927379 -13.74799347 -1.41693449
0.75152200 -13.74799347 -1.41138899
0.60468084 -13.74799347 -1.41054153
0.43547925 -13.74799347 -1.39722431
0.27911273 -13.74799347 -1.42263830
0.20492078 -13.74799347 -1.42654586
-0.04008821 -13.74799347 -1.38522172
-0.14085057 -13.74799347 -1.35928845
-0.16673392 -13.74799347 -1.27443087
-0.14704043 -13.74799347 -1.14995348
-0.12301824 -13.74799347 -1.08028054
-0.07019752 -13.74799347 -0.94911009
-0.03451212 -13.74799347 -0.88487762
-0.01135636 -13.74799347 -0.78107059
0.00364368 -13.74799347 -0.63541389
0.02826962 -13.74799347 -0.54257768
0.04555209 -13.74799347 -0.46462214
0.06197199 -13.74799347 -0.40233973
0.10784958 -13.74799347 -0.20621009
0.13682891 -13.74799347 -0.07517447
0.18530294 -13.74799347 -0.00633651
0.20091349 -13.74799347 0.06205991
0.26296160 -13.74799347 0.15277141
0.26542136 -13.74799347 0.26703969
0.27251658 -13.74799347 0.32982871
0.26539069 -13.74799347 0.40933070
0.47668415 -13.74799347 0.45909205
0.55269861 -13.74799347 0.44086760
0.61232460 -13.74799347 0.47785157
0.67759490 -13.74799347 0.49563056
0.87231249 -13.74799347 0.43493304
0.92695081 -13.74799347 0.46701151
1.06080246 -13.74799347 0.51310885
1.17627430 -13.74799347 0.49541703
1.31018198 -13.74799347 0.51666498
1.61761999 -13.74799347 0.46479502
1.93458772 -13.74799347 0.36620066
2.22948766 -13.74799347 0.22879328
2.67390037 -13.74799347 -0.32995936
2.78504276 -13.74799347 -0.82377172
1.42551363 -13.74799347 -1.41170788
0.09029768 -13.74799347 -0.27375555
0.30485511 -13.74799347 0.48701081
1.00108361 -13.74799347 0.48827609
1.24805057 -13.74799347 0.49500501
