0.00534756 -11.13805389 -0.79102910
1.79372191 -11.13805389 0.41799340
0.67691493 -11.13805389 -1.37350082
0.51262778 -11.14804840 0.29127705
0.44179562 -11.14804840 0.26254621
0.34789509 -11.14804840 0.19257183
0.23652232 -11.14804840 0.13750534
0.23440258 -11.14804840 0.05799024
0.21508291 -11.14804840 -0.01160579
0.19065276 -11.14804840 -0.06829721
0.10994891 -11.14804840 -0.15606357
0.04288131 -11.14804840 -0.23394406
0.01900224 -11.14804840 -0.31174463
0.01731887 -11.14804840 -0.47927365
0.00536597 -11.14804840 -0.39985046
0.02437519 -11.14804840 -0.62190843
0.00587921 -11.14804840 -0.70820487
0.00876469 -11.14804840 -0.85082167
0.03474232 -11.14804840 -1.02068734
0.01967269 -11.14804840 -0.94437772
0.01181274 -11.14804840 -1.16356635
0.03235091 -11.14804840 -1.08260131
-0.00147037 -11.14804840 -1.27901316
0.16399013 -11.14804840 -1.32576275
0.08447586 -11.14804840 -1.30533230
0.32286707 -11.14804840 -1.36660671
0.24371794 -11.14804840 -1.35013008
0.38819093 -11.14804840 -1.37012541
0.55048823 -11.14804840 -1.38280380
0.48426762 -11.14804840 -1.37509215
0.60993594 -11.14804840 -1.37343371
0.73630476 -11.14804840 -1.38296723
0.84136671 -11.14804840 -1.38762212
0.94103920 -11.14804840 -1.40478504
1.07706749 -11.14804840 -1.39434671
1.01344323 -11.14804840 -1.39696050
1.21101093 -11.14804840 -1.40433884
1.14978027 -11.14804840 -1.40390205
1.29423463 -11.14804840 -1.40862966
1.39072430 -11.14804840 -1.41856265
1.45336008 -11.14804840 -1.41354382
1.56389856 -11.14804840 -1.40682983
1.66996741 -11.14804840 -1.41619313
1.78379762 -11.14804840 -1.42086053
1.91721153 -11.14804840 -1.41695845
2.07767320 -11.14804840 -1.41833997
2.00001001 -11.14804840 -1.42524230
2.19520092 -11.14804840 -1.39062333
2.38263702 -11.14804840 -1.35493946
2.28721166 -11.14804840 -1.36308753
2.48625994 -11.14804840 -1.31798136
2.53846717 -11.14804840 -1.07953012
2.51757789 -11.14804840 -1.23154163
2.54361963 -11.14804840 -0.86578423
2.53434777 -11.14804840 -0.94600201
2.59315753 -11.14804840 -0.65913749
2.59699559 -11.14804840 -0.75238717
2.61571860 -11.14804840 -0.52191913
2.61240005 -11.14804840 -0.59038854
2.59932375 -11.14804840 -0.39751801
2.56014323 -11.14804840 -0.18474446
2.57068396 -11.14804840 -0.27588627
2.53247809 -11.14804840 -0.05665618
2.49809980 -11.14804840 0.00680090
2.41600823 -11.14804840 0.09336715
2.34323740 -11.14804840 0.18019052
2.20075941 -11.14804840 0.36025944
1.96286118 -11.14804840 0.39770705
1.88685977 -11.14804840 0.40327141
1.72943866 -11.14804840 0.44472933
1.61813188 -11.14804840 0.45705575
1.52247107 -11.14804840 0.45822981
1.39387798 -11.14804840 0.46745235
1.32267952 -11.14804840 0.45296392
1.21623755 -11.14804840 0.47777450
1.09927773 -11.14804840 0.48487389
0.99266368 -11.14804840 0.47519660
0.92939258 -11.14804840 0.46189657
0.79756647 -11.14804840 0.40307280
0.72367340 -11.14804840 0.37501913
0.57761854 -11.14804840 0.34669843
2.52516174 -11.14804840 -0.12127507
