1.83195007 10.43149567 0.40119427
1.93324161 10.43149567 0.33827984
2.02335548 10.43149567 0.26569468
2.06459379 10.43149567 0.21586277
2.13349986 10.43149567 0.10543670
2.19401097 10.43149567 0.02497624
2.32656121 10.43149567 -0.23856820
2.35264516 10.43149567 -0.36589518
2.39054084 10.43149567 -0.47511131
2.45298529 10.43149567 -0.59936172
2.49706292 10.43149567 -0.77396780
2.49655747 10.43149567 -0.85577983
2.59607005 10.43149567 -0.92451137
2.56956315 10.43149567 -1.09853995
2.59789920 10.43149567 -1.15745127
2.58395290 10.43149567 -1.27360785
2.50825524 10.43149567 -1.37441063
2.39645243 10.43149567 -1.38174355
2.22709918 10.43149567 -1.39506721
2.09969425 10.43149567 -1.41574442
2.00445175 10.43149567 -1.42524529
1.88603425 10.43149567 -1.43939316
1.80507481 10.43149567 -1.44388974
1.67505157 10.43149567 -1.44580173
1.60342431 10.43149567 -1.41757083
1.50697708 10.43149567 -1.42413521
1.42173707 10.43149567 -1.42853701
1.29352009 10.43149567 -1.42671776
1.21505725 10.43149567 -1.42251480
1.12498081 10.43149567 -1.41918898
1.04999220 10.43149567 -1.38441169
0.97407454 10.43149567 -1.39256680
0.88940758 10.43149567 -1.39315796
0.79489845 10.43149567 -1.39520037
0.69134396 10.43149567 -1.39835465
0.56884086 10.43149567 -1.38205504
0.43173251 10.43149567 -1.37124622
0.27726713 10.43149567 -1.33245075
0.23018055 10.43149567 -1.24773574
0.19419689 10.43149567 -1.07897711
0.19090126 10.43149567 -1.00197172
0.21598330 10.43149567 -0.91910285
0.22430305 10.43149567 -0.81288189
0.21553601 10.43149567 -0.62551820
0.17825867 10.43149567 -0.50658166
0.15276955 10.43149567 -0.38212276
0.13951543 10.43149567 -0.25376424
0.16311233 10.43149567 -0.02321690
0.17519458 10.43149567 0.11277650
0.23676731 10.43149567 0.27302480
0.32114005 10.43149567 0.36528492
0.48134425 10.43149567 0.46432960
0.58695579 10.43149567 0.52950597
0.70973974 10.43149567 0.56059551
0.89226896 10.43149567 0.57969677
0.97418660 10.43149567 0.60324526
1.15321696 10.43149567 0.59293419
1.25685978 10.43149567 0.56290329
1.43683529 10.43149567 0.54490387
1.70793629 10.43149567 0.49541351
2.29454637 10.43149567 -0.11135337
