0.26525018 8.10153961 -0.61542881
0.27389368 8.10153961 -0.39148137
1.01830292 8.10153961 0.68654877
1.45597601 8.09154510 -1.43376946
1.37508893 8.09154510 -1.43611896
1.29408598 8.09154510 -1.43362260
1.09075999 8.09154510 -1.41257739
0.99601257 8.09154510 -1.38952434
0.74767882 8.09154510 -1.34861660
0.57596838 8.09154510 -1.33810890
0.39711538 8.09154510 -1.34255433
0.32926843 8.09154510 -1.28161788
0.23097554 8.09154510 -1.03961027
0.25016868 8.09154510 -0.84739202
0.27208093 8.09154510 -0.70824021
0.25770599 8.09154510 -0.49861470
0.28880930 8.09154510 -0.31861913
0.39432099 8.09154510 -0.03928444
0.43141925 8.09154510 0.16630991
1.64896870 8.09154510 -1.41687584
1.18361306 8.09154510 -1.42588174
0.89053708 8.09154510 -1.36575985
0.26772493 8.09154510 -1.10934424
0.23512235 8.09154510 -0.96874952
0.38341790 8.09154510 -0.18891622
0.43748078 8.09154510 0.09574632
2.41593838 8.09154510 0.33312398
2.50058413 8.09154510 0.27125061
2.53629041 8.09154510 0.19798967
2.55811644 8.09154510 0.09655295
2.59504724 8.09154510 -0.02615275
2.59603763 8.09154510 -0.12440102
2.61532164 8.09154510 -0.22580296
2.62095332 8.09154510 -0.30131811
2.63848305 8.09154510 -0.39713416
2.65410233 8.09154510 -0.54463726
2.66074777 8.09154510 -0.65200549
2.67790103 8.09154510 -0.72857702
2.70269775 8.09154510 -0.83321768
2.73010206 8.09154510 -0.94997412
2.73478222 8.09154510 -1.06831586
2.77459717 8.09154510 -1.21510267
2.78437257 8.09154510 -1.31817913
2.72211933 8.09154510 -1.34291458
2.57949805 8.09154510 -1.36592507
2.44646215 8.09154510 -1.37934220
2.30351639 8.09154510 -1.36754286
2.19927716 8.09154510 -1.38050258
2.11491990 8.09154510 -1.39273536
2.00282955 8.09154510 -1.41224706
1.92627895 8.09154510 -1.41920710
1.84720743 8.09154510 -1.42205310
1.76790559 8.09154510 -1.42430460
0.46260804 8.09154510 0.22960640
0.56171024 8.09154510 0.42175844
0.68565077 8.09154510 0.50690877
0.79820156 8.09154510 0.57108700
0.96122617 8.09154510 0.66807735
1.14267027 8.09154510 0.65128833
1.25513148 8.09154510 0.64987713
1.38448524 8.09154510 0.63749677
1.47542953 8.09154510 0.59942311
1.58901298 8.09154510 0.53771031
1.71276224 8.09154510 0.52612919
1.81329346 8.09154510 0.46876091
1.89920688 8.09154510 0.45593369
2.00557899 8.09154510 0.44614202
2.08299875 8.09154510 0.44425046
2.19091105 8.09154510 0.44579837
2.29343724 8.09154510 0.41572970
1.53515601 8.09619141 -1.41528296
