1.70049453 67.90027618 -1.48032498
-0.25076118 67.90027618 0.24700443
0.32976192 67.90027618 0.52382886
1.17059183 67.90027618 0.63031787
1.37904775 67.90027618 0.68533254
1.63345289 67.90027618 0.62206388
1.76953804 67.90027618 0.18884730
1.80176985 67.89028168 -0.01095701
1.80603981 67.89028168 -0.11598057
1.84188998 67.89028168 -0.21394080
1.88186872 67.89028168 -0.45174643
1.91357362 67.89028168 -0.58393270
1.97545218 67.89028168 -0.77969736
2.02662635 67.89028168 -0.92935544
2.03406501 67.89028168 -1.05793333
2.00980210 67.89028168 -1.21934009
1.91424966 67.89028168 -1.35337389
1.77739930 67.89028168 -1.46971548
1.62873971 67.89028168 -1.49023867
1.49704170 67.89028168 -1.50924420
1.35996974 67.89028168 -1.49943161
1.16597414 67.89028168 -1.50848937
1.06741333 67.89028168 -1.50924671
0.96135598 67.89028168 -1.50468886
0.82159632 67.89028168 -1.50616181
0.69791079 67.89028168 -1.50659204
0.52737081 67.89028168 -1.49816585
0.43123433 67.89028168 -1.49796081
0.33575299 67.89028168 -1.48971987
0.23952457 67.89028168 -1.47855484
0.14444026 67.89028168 -1.45691609
0.04367213 67.89028168 -1.42484605
-0.05195511 67.89028168 -1.35933149
-0.05780982 67.89028168 -1.26397693
-0.09087861 67.89028168 -1.15200448
-0.13359632 67.89028168 -1.05259573
-0.13307150 67.89028168 -0.97374755
-0.15224545 67.89028168 -0.86822718
-0.19684659 67.89028168 -0.71756041
-0.20774707 67.89028168 -0.62852633
-0.21285695 67.89028168 -0.46977130
-0.21914880 67.89028168 -0.35731298
-0.22759974 67.89028168 -0.26037329
-0.23203829 67.89028168 -0.16303776
-0.22181349 67.89028168 -0.06434087
-0.20862007 67.89028168 0.03790361
-0.24729496 67.89028168 0.18728207
-0.23656216 67.89028168 0.32642531
-0.18147995 67.89028168 0.43248129
-0.09144668 67.89028168 0.51702404
0.04347691 67.89028168 0.49092767
0.15060388 67.89028168 0.51125151
0.27403641 67.89028168 0.50249738
0.55057967 67.89028168 0.53654265
0.71722007 67.89028168 0.59517199
0.80684817 67.89028168 0.59235388
0.95364869 67.89028168 0.59010178
1.29365921 67.89028168 0.66198832
1.45563126 67.89028168 0.70286500
1.66469610 67.89028168 0.56497759
1.71098900 67.89028168 0.28789154
1.79183280 67.89028168 0.10334364
1.85994494 67.89028168 -0.36617592
1.94589877 67.89028168 -0.68027669
1.86372840 67.89028168 -1.43149114
1.26945102 67.89028168 -1.51315367
0.62475669 67.89028168 -1.50659204
-0.15419084 67.89028168 0.51208740
0.37879455 67.89028168 0.58520597
0.66311699 67.89028168 0.56482542
1.05426466 67.89028168 0.59239709
1.54106724 67.89028168 0.73494911
1.59364688 67.89028168 0.69347179
1.68536198 67.89028168 0.42613885
