2.37503576 18.24132538 0.41736856
1.55676496 18.23133087 0.72837931
1.64051306 18.23133087 0.68636018
1.40829277 18.23133087 0.75028521
1.28554702 18.23133087 0.78031927
1.15437436 18.23133087 0.78368944
1.04321539 18.23133087 0.78157812
0.78040487 18.23133087 0.76633978
0.90489399 18.23133087 0.75620800
0.68553424 18.23133087 0.72903061
0.48131895 18.23133087 0.60460556
0.36343306 18.23133087 0.55015957
0.15095007 18.23133087 0.39609692
0.27263555 18.23133087 0.47951517
0.12395757 18.23133087 0.32184440
0.11882961 18.23133087 0.16467424
0.12143897 18.23133087 0.00755517
0.18041097 18.23133087 -0.15709655
0.10192807 18.23133087 -0.26312903
0.10631812 18.23133087 -0.40935934
0.09364087 18.23133087 -0.63276011
0.16610561 18.23133087 -0.75227976
0.13273391 18.23133087 -0.88615185
0.14406441 18.23133087 -1.14392734
0.13403320 18.23133087 -1.01541913
0.10336508 18.23133087 -1.30914187
0.30700025 18.23133087 -1.37865305
0.06685472 18.23133087 -1.40658116
0.47692978 18.23133087 -1.38944507
0.63189828 18.23133087 -1.40246117
0.77068365 18.23133087 -1.40783966
0.88647616 18.23133087 -1.41857934
0.99943119 18.23133087 -1.41688013
1.10252666 18.23133087 -1.40304708
1.20114851 18.23133087 -1.41466081
1.26495361 18.23133087 -1.41541862
1.35814583 18.23133087 -1.41486299
1.42088008 18.23133087 -1.41359770
1.48536110 18.23133087 -1.40600920
1.60815835 18.23133087 -1.39570761
1.67896998 18.23133087 -1.40384328
1.75915158 18.23133087 -1.40297747
1.83327162 18.23133087 -1.40739977
1.91510713 18.23133087 -1.40526652
2.00664806 18.23133087 -1.40883672
2.09176493 18.23133087 -1.39665234
2.19671464 18.23133087 -1.38259339
2.34307981 18.23133087 -1.39954031
2.48362041 18.23133087 -1.39133060
2.60878730 18.23133087 -1.34994340
2.69336128 18.23133087 -1.26360512
2.74588132 18.23133087 -1.14297402
2.71820760 18.23133087 -1.02992606
2.74620628 18.23133087 -0.87833542
2.72358251 18.23133087 -0.80831355
2.72112155 18.23133087 -0.69587368
2.67428517 18.23133087 -0.51467931
2.65423465 18.23133087 -0.32886624
2.63950849 18.23133087 -0.24733670
2.60539913 18.23133087 -0.13866526
2.57833314 18.23133087 -0.02348730
2.48184586 18.23133087 0.14635402
2.45990252 18.23133087 0.26089206
2.41189551 18.23133087 0.36921155
2.25359702 18.23133087 0.52085906
2.14673519 18.23133087 0.58463693
1.99618185 18.23133087 0.64780664
1.90900648 18.23133087 0.66033769
1.80835986 18.23133087 0.66538972
