3.87755132 -79.51660919 -0.12156755
0.69632071 -79.51660919 0.87298542
1.21480763 -79.52660370 0.95256257
1.13839746 -79.52660370 0.94818556
1.00041378 -79.52660370 0.90546232
0.83897465 -79.52660370 0.91899365
0.77201170 -79.52660370 0.89485306
0.63777441 -79.52660370 0.85332882
0.58007407 -79.52660370 0.82651979
0.39650744 -79.52660370 0.77932501
0.30179706 -79.52660370 0.59007841
0.37435389 -79.52660370 0.65795290
0.24575999 -79.52660370 0.53393507
0.21081124 -79.52660370 0.48333761
0.14455077 -79.52660370 0.31170210
0.16298708 -79.52660370 0.40507415
0.13035908 -79.52660370 0.18763496
0.05232763 -79.52660370 0.04346864
0.06758937 -79.52660370 0.10473205
0.01827604 -79.52660370 -0.12279294
0.03649699 -79.52660370 -0.05524090
-0.00095151 -79.52660370 -0.20401628
-0.13941187 -79.52660370 -0.43044233
-0.14034405 -79.52660370 -0.34861296
-0.14290415 -79.52660370 -0.61889398
-0.15648268 -79.52660370 -0.54329723
-0.07963264 -79.52660370 -0.78370959
-0.08667722 -79.52660370 -0.70115441
0.01680165 -79.52660370 -0.94434625
-0.00878080 -79.52660370 -0.84605932
0.19210520 -79.52660370 -1.26637828
0.08905165 -79.52660370 -1.06348598
0.29128498 -79.52660370 -1.37411940
0.56793994 -79.52660370 -1.41916704
0.47890374 -79.52660370 -1.40334713
0.76694304 -79.52660370 -1.43817353
0.66353381 -79.52660370 -1.43334186
0.93904859 -79.52660370 -1.44906247
0.85391814 -79.52660370 -1.44215310
1.18159151 -79.52660370 -1.47199595
1.02706671 -79.52660370 -1.45327127
1.52254295 -79.52660370 -1.49105251
1.37150574 -79.52660370 -1.49066079
1.68473184 -79.52660370 -1.48360991
1.59380770 -79.52660370 -1.48967481
1.93371975 -79.52660370 -1.48198700
1.82968843 -79.52660370 -1.48108470
2.10273099 -79.52660370 -1.47579622
2.01047587 -79.52660370 -1.48001671
2.29469299 -79.52660370 -1.46229494
2.19737625 -79.52660370 -1.46751690
2.48481750 -79.52660370 -1.45446348
2.38295364 -79.52660370 -1.45877481
2.69663835 -79.52660370 -1.44849288
2.57524514 -79.52660370 -1.44951081
2.94072723 -79.52660370 -1.45176899
2.80484343 -79.52660370 -1.44801199
3.20539212 -79.52660370 -1.44120145
3.06503510 -79.52660370 -1.45555174
3.46554852 -79.52660370 -1.24002063
3.37085462 -79.52660370 -1.31114817
3.57078671 -79.52660370 -1.02807641
3.80237532 -79.52660370 -0.69462097
3.84188294 -79.52660370 -0.48858318
3.87314749 -79.52660370 -0.23316747
3.85866094 -79.52660370 -0.32292354
3.60696149 -79.52660370 0.25273287
3.74664378 -79.52660370 0.15624706
3.38569975 -79.52660370 0.39915231
3.51313543 -79.52660370 0.31113929
3.08570194 -79.52660370 0.60279262
3.14876842 -79.52660370 0.55927718
2.89000988 -79.52660370 0.69524491
2.95061922 -79.52660370 0.65330279
2.74441957 -79.52660370 0.77647942
2.82216811 -79.52660370 0.74411410
2.68051529 -79.52660370 0.81987524
2.60017419 -79.52660370 0.89342916
2.41435504 -79.52660370 1.00630319
2.32043695 -79.52660370 1.05775619
2.24089742 -79.52660370 1.11386859
2.18899751 -79.52660370 1.19724607
2.07323194 -79.52660370 1.23900366
1.87410951 -79.52660370 1.18132949
1.94426823 -79.52660370 1.18633842
1.78683221 -79.52660370 1.15831685
1.67309546 -79.52660370 1.07738745
1.59535873 -79.52660370 1.06348240
1.47853124 -79.52660370 0.99881613
1.40830040 -79.52660370 0.96225506
1.34870887 -79.52660370 0.94771159
1.27753389 -79.52660370 0.92451853
1.08733082 -79.52660370 0.89537197
0.45500773 -79.52660370 0.80474293
0.38732693 -79.52660370 -1.39474344
1.28181314 -79.52660370 -1.48826253
3.27224994 -79.52660370 -1.43068302
3.70372033 -79.52660370 -0.87681347
3.87264657 -79.52660370 -0.02615753
3.25492406 -79.52660370 0.48754382
2.50657606 -79.52660370 0.95630294
2.00780821 -79.52660370 1.22479284
1.74440384 -79.52660370 1.10774469
1.54910982 -79.52660370 1.01488674
