1.14871120 27.60112762 0.55538315
0.71909380 27.60112762 0.52768224
0.48393324 27.60112762 0.47833797
0.16234344 27.60112762 0.13788134
0.07073285 27.60112762 -0.02123496
-0.02632136 27.60112762 -0.39906844
0.12895146 27.60112762 -0.89546454
1.49361384 27.60112762 -1.41700852
1.28109086 27.59113312 0.54176068
1.21343696 27.59113312 0.59490478
1.02943778 27.59113312 0.48906001
0.88837475 27.59113312 0.51741618
0.78569496 27.59113312 0.52644795
0.64762390 27.59113312 0.52821708
0.54480612 27.59113312 0.53486907
0.43631238 27.59113312 0.43741888
0.36314070 27.59113312 0.36743289
0.24602073 27.59113312 0.28712186
0.13254654 27.59113312 0.08355642
0.03864458 27.59113312 -0.07497294
-0.03956390 27.59113312 -0.20315079
-0.05710229 27.59113312 -0.31136352
0.00023057 27.59113312 -0.45845094
0.07620519 27.59113312 -0.68919778
0.13468927 27.59113312 -0.95727104
0.10068225 27.59113312 -1.08119404
0.12028016 27.59113312 -1.19345510
0.11620244 27.59113312 -1.30412710
0.13434835 27.59113312 -1.37513399
0.21354157 27.59113312 -1.38495767
0.32893708 27.59113312 -1.40255165
0.47386432 27.59113312 -1.41121840
0.58442444 27.59113312 -1.42110503
0.68455583 27.59113312 -1.43089056
0.77802587 27.59113312 -1.43246627
0.85714722 27.59113312 -1.43180776
0.93151575 27.59113312 -1.43374813
1.00370324 27.59113312 -1.42595124
1.07186472 27.59113312 -1.41666007
1.18468964 27.59113312 -1.42720950
1.30599546 27.59113312 -1.42362452
1.42980862 27.59113312 -1.42464375
1.57073557 27.59113312 -1.43265200
1.75585020 27.59113312 -1.46318865
1.38133597 27.59113312 0.54097098
0.20320785 27.59113312 0.22762889
-0.03381390 27.59113312 -0.10757472
0.05356131 27.59113312 -0.56275803
0.10289395 27.59113312 -0.77326894
1.66022956 27.59113312 -1.45203280
1.85511577 27.59113312 -1.46190429
1.96382070 27.59113312 -1.46207941
2.08049941 27.59113312 -1.43777692
2.21308804 27.59113312 -1.42253375
2.35734892 27.59113312 -1.37635434
2.42947030 27.59113312 -1.25795567
2.38557148 27.59113312 -1.15156639
2.37318087 27.59113312 -1.04137158
2.37364554 27.59113312 -0.83993065
2.38825059 27.59113312 -0.73235816
2.36214900 27.59113312 -0.50188917
2.32834792 27.59113312 -0.42069730
2.28695631 27.59113312 -0.25922149
2.30129552 27.59113312 -0.12314247
2.29748440 27.59113312 0.00552244
2.23828268 27.59113312 0.10391190
2.18954396 27.59113312 0.19451298
2.12133360 27.59113312 0.25241897
1.94054914 27.59113312 0.48302755
2.03745580 27.59113312 0.40345144
1.84645808 27.59113312 0.57147723
1.70589793 27.59113312 0.60973859
1.79180443 27.59113312 0.64564532
1.57673264 27.59113312 0.58138782
