-0.01331033 34.10099030 -0.58767837
-0.01951962 34.10099030 -0.92919457
-0.03215734 34.10099030 -1.12785244
2.60829067 34.10099030 -0.31335106
0.00375661 34.10099030 -0.79388523
0.01877046 34.10099030 0.26186579
0.86372095 34.10099030 0.84637773
1.02317250 34.10099030 0.81164277
1.21013570 34.10099030 0.82949758
1.36733651 34.10099030 0.80090755
1.60131335 34.10099030 0.74721456
2.04845977 34.10099030 0.61477703
2.20918417 34.10099030 0.60021234
2.32452941 34.10099030 0.46967915
2.55888820 34.10099030 0.09011506
1.83941293 34.09099579 0.65864652
1.74213505 34.09099579 0.67454123
1.53227079 34.09099579 0.77056426
1.30110908 34.09099579 0.81053394
1.14784479 34.09099579 0.84479153
0.95360106 34.09099579 0.81304622
0.79999292 34.09099579 0.87461162
0.68641168 34.09099579 0.94733095
0.50638348 34.09099579 0.84534264
0.56100047 34.09099579 0.88620830
0.28189293 34.09099579 0.75288451
0.33873194 34.09099579 0.78384119
0.22242521 34.09099579 0.71424150
0.11512364 34.09099579 0.62656957
0.15329665 34.09099579 0.67827016
0.09932415 34.09099579 0.51819760
0.03128122 34.09099579 0.32149315
0.05757072 34.09099579 0.42309248
0.00885443 34.09099579 0.19400847
0.01743725 34.09099579 0.06805798
0.02961554 34.09099579 -0.05132193
0.03994256 34.09099579 -0.17461950
0.03436438 34.09099579 -0.25849959
0.02961519 34.09099579 -0.52895826
-0.01392774 34.09099579 -0.43842587
0.01398178 34.09099579 -0.69733673
0.00168522 34.09099579 -0.85980535
-0.02506120 34.09099579 -1.05584943
0.01534365 34.09099579 -1.24877787
0.00045047 34.09099579 -1.18039894
0.08563538 34.09099579 -1.35061574
0.06528908 34.09099579 -1.28373921
0.14329159 34.09099579 -1.40186465
0.21185531 34.09099579 -1.40728879
0.34857067 34.09099579 -1.42788923
0.48068571 34.09099579 -1.43307757
0.41171888 34.09099579 -1.43551826
0.54372406 34.09099579 -1.43599224
0.65561330 34.09099579 -1.44408679
0.85459006 34.09099579 -1.46049130
0.94526958 34.09099579 -1.45983636
1.10345471 34.09099579 -1.44773710
1.03899097 34.09099579 -1.45399451
1.18841481 34.09099579 -1.45406520
1.35173285 34.09099579 -1.45539761
1.28912961 34.09099579 -1.45595944
1.44350874 34.09099579 -1.45331168
1.53225541 34.09099579 -1.44629323
1.59403527 34.09099579 -1.44932318
1.70291901 34.09099579 -1.45288098
1.80938470 34.09099579 -1.44716930
1.93713498 34.09099579 -1.45283759
2.07221818 34.09099579 -1.45004475
2.24786997 34.09099579 -1.44603205
2.34064579 34.09099579 -1.36123025
2.40872860 34.09099579 -1.20205307
2.41065717 34.09099579 -1.10443914
2.43920779 34.09099579 -0.96978426
2.45006490 34.09099579 -0.88146663
2.45128036 34.09099579 -0.81241524
2.63904858 34.09099579 -0.20219225
2.64981318 34.09099579 -0.14107801
2.52022672 34.09099579 0.15546732
2.47422290 34.09099579 0.27308759
2.43081856 34.09099579 0.37326390
2.27762055 34.09099579 0.51034516
1.96645474 34.09099579 0.61519080
2.37833643 34.09099579 -1.40829074
0.75508183 34.09099579 -1.45061707
0.01935696 34.09099579 -0.97925496
0.02573475 34.09099579 -0.63283515
-0.00693263 34.09099579 -0.34160188
0.40879983 34.09099579 0.82351279
2.15667462 34.09099579 0.63338876
2.64272904 34.09099579 -0.07138701
