1.12094522 -82.37654877 1.24948168
0.85595560 -82.37654877 1.22184241
0.48681644 -82.37654877 0.96257633
0.34640166 -82.37654877 0.79867226
0.30738473 -82.37654877 0.58278990
0.24770316 -82.37654877 0.39162529
0.09727345 -82.37654877 0.06167661
-0.03991891 -82.37654877 -0.51800889
3.06116104 -82.37654877 0.57412255
2.81560612 -82.37654877 0.82745475
2.48858666 -82.37654877 0.99746442
2.09120440 -82.37654877 1.15953052
1.88432622 -82.37654877 1.18544459
1.63648987 -82.37654877 1.23177910
1.80414557 -82.38654327 1.19475937
2.01129436 -82.38654327 1.17435277
2.18802071 -82.38654327 1.14314044
2.39820623 -82.38654327 1.04611874
2.72130132 -82.38654327 0.88244987
2.95267916 -82.38654327 0.73475945
2.99710774 -82.38654327 0.64317781
3.21365404 -82.38654327 0.38622707
3.19903755 -82.38654327 0.26306045
3.37343860 -82.38654327 0.06242470
3.40844274 -82.38654327 0.00292280
3.51675487 -82.38654327 -0.16107401
3.57734370 -82.38654327 -0.20530061
3.67371798 -82.38654327 -0.31140852
3.67705655 -82.38654327 -0.39535773
3.55586386 -82.38654327 -0.54114550
3.45815325 -82.38654327 -0.63741791
3.38682294 -82.38654327 -0.80643034
3.32047629 -82.38654327 -0.88184458
3.27761292 -82.38654327 -0.94825864
3.14613605 -82.38654327 -1.07562923
3.06036925 -82.38654327 -1.18531132
2.93431759 -82.38654327 -1.30140245
2.85717082 -82.38654327 -1.40819657
2.75683570 -82.38654327 -1.42056894
2.64120245 -82.38654327 -1.42642152
2.54178166 -82.38654327 -1.42781150
2.38645482 -82.38654327 -1.44000649
2.32392883 -82.38654327 -1.44356668
2.26260591 -82.38654327 -1.44443393
2.07335472 -82.38654327 -1.46564746
1.98893070 -82.38654327 -1.47591734
1.91328418 -82.38654327 -1.47920609
1.81860471 -82.38654327 -1.48968327
1.75095856 -82.38654327 -1.49418056
1.65002894 -82.38654327 -1.51238751
1.58793688 -82.38654327 -1.53609800
1.42600429 -82.38654327 -1.53273511
1.35770226 -82.38654327 -1.52858031
1.28941119 -82.38654327 -1.52896273
1.19427323 -82.38654327 -1.53083265
1.09770811 -82.38654327 -1.51184869
1.00573766 -82.38654327 -1.50994110
0.90168566 -82.38654327 -1.50111127
0.74144483 -82.38654327 -1.48234797
0.61753106 -82.38654327 -1.49253452
0.55611700 -82.38654327 -1.49411237
0.48399156 -82.38654327 -1.49083829
0.34507066 -82.38654327 -1.48168743
0.26754785 -82.38654327 -1.47102463
0.12634233 -82.38654327 -1.44450903
0.03604170 -82.38654327 -1.42525542
-0.04308143 -82.38654327 -1.39626956
-0.06720372 -82.38654327 -1.33546913
-0.06568077 -82.38654327 -1.23018491
-0.07492019 -82.38654327 -1.04969132
-0.07843067 -82.38654327 -0.94564867
-0.05871953 -82.38654327 -0.84126550
-0.05915733 -82.38654327 -0.76038760
-0.06529249 -82.38654327 -0.57691401
-0.04583624 -82.38654327 -0.45857146
-0.05740387 -82.38654327 -0.37731820
0.04408272 -82.38654327 -0.08846590
0.07609177 -82.38654327 -0.01997808
0.14950469 -82.38654327 0.20440298
0.21334992 -82.38654327 0.33086792
0.29750401 -82.38654327 0.49719548
0.31826377 -82.38654327 0.72423691
0.41075379 -82.38654327 0.88334489
0.58521634 -82.38654327 1.07378936
0.76631087 -82.38654327 1.20294344
0.98270041 -82.38654327 1.23702264
1.31782103 -82.38654327 1.26016581
1.42259026 -82.38654327 1.28226936
1.53735220 -82.38654327 1.25487757
0.68347734 -82.38654327 1.17489934
1.50369275 -82.38654327 -1.52955580
2.16123700 -82.38654327 -1.45784712
2.46086621 -82.38654327 -1.43609500
2.90393090 -82.38654327 -1.36590838
3.28074050 -82.38654327 0.16470005
2.26393795 -82.38654327 1.13823974
