0.60460770 -29.85765839 0.53610128
0.39228728 -29.85765839 0.28861794
0.36360329 -29.85765839 0.01377671
0.40823877 -29.85765839 -1.44784331
2.52527046 -29.85765839 -1.14207554
2.57351542 -29.85765839 -0.97544819
1.71411598 -29.86765289 0.63100368
1.63682270 -29.86765289 0.64767689
1.46528602 -29.86765289 0.65203059
1.40339506 -29.86765289 0.63311899
1.31559682 -29.86765289 0.55911535
1.15833592 -29.86765289 0.61371082
1.03955948 -29.86765289 0.59735435
0.84460247 -29.86765289 0.56916016
0.69797218 -29.86765289 0.54605013
0.54137158 -29.86765289 0.51811075
0.47013465 -29.86765289 0.48565465
0.35949174 -29.86765289 0.23399353
0.36481619 -29.86765289 0.10222951
0.38138342 -29.86765289 -0.04907511
0.33199930 -29.86765289 -0.24067990
0.35591605 -29.86765289 -0.15564367
0.30467144 -29.86765289 -0.45504618
0.31213346 -29.86765289 -0.66229814
0.31215155 -29.86765289 -0.79799175
0.32707053 -29.86765289 -0.91319311
0.31243813 -29.86765289 -1.09957314
0.31567338 -29.86765289 -1.01970744
0.28063968 -29.86765289 -1.23611999
0.27090853 -29.86765289 -1.31944180
0.47724789 -29.86765289 -1.46292114
0.68395472 -29.86765289 -1.46016526
0.60122365 -29.86765289 -1.46282554
0.79627967 -29.86765289 -1.45825195
1.01197219 -29.86765289 -1.44707346
0.95155495 -29.86765289 -1.45845103
1.13922846 -29.86765289 -1.45851231
1.24234688 -29.86765289 -1.42631733
1.34483719 -29.86765289 -1.43225110
1.44205248 -29.86765289 -1.43666732
1.58338487 -29.86765289 -1.42882395
1.68050790 -29.86765289 -1.41813731
1.85495007 -29.86765289 -1.42791259
1.98164928 -29.86765289 -1.43036914
2.08646679 -29.86765289 -1.42788446
2.18973541 -29.86765289 -1.41271579
2.33628249 -29.86765289 -1.43341815
2.40420318 -29.86765289 -1.40766609
2.57264185 -29.86765289 -1.06449378
2.59992838 -29.86765289 -0.90020651
2.65843034 -29.86765289 -0.69564569
2.67810345 -29.86765289 -0.40674153
2.30478239 -29.86765289 0.60017997
2.08561897 -29.86765289 0.60812151
1.99609399 -29.86765289 0.58807689
1.80233693 -29.86765289 0.61373836
1.55040586 -29.86765289 0.65039420
0.95549184 -29.86765289 0.58723986
0.34635639 -29.86765289 0.47517431
0.40220791 -29.86765289 0.36894679
0.33209863 -29.86765289 -0.33073753
0.30653366 -29.86765289 -0.53512233
0.28681910 -29.86765289 -1.44130325
2.44092226 -29.86765289 -1.34706700
2.49021053 -29.86765289 -1.23655200
2.64009070 -29.86765289 -0.75461298
2.65518188 -29.86765289 -0.57513326
2.69867492 -29.86765289 -0.31583807
2.19086385 -29.86765289 0.59586263
1.86627793 -29.86765289 0.59486926
2.72338629 -29.86765289 -0.20148669
2.71320915 -29.86765289 -0.08090934
2.67299676 -29.86765289 0.05995925
2.64754057 -29.86765289 0.18704763
2.67542577 -29.86765289 0.32431215
2.68233418 -29.86765289 0.42830074
2.63649964 -29.86765289 0.51413321
2.47808838 -29.86765289 0.50663316
