0.65135628 -50.14722443 -1.43993914
0.48064601 -50.14722443 -1.43181694
0.27864125 -50.14722443 -1.42448723
0.16992870 -50.14722443 -1.41212726
0.04527736 -50.14722443 -1.39866519
-0.01685093 -50.14722443 -1.38678575
-0.19529220 -50.14722443 -1.29935491
-0.23998763 -50.14722443 -1.23928905
-0.28503907 -50.14722443 -1.14375043
-0.30296579 -50.14722443 -1.01962173
-0.33214986 -50.14722443 -0.92298377
-0.34920457 -50.14722443 -0.82495713
-0.36688584 -50.14722443 -0.73312426
-0.37567228 -50.14722443 -0.64470315
-0.38519132 -50.14722443 -0.55547535
-0.34671566 -50.14722443 -0.38656482
-0.36498564 -50.14722443 -0.23025849
0.37494627 -50.14722443 -1.42841089
-0.07273504 -50.14722443 -1.36397421
-0.36824131 -50.14722443 -0.46920073
0.75903517 -50.14722443 0.56070924
0.94506013 -50.14722443 0.57302630
1.29480612 -50.14722443 0.65492636
1.43581915 -50.14722443 0.60382497
1.57765603 -50.14722443 0.61047101
1.73159611 -50.14722443 0.56031895
1.85162258 -50.14722443 0.49844950
1.91486573 -50.14722443 0.42415360
1.96145785 -50.14722443 0.35375366
2.03775978 -50.14722443 0.12467868
2.08532643 -50.14722443 -0.02062030
2.14920926 -50.14722443 -0.14839169
2.22012544 -50.14722443 -0.23602003
2.23704219 -50.14722443 -0.41881981
2.27364326 -50.14722443 -0.58697200
2.31289554 -50.14722443 -0.70945126
2.30536556 -50.14722443 -0.78198212
2.23255563 -50.14722443 -0.92557645
2.33816600 -50.14722443 -1.28909719
2.33058715 -50.14722443 -1.35797346
2.12312245 -50.14722443 -1.41283917
1.87411642 -50.14722443 -1.41600132
1.67235935 -50.14722443 -1.42408240
1.47808707 -50.14722443 -1.45097804
1.33653212 -50.14722443 -1.45918000
1.21077561 -50.14722443 -1.45530474
1.04285669 -50.14722443 -1.44298899
0.95744228 -50.14722443 -1.46264243
0.86005676 -50.14722443 -1.45964324
0.75376880 -50.14722443 -1.45093155
-0.37821004 -50.14722443 -0.15004931
-0.32873335 -50.14722443 -0.07633322
-0.25369072 -50.14722443 -0.02065981
-0.20934246 -50.14722443 0.07481351
-0.12522812 -50.14722443 0.23372556
-0.09105566 -50.14722443 0.31634903
-0.05915405 -50.14722443 0.38643190
0.06144303 -50.14722443 0.47291502
0.17326757 -50.14722443 0.52544439
0.23730798 -50.14722443 0.52187270
0.31635323 -50.14722443 0.51534563
0.41065788 -50.14722443 0.53547442
0.51545161 -50.14722443 0.51405573
0.66357201 -50.14722443 0.55731702
