2.13074017 -0.99826813 -1.33602858
0.54200554 -0.99826813 0.28228259
0.46333513 -0.99826813 0.07224530
0.51744848 -1.00826263 0.21753158
0.47484592 -1.00826263 0.16806217
0.42336699 -1.00826263 -0.10004965
0.40880322 -1.00826263 -0.24202360
0.38900805 -1.00826263 -0.36559689
0.34371936 -1.00826263 -0.47885567
0.32954440 -1.00826263 -0.63780636
0.33387533 -1.00826263 -0.73985422
0.36816835 -1.00826263 -0.88926893
0.34842587 -1.00826263 -1.00887966
0.33109060 -1.00826263 -1.13888764
0.35023066 -1.00826263 -1.23406267
0.38391903 -1.00826263 -1.29170299
0.55515432 -1.00826263 -1.32323313
0.66999620 -1.00826263 -1.34206045
0.76884228 -1.00826263 -1.34754872
0.87794942 -1.00826263 -1.36040437
0.95949590 -1.00826263 -1.35962403
1.12537956 -1.00826263 -1.36546659
1.21282411 -1.00826263 -1.37117672
1.36557114 -1.00826263 -1.37363577
1.49311984 -1.00826263 -1.35502911
1.61127579 -1.00826263 -1.34968817
1.69257092 -1.00826263 -1.35244465
1.81048679 -1.00826263 -1.35564268
1.93832684 -1.00826263 -1.34972024
2.05940390 -1.00826263 -1.33450699
2.21990991 -1.00826263 -1.33875895
2.30619597 -1.00826263 -1.32375729
2.28700686 -1.00826263 -0.97372466
1.16803277 -1.00826263 0.68622202
0.92832619 -1.00826263 0.57396525
0.74794406 -1.00826263 0.45458379
0.65996462 -1.00826263 0.40820718
0.32938242 -1.00826263 -0.54883349
0.47277203 -1.00826263 -1.31353724
2.34843993 -1.00826263 -1.22140217
2.27970839 -1.00826263 -1.03833759
2.34529591 -1.00826263 -0.84786975
2.35753345 -1.00826263 -0.78832924
1.08554792 -1.00826263 0.69339144
1.00904632 -1.00826263 0.64080948
0.80771977 -1.00826263 0.48688522
0.55962449 -1.00826263 0.34167230
0.45613611 -1.00826263 -0.01490432
0.38311821 -1.00826263 -0.17947319
2.35361266 -1.00826263 -0.58979976
2.34174848 -1.00826263 -0.49426222
2.30014420 -1.00826263 -0.37319618
2.26311755 -1.00826263 -0.23158370
2.26064682 -1.00826263 -0.14555742
2.22751594 -1.00826263 -0.08357673
2.19278646 -1.00826263 0.03366046
2.11869788 -1.00826263 0.17476600
2.08214712 -1.00826263 0.26135954
2.01339316 -1.00826263 0.35303217
1.92955589 -1.00826263 0.43083054
1.70829391 -1.00826263 0.51944125
1.78880441 -1.00826263 0.49472728
1.60091162 -1.00826263 0.57756847
1.52514601 -1.00826263 0.61863142
1.29015589 -1.00826263 0.69210029
2.37545466 -1.00826263 -0.68617612
