0.54589891 -13.21800995 -1.41296875
-0.11122324 -13.21800995 -1.16267347
1.22219825 -13.21800995 0.57812464
2.44583869 -13.21800995 0.11905200
1.56312704 -13.22800446 0.58090246
1.63345468 -13.22800446 0.56868941
1.70058286 -13.22800446 0.53713018
1.83598185 -13.22800446 0.49959296
1.88015747 -13.22800446 0.45557350
2.00908422 -13.22800446 0.39479876
2.08937931 -13.22800446 0.36282110
2.15805054 -13.22800446 0.35283038
2.27353191 -13.22800446 0.29595238
2.32040644 -13.22800446 0.25113520
2.39835095 -13.22800446 0.16632208
2.47994089 -13.22800446 0.06858528
2.55664778 -13.22800446 0.00619653
2.51045656 -13.22800446 -0.05175187
2.53297520 -13.22800446 -0.13249786
2.57812023 -13.22800446 -0.25450921
2.61694813 -13.22800446 -0.40756479
2.62191916 -13.22800446 -0.55320150
2.59915590 -13.22800446 -0.60969979
2.57575655 -13.22800446 -0.68671554
2.59852958 -13.22800446 -0.76808959
2.63044024 -13.22800446 -0.93646079
2.62240577 -13.22800446 -1.03435814
2.56499887 -13.22800446 -1.11509430
2.52903628 -13.22800446 -1.17578399
2.53395891 -13.22800446 -1.23654377
2.54270673 -13.22800446 -1.41120303
2.43341470 -13.22800446 -1.44967949
2.35670257 -13.22800446 -1.46015871
2.27748561 -13.22800446 -1.45803070
2.15772343 -13.22800446 -1.42868531
2.09151983 -13.22800446 -1.42519474
1.96205819 -13.22800446 -1.41664684
1.83840549 -13.22800446 -1.41741264
1.73873746 -13.22800446 -1.42090631
1.67360187 -13.22800446 -1.41981721
1.60172880 -13.22800446 -1.40480125
1.51173723 -13.22800446 -1.40536368
1.44250202 -13.22800446 -1.40978992
1.35115314 -13.22800446 -1.40697861
1.28135610 -13.22800446 -1.40521324
1.21670878 -13.22800446 -1.40156317
1.10138953 -13.22800446 -1.40059173
0.98348713 -13.22800446 -1.42494392
0.87134856 -13.22800446 -1.41842806
0.75592154 -13.22800446 -1.41194916
0.61813891 -13.22800446 -1.41453481
0.48615661 -13.22800446 -1.41087914
0.38764179 -13.22800446 -1.42204177
0.31728581 -13.22800446 -1.42515290
0.18749470 -13.22800446 -1.41484320
0.11748340 -13.22800446 -1.40947485
-0.01324642 -13.22800446 -1.41174352
-0.07946201 -13.22800446 -1.40007818
-0.11658332 -13.22800446 -1.22414458
-0.07442430 -13.22800446 -1.03973770
-0.04810753 -13.22800446 -0.98163241
-0.04008485 -13.22800446 -0.88439941
-0.01749937 -13.22800446 -0.67931819
-0.00853699 -13.22800446 -0.61336285
0.01230217 -13.22800446 -0.49397421
0.03290747 -13.22800446 -0.37488160
0.04805735 -13.22800446 -0.28893277
0.06901078 -13.22800446 -0.16492121
0.08841771 -13.22800446 -0.05198482
0.10800643 -13.22800446 0.06023144
0.12628266 -13.22800446 0.16579412
0.13783926 -13.22800446 0.23210059
0.15947078 -13.22800446 0.35830808
0.17008863 -13.22800446 0.41807258
0.18407814 -13.22800446 0.50093293
0.19320911 -13.22800446 0.59733993
0.29380018 -13.22800446 0.58077276
0.38653854 -13.22800446 0.58071220
0.45931289 -13.22800446 0.59271765
0.54404688 -13.22800446 0.59252769
0.62041026 -13.22800446 0.58654457
0.69067228 -13.22800446 0.58624715
0.77451384 -13.22800446 0.57979327
0.85709792 -13.22800446 0.57982206
0.94838202 -13.22800446 0.55140829
1.01021206 -13.22800446 0.51762581
1.08277130 -13.22800446 0.54291701
1.16337180 -13.22800446 0.56960529
1.28751361 -13.22800446 0.56802702
1.37557352 -13.22800446 0.56775612
1.46920514 -13.22800446 0.57589090
1.77855313 -13.22800446 0.53212070
2.65109515 -13.22800446 -0.48495030
2.54974723 -13.22800446 -1.33618879
-0.13733414 -13.22800446 -1.35144246
