1.06837821 -1.77825165 0.64271414
2.19778061 -1.77825165 -1.29857183
1.89873278 -1.77825165 0.44188288
1.22069180 -1.77825165 0.70744550
1.14731669 -1.78824615 0.71614754
1.02220154 -1.78824615 0.60230541
0.94480819 -1.78824615 0.54026383
0.81498635 -1.78824615 0.45933217
0.72204828 -1.78824615 0.39087471
0.55739415 -1.78824615 0.33607790
0.45950708 -1.78824615 0.16853403
0.51941776 -1.78824615 0.26269290
0.44295341 -1.78824615 0.08046003
0.29122716 -1.78824615 -0.01753300
0.30841371 -1.78824615 -0.07786205
0.29370570 -1.78824615 -0.35196751
0.32500130 -1.78824615 -0.26625234
0.30169895 -1.78824615 -0.53065443
0.28044859 -1.78824615 -0.43114549
0.29548073 -1.78824615 -0.59206307
0.28759232 -1.78824615 -0.71187371
0.28173298 -1.78824615 -0.93365061
0.28443533 -1.78824615 -0.82329637
0.26255795 -1.78824615 -0.99727350
0.24917175 -1.78824615 -1.13306141
0.26177987 -1.78824615 -1.24795711
0.40934411 -1.78824615 -1.27142489
0.62009364 -1.78824615 -1.32373798
0.53714484 -1.78824615 -1.30679059
0.71280509 -1.78824615 -1.34548903
0.79590303 -1.78824615 -1.35436141
0.88326448 -1.78824615 -1.35847747
0.95273697 -1.78824615 -1.35684323
1.04589975 -1.78824615 -1.34838080
1.14447081 -1.78824615 -1.36621392
1.24156725 -1.78824615 -1.37132180
1.34119844 -1.78824615 -1.36964858
1.40323591 -1.78824615 -1.36760592
1.47815192 -1.78824615 -1.35810912
1.54123676 -1.78824615 -1.33962071
1.61882913 -1.78824615 -1.36241126
1.68752074 -1.78824615 -1.36527014
1.77376163 -1.78824615 -1.36322212
1.87029564 -1.78824615 -1.36133385
1.98158348 -1.78824615 -1.34713757
2.04689837 -1.78824615 -1.33257520
2.13677883 -1.78824615 -1.32071185
2.30853295 -1.78824615 -1.25675476
2.40945077 -1.78824615 -1.10093462
2.37647605 -1.78824615 -1.18238962
2.40092254 -1.78824615 -0.98244959
2.39611149 -1.78824615 -0.87687874
2.39146471 -1.78824615 -0.73420602
2.37827539 -1.78824615 -0.65177214
2.36032486 -1.78824615 -0.42680660
2.35027456 -1.78824615 -0.51500970
2.35876584 -1.78824615 -0.35082081
2.32363820 -1.78824615 -0.21261552
2.30372691 -1.78824615 -0.15265614
2.28625154 -1.78824615 -0.05833005
2.26448369 -1.78824615 0.03274351
2.24909616 -1.78824615 0.09742286
2.08213067 -1.78824615 0.28879136
2.13352203 -1.78824615 0.21512748
2.03979278 -1.78824615 0.35663152
1.98479366 -1.78824615 0.41276485
1.79706883 -1.78824615 0.51734042
1.84863877 -1.78824615 0.48160872
1.32901132 -1.78824615 0.66046548
1.69369805 -1.78824615 0.54333371
2.18640590 -1.78824615 0.17136505
