-0.17924692 41.12084198 -1.11347222
1.69451320 41.11084747 0.25005403
1.82127178 41.11084747 0.18161991
1.84640539 41.11084747 0.12498963
1.90063477 41.11084747 0.01049990
1.94965267 41.11084747 -0.08172625
1.99341917 41.11084747 -0.15488382
2.02746320 41.11084747 -0.25997549
2.05298281 41.11084747 -0.33377603
2.02974248 41.11084747 -0.46190980
2.03513145 41.11084747 -0.53416020
2.11732817 41.11084747 -0.60996038
2.15458107 41.11084747 -0.75001919
2.19609785 41.11084747 -0.89542615
2.21437049 41.11084747 -0.97123647
2.24512601 41.11084747 -1.08411610
2.25413465 41.11084747 -1.20164049
2.30888081 41.11084747 -1.35562181
2.32605171 41.11084747 -1.42458177
2.24100590 41.11084747 -1.48664320
2.08867431 41.11084747 -1.51228034
1.91907299 41.11084747 -1.51469898
1.79234767 41.11084747 -1.52528656
1.69853806 41.11084747 -1.53105414
1.56994402 41.11084747 -1.52718270
1.47698498 41.11084747 -1.52499509
1.39441407 41.11084747 -1.52420902
1.32566845 41.11084747 -1.52132928
1.25663936 41.11084747 -1.51767600
1.19055116 41.11084747 -1.51725841
1.12248254 41.11084747 -1.52017546
1.05980718 41.11084747 -1.51384485
0.94101763 41.11084747 -1.52833986
0.87705839 41.11084747 -1.53704298
0.80102384 41.11084747 -1.53648758
0.71128869 41.11084747 -1.53364062
0.63137805 41.11084747 -1.53194320
0.54629803 41.11084747 -1.52316391
0.46509472 41.11084747 -1.51863790
0.35339251 41.11084747 -1.50312698
0.17770551 41.11084747 -1.49709940
-0.06768512 41.11084747 -1.32453859
-0.15436833 41.11084747 -1.24039257
-0.17052965 41.11084747 -1.17308068
-0.15987577 41.11084747 -1.00891161
-0.15092975 41.11084747 -0.89943242
-0.11460403 41.11084747 -0.76569110
-0.10338936 41.11084747 -0.59050530
-0.10104834 41.11084747 -0.47616151
-0.10000318 41.11084747 -0.38066167
-0.00574986 41.11084747 -0.18269865
0.06697363 41.11084747 -0.08169090
0.10254695 41.11084747 -0.02058690
0.14743496 41.11084747 0.12171245
0.16750236 41.11084747 0.27927530
0.20270166 41.11084747 0.40764478
0.40634772 41.11084747 0.38210818
0.54091632 41.11084747 0.39485642
0.68550557 41.11084747 0.41903177
0.75080591 41.11084747 0.41305217
0.86846608 41.11084747 0.42440400
0.99098217 41.11084747 0.45961577
1.13889444 41.11084747 0.45603403
1.22071064 41.11084747 0.45457751
1.37938356 41.11084747 0.41745889
1.50364387 41.11084747 0.37998199
1.55897021 41.11084747 0.31696126
0.01459786 41.11084747 -1.39484990
