0.17978387 34.36098480 0.75418419
0.29593214 34.36098480 0.81734294
2.72688246 34.36098480 -0.34216705
2.66605878 34.36098480 -0.72486329
2.29680753 34.36098480 0.56505847
2.60638046 34.36098480 0.07170886
2.72629595 34.35099030 -0.50840050
2.69285512 34.35099030 -0.62116098
2.47329640 34.35099030 -1.32769847
2.46694040 34.35099030 -1.39215577
2.37644696 34.35099030 -1.43176103
2.18971086 34.35099030 -1.43993139
2.06475520 34.35099030 -1.44150221
1.88194144 34.35099030 -1.44155931
1.74408126 34.35099030 -1.44905651
1.62146699 34.35099030 -1.45251906
1.51632881 34.35099030 -1.45100355
1.42243624 34.35099030 -1.45205224
1.33478153 34.35099030 -1.45318747
1.25002325 34.35099030 -1.45349669
1.10815907 34.35099030 -1.44814563
0.92591888 34.35099030 -1.45533836
0.84533626 34.35099030 -1.45344877
0.65766937 34.35099030 -1.43698466
0.54447323 34.35099030 -1.42426264
0.43305811 34.35099030 -1.41787398
0.21607293 34.35099030 -1.36182368
0.13526358 34.35099030 -1.31304300
-0.09462278 34.35099030 -1.15960419
-0.09390862 34.35099030 -1.08489263
-0.02450407 34.35099030 -0.96240640
-0.08096004 34.35099030 -0.89180052
-0.07050711 34.35099030 -0.67709041
-0.00213543 34.35099030 -0.60719192
-0.05697022 34.35099030 -0.54745775
-0.04777189 34.35099030 -0.35962260
-0.04285456 34.35099030 -0.28422442
-0.00434496 34.35099030 -0.19349849
-0.01923711 34.35099030 -0.02990388
-0.02509966 34.35099030 0.09353667
-0.02094418 34.35099030 0.21315250
0.02527105 34.35099030 0.34116805
0.04229153 34.35099030 0.42611858
0.09079486 34.35099030 0.53751481
0.09496213 34.35099030 0.63785452
0.12713535 34.35099030 0.72499043
0.24114825 34.35099030 0.79176450
0.36327437 34.35099030 0.85342157
0.50699234 34.35099030 0.86285281
0.57396936 34.35099030 0.83375853
0.67675966 34.35099030 0.88167793
0.76519912 34.35099030 0.88829195
0.81641430 34.35099030 0.81804860
0.93814921 34.35099030 0.81411457
1.05823672 34.35099030 0.76372397
1.15766943 34.35099030 0.78812891
1.29270983 34.35099030 0.83023256
1.38396275 34.35099030 0.77563405
1.46801710 34.35099030 0.75978780
1.65342331 34.35099030 0.71087903
1.71472847 34.35099030 0.67862558
1.84615231 34.35099030 0.70843041
1.97320902 34.35099030 0.68311310
2.05548692 34.35099030 0.67747688
2.18874550 34.35099030 0.65162617
2.25830698 34.35099030 0.61201674
2.40458417 34.35099030 0.41944337
2.46436262 34.35099030 0.34838387
2.55201221 34.35099030 0.15313657
2.72611427 34.35099030 -0.16203538
2.67177749 34.35099030 -0.02227277
2.72258186 34.35099030 -0.25175563
1.17545426 34.35099030 -1.44980121
0.76126611 34.35099030 -1.44723308
0.32157829 34.35099030 -1.40197015
-0.03798717 34.35099030 -1.24691856
