-0.34978849 35.13097382 -1.43085563
-0.50521475 35.13097382 -1.34039402
-0.53025633 35.13097382 -1.08730531
-0.23244101 35.13097382 -1.42742360
1.56439507 35.13097382 0.72670871
1.38454473 35.13097382 0.74038130
1.49040604 35.13097382 0.73902237
1.22383702 35.13097382 0.78683645
1.29467583 35.13097382 0.76782566
1.10747683 35.13097382 0.80889559
0.98951578 35.13097382 0.83621150
0.77709693 35.13097382 0.81595552
0.86908066 35.13097382 0.83232743
0.64653599 35.13097382 0.84286088
0.45422289 35.13097382 0.82723403
0.57739162 35.13097382 0.84254014
0.28763813 35.13097382 0.82569510
-0.05124481 35.13097382 0.73928815
0.07710110 35.13097382 0.80660641
-0.35107511 35.13097382 0.51998800
-0.19727111 35.13097382 0.59772354
-0.40749425 35.13097382 0.39406487
-0.46524075 35.13097382 0.18240683
-0.45153391 35.13097382 -0.04877826
-0.42053556 35.13097382 -0.33005035
-0.45340258 35.13097382 -0.49466270
-0.49332881 35.13097382 -0.86612594
-0.49581203 35.13097382 -0.68664527
-0.04060547 35.13097382 -1.41900492
0.18648237 35.13097382 -1.42742026
0.39242816 35.13097382 -1.43078279
0.72310400 35.13097382 -1.45204175
0.57833177 35.13097382 -1.43814790
0.86040318 35.13097382 -1.45996845
0.99620622 35.13097382 -1.45267749
1.24456179 35.13097382 -1.46185243
1.13182378 35.13097382 -1.46368074
1.55708063 35.13097382 -1.47211444
1.37379098 35.13097382 -1.46368372
1.67745793 35.13097382 -1.47759557
1.78630674 35.13097382 -1.46403086
1.91356480 35.13097382 -1.45173216
2.04411101 35.13097382 -1.46520388
2.20708585 35.13097382 -1.47339582
2.35720778 35.13097382 -1.46697664
2.49750280 35.13097382 -1.43770611
2.56557298 35.13097382 -1.27939296
2.55978990 35.13097382 -1.09997022
2.59674454 35.13097382 -0.96304429
2.65253925 35.13097382 -0.73068249
2.71265888 35.13097382 -0.63499558
2.74501419 35.13097382 -0.40926015
2.72374940 35.13097382 -0.57531089
2.76729965 35.13097382 -0.16631839
2.75469565 35.13097382 -0.32530686
2.75391102 35.13097382 0.02857866
2.73533440 35.13097382 0.20624623
2.75440454 35.13097382 0.11416031
2.72846651 35.13097382 0.30727270
2.66059303 35.13097382 0.40785116
2.60389280 35.13097382 0.51462525
2.56692910 35.13097382 0.60610026
2.46144223 35.13097382 0.63868976
2.33701706 35.13097382 0.70000154
2.20726681 35.13097382 0.69135016
2.04379940 35.13097382 0.74283338
2.13100982 35.13097382 0.76217508
1.89280987 35.13097382 0.77549642
1.82891083 35.13097382 0.78355676
1.66209626 35.13097382 0.71849805
1.74263501 35.13097382 0.77958864
