0.50185364 58.54047394 0.49064586
-0.23850082 58.54047394 -0.14705706
-0.40064856 58.54047394 -0.32902732
2.24643707 58.54047394 -0.46629333
2.17885447 58.54047394 -0.16370617
1.86539888 58.54047394 0.43811548
0.83311599 58.53047943 0.59155542
0.89942551 58.53047943 0.59229976
0.98020792 58.53047943 0.60388917
1.07734823 58.53047943 0.60380489
1.16789329 58.53047943 0.60605609
1.22754502 58.53047943 0.58549124
1.36802065 58.53047943 0.58023572
1.45764482 58.53047943 0.58655083
1.58688807 58.53047943 0.53791583
1.70857430 58.53047943 0.50477010
1.81317961 58.53047943 0.47376058
1.91726923 58.53047943 0.38643312
1.98191202 58.53047943 0.26707745
2.00813627 58.53047943 0.13122946
2.04528618 58.53047943 0.04146687
2.15445948 58.53047943 -0.09726310
2.22252655 58.53047943 -0.31242752
2.22229815 58.53047943 -0.39379436
2.28993130 58.53047943 -0.59171224
2.36483431 58.53047943 -0.72555029
2.42055106 58.53047943 -0.84324783
2.41507697 58.53047943 -0.95430505
2.40438843 58.53047943 -1.01689899
2.35136604 58.53047943 -1.17167449
2.26731181 58.53047943 -1.34806538
2.21757913 58.53047943 -1.42582703
2.09797025 58.53047943 -1.45331192
1.94874120 58.53047943 -1.46852887
1.72992516 58.53047943 -1.49015081
1.61887002 58.53047943 -1.50607741
1.51112068 58.53047943 -1.47579336
1.35226142 58.53047943 -1.48053682
1.26040494 58.53047943 -1.48045504
1.19311929 58.53047943 -1.48231530
1.05393541 58.53047943 -1.47830868
0.88993794 58.53047943 -1.47452819
0.80217111 58.53047943 -1.47915578
0.71874750 58.53047943 -1.48240423
0.63296849 58.53047943 -1.47966123
0.53923547 58.53047943 -1.47322559
0.44525850 58.53047943 -1.46058631
0.37411833 58.53047943 -1.45525241
0.29976574 58.53047943 -1.44620490
0.17134161 58.53047943 -1.43925965
0.04382531 58.53047943 -1.41676438
-0.01594629 58.53047943 -1.37511349
-0.09987417 58.53047943 -1.32086599
-0.20356043 58.53047943 -1.24484694
-0.27056140 58.53047943 -1.20033300
-0.32037020 58.53047943 -1.16590178
-0.37806717 58.53047943 -1.11790919
-0.41836217 58.53047943 -1.07341075
-0.44389012 58.53047943 -1.01386392
-0.48380560 58.53047943 -0.92611378
-0.52860463 58.53047943 -0.79468650
-0.53889930 58.53047943 -0.70930123
-0.51396430 58.53047943 -0.62317592
-0.50045979 58.53047943 -0.53598320
-0.46522042 58.53047943 -0.47265142
-0.45172668 58.53047943 -0.37364116
-0.32989550 58.53047943 -0.26638132
-0.26526788 58.53047943 -0.20316270
-0.17456578 58.53047943 -0.08847485
-0.10754991 58.53047943 -0.02201413
-0.06949474 58.53047943 0.03186123
0.03436030 58.53047943 0.10569959
0.05703277 58.53047943 0.18400259
0.10246044 58.53047943 0.25695968
0.14996657 58.53047943 0.30631420
0.28152657 58.53047943 0.36928773
0.37606433 58.53047943 0.43043005
0.44713366 58.53047943 0.46017265
0.59073269 58.53047943 0.56125474
0.65566885 58.53047943 0.58487713
0.73528993 58.53047943 0.59910482
0.21634822 58.53047943 0.33531165
1.43729925 58.53047943 -1.47547746
1.84462583 58.53047943 -1.47250271
2.33083248 58.53047943 -1.23008394
