0.53261548 -48.83725739 -1.43098128
2.43206978 -48.83725739 -1.03445125
0.19847758 -48.83725739 0.08480454
1.44805622 -48.83725739 0.78549325
1.33559489 -48.83725739 0.72522998
0.69437009 -48.84725189 0.56965411
0.61844355 -48.84725189 0.51318061
0.54738927 -48.84725189 0.48306653
0.42946085 -48.84725189 0.31020629
0.46619654 -48.84725189 0.37409645
0.29214126 -48.84725189 0.20728955
0.15396340 -48.84725189 0.03459395
0.09585942 -48.84725189 -0.04543846
0.03723317 -48.84725189 -0.21482630
0.07777926 -48.84725189 -0.12634760
-0.00535115 -48.84725189 -0.26241010
-0.12027922 -48.84725189 -0.36825877
-0.08091867 -48.84725189 -0.31414598
-0.19958286 -48.84725189 -0.48905948
-0.17650643 -48.84725189 -0.42571190
-0.21472177 -48.84725189 -0.54929638
-0.28405204 -48.84725189 -0.75125164
-0.25767264 -48.84725189 -0.67302638
-0.37923324 -48.84725189 -0.93048459
-0.31036043 -48.84725189 -0.82624191
-0.44825616 -48.84725189 -1.11358356
-0.38784766 -48.84725189 -0.99957615
-0.35389808 -48.84725189 -1.17636645
-0.35520422 -48.84725189 -1.24658322
-0.14736146 -48.84725189 -1.38925672
0.01932114 -48.84725189 -1.42462945
-0.09120790 -48.84725189 -1.41613507
0.17828356 -48.84725189 -1.44514775
0.08471121 -48.84725189 -1.43198431
0.32772544 -48.84725189 -1.44554758
0.24130361 -48.84725189 -1.44732475
0.47166699 -48.84725189 -1.43291843
0.38855270 -48.84725189 -1.44076312
0.59345627 -48.84725189 -1.43013144
0.70783049 -48.84725189 -1.44302452
0.81306213 -48.84725189 -1.45121551
0.91812289 -48.84725189 -1.45216238
0.98115623 -48.84725189 -1.45019150
1.14518762 -48.84725189 -1.44534326
1.06474936 -48.84725189 -1.44962442
1.24775267 -48.84725189 -1.44910479
1.40958834 -48.84725189 -1.44459713
1.34808016 -48.84725189 -1.44648135
1.50164998 -48.84725189 -1.44167507
1.62073791 -48.84725189 -1.41893244
1.74795711 -48.84725189 -1.41281807
1.68061721 -48.84725189 -1.41402113
1.89020598 -48.84725189 -1.40319777
1.81346250 -48.84725189 -1.41055882
2.05019522 -48.84725189 -1.40292764
1.96872032 -48.84725189 -1.40645695
2.18807364 -48.84725189 -1.37859595
2.11190987 -48.84725189 -1.39427674
2.30224872 -48.84725189 -1.31531918
2.24255872 -48.84725189 -1.34285533
2.38028145 -48.84725189 -1.24067163
2.41703749 -48.84725189 -1.16914403
2.44651866 -48.84725189 -1.09204471
2.40551710 -48.84725189 -0.95985550
2.37323952 -48.84725189 -0.81029469
2.40267825 -48.84725189 -0.87689912
2.35115814 -48.84725189 -0.72677708
2.31122494 -48.84725189 -0.59370250
2.27812243 -48.84725189 -0.47207716
2.19346595 -48.84725189 -0.29136238
2.20901179 -48.84725189 -0.35889238
2.19134021 -48.84725189 -0.22437190
2.16547465 -48.84725189 -0.02683994
2.17138076 -48.84725189 0.05400481
2.09795547 -48.84725189 0.21212961
2.12906885 -48.84725189 0.14292851
2.06811070 -48.84725189 0.28756839
2.00280094 -48.84725189 0.48603448
1.97644341 -48.84725189 0.54748321
1.93935692 -48.84725189 0.66537249
1.91379619 -48.84725189 0.72572088
1.70187306 -48.84725189 0.77383965
1.75956190 -48.84725189 0.79468364
1.61164343 -48.84725189 0.76381767
1.38235772 -48.84725189 0.77739310
1.27012193 -48.84725189 0.73207724
1.17382443 -48.84725189 0.76005065
1.04047644 -48.84725189 0.76998711
0.96588689 -48.84725189 0.69101173
0.82594550 -48.84725189 0.64620566
0.74824733 -48.84725189 0.60948956
0.51409799 -48.84725189 0.41981530
0.36488888 -48.84725189 0.27245495
0.22360080 -48.84725189 0.15869518
-0.26968843 -48.84725189 -1.31857967
2.16316891 -48.84725189 -0.11949292
2.05240393 -48.84725189 0.37686691
1.90836477 -48.84725189 0.83025670
1.51991880 -48.84725189 0.78455782
1.10499108 -48.84725189 0.79489392
0.90140384 -48.84725189 0.67323273
