0.84871131 -76.13668060 0.59089684
0.67031336 -76.13668060 0.60147917
0.30616641 -76.13668060 0.50603563
0.11379497 -76.13668060 0.50151616
-0.06401104 -76.13668060 0.28526604
-0.14500196 -76.13668060 0.06356946
-0.27176601 -76.13668060 -0.31963077
-0.31943026 -76.13668060 -0.65400505
-0.29924616 -76.13668060 -1.00844264
-0.21493395 -76.13668060 -1.14182723
2.74931908 -76.13668060 -0.46755755
2.77464294 -76.13668060 -0.30265179
2.94810605 -76.13668060 0.18953490
3.06851387 -76.13668060 0.42678511
2.08007669 -76.13668060 0.81791067
1.85493374 -76.13668060 0.79986531
1.47701836 -76.13668060 0.83385044
1.29497886 -76.13668060 0.75944561
1.02967966 -76.13668060 0.66892207
0.77053875 -76.14667511 0.56740153
0.61101538 -76.14667511 0.62107164
0.47593361 -76.14667511 0.58719391
0.39643452 -76.14667511 0.51524705
0.24264494 -76.14667511 0.49819618
0.05009017 -76.14667511 0.47533384
-0.09146556 -76.14667511 0.22224817
-0.17391711 -76.14667511 -0.00608519
-0.24888864 -76.14667511 -0.07830609
-0.29725972 -76.14667511 -0.23139386
-0.28091523 -76.14667511 -0.38367623
-0.33848724 -76.14667511 -0.58319408
-0.30485544 -76.14667511 -0.71851438
-0.30248609 -76.14667511 -0.86192316
-0.15615636 -76.14667511 -1.17924404
-0.05511457 -76.14667511 -1.27080047
0.04773084 -76.14667511 -1.35547304
0.18565015 -76.14667511 -1.38717222
0.29213393 -76.14667511 -1.40877032
0.42505550 -76.14667511 -1.42182195
0.55143768 -76.14667511 -1.42983174
0.66369933 -76.14667511 -1.42418468
0.78279167 -76.14667511 -1.42620015
0.93647265 -76.14667511 -1.43176866
1.01984859 -76.14667511 -1.43376064
1.15505588 -76.14667511 -1.44697678
1.29295778 -76.14667511 -1.45202947
1.39041865 -76.14667511 -1.45375776
1.47214055 -76.14667511 -1.44954789
1.56191409 -76.14667511 -1.45145750
1.72678196 -76.14667511 -1.43585706
1.84416378 -76.14667511 -1.44133306
1.96878254 -76.14667511 -1.43877029
2.11152363 -76.14667511 -1.43002582
2.27727842 -76.14667511 -1.42365432
2.42986512 -76.14667511 -1.37639844
2.52705622 -76.14667511 -1.27067280
2.62083507 -76.14667511 -1.06414759
2.64986300 -76.14667511 -0.99282295
2.66532445 -76.14667511 -0.91782480
2.69583321 -76.14667511 -0.70184708
2.72677183 -76.14667511 -0.64825279
2.75471663 -76.14667511 -0.40566629
2.79482317 -76.14667511 -0.24314725
2.84485269 -76.14667511 -0.00595730
3.02903700 -76.14667511 0.32063970
2.84571981 -76.14667511 0.65194356
2.57066560 -76.14667511 0.71856225
2.15354061 -76.14667511 0.82249236
1.94244564 -76.14667511 0.79608697
1.68659031 -76.14667511 0.80425304
1.53541756 -76.14667511 0.85049564
1.39646828 -76.14667511 0.80906808
1.17985666 -76.14667511 0.70799267
1.11509287 -76.14667511 0.72526002
0.95287955 -76.14667511 0.63038963
-0.03344233 -76.14667511 0.37038058
-0.31385586 -76.14667511 -0.51424491
-0.29101041 -76.14667511 -1.07661200
0.87535876 -76.14667511 -1.43214226
1.64509809 -76.14667511 -1.42793012
2.50013971 -76.14667511 -1.33213711
2.81849408 -76.14667511 -0.10377919
3.08380032 -76.14667511 0.59271532
2.42826653 -76.14667511 0.75409150
1.63445926 -76.14667511 0.83498162
