1.53806591 33.32100677 -1.44865763
0.11392713 33.32100677 -0.95266944
0.04224886 33.32100677 -0.51471829
0.04802060 33.32100677 0.18621683
0.11442817 33.32100677 0.46048874
0.26597685 33.32100677 0.57269394
0.44471025 33.32100677 0.68716353
0.88391453 33.32100677 0.73041189
1.20262957 33.32100677 0.70650661
0.96231514 33.31101227 0.72159147
0.37667409 33.31101227 0.64368874
0.18600200 33.31101227 0.52206719
0.05443633 33.31101227 0.28759620
0.04376829 33.31101227 0.12534991
0.03841834 33.31101227 0.00438202
0.04137380 33.31101227 -0.13283883
0.04273029 33.31101227 -0.29098722
0.04599399 33.31101227 -0.37659481
0.04988466 33.31101227 -0.58294171
0.05055752 33.31101227 -0.67036003
0.08873425 33.31101227 -0.76558775
0.12295017 33.31101227 -1.02505386
0.11340898 33.31101227 -1.15190625
0.18462360 33.31101227 -1.39065754
0.36971831 33.31101227 -1.44962871
0.50833476 33.31101227 -1.44698226
0.63769919 33.31101227 -1.44761956
0.74699497 33.31101227 -1.44870460
0.84692538 33.31101227 -1.45970440
0.93360990 33.31101227 -1.46084368
1.06849158 33.31101227 -1.43412352
1.13386416 33.31101227 -1.44338584
1.30980754 33.31101227 -1.44791901
1.47526550 33.31101227 -1.44836652
1.64440906 33.31101227 -1.45153296
1.73062134 33.31101227 -1.45013762
1.83444417 33.31101227 -1.44948828
1.38429415 33.31101227 -1.44977760
0.24172628 33.31101227 -1.44144225
0.09499604 33.31101227 -1.27484047
0.10244862 33.31101227 -0.83425015
0.04329076 33.31101227 0.40972227
0.51272726 33.31101227 0.72859520
1.14048505 33.31101227 0.72136587
1.30695558 33.31101227 0.66792512
1.50802553 33.31101227 0.67094642
1.61165619 33.31101227 0.64608586
1.67620826 33.31101227 0.63064539
1.76201820 33.31101227 0.61110067
1.91442060 33.31101227 0.56805450
2.03530598 33.31101227 0.50739521
2.18053436 33.31101227 0.48074639
2.29400849 33.31101227 0.46026659
2.39797068 33.31101227 0.28100362
2.33100533 33.31101227 0.06647913
2.36954331 33.31101227 -0.06564083
2.38302326 33.31101227 -0.13328411
2.33960128 33.31101227 -0.23894380
2.34095645 33.31101227 -0.33837286
2.36903191 33.31101227 -0.50232726
2.37861085 33.31101227 -0.61867058
2.38160491 33.31101227 -0.71680820
2.37325191 33.31101227 -0.79103619
2.36328101 33.31101227 -0.90334845
2.36048150 33.31101227 -1.02746129
2.36797643 33.31101227 -1.13476598
2.35852933 33.31101227 -1.22456038
2.29442358 33.31101227 -1.39878070
2.21933532 33.31101227 -1.43045974
2.07164788 33.31101227 -1.43381655
1.94901550 33.31101227 -1.44705391
