-0.02496680 51.51062775 -0.60428637
-0.06188902 51.51062775 -0.71212411
-0.07340439 51.51062775 -0.80150700
-0.10729687 51.51062775 -0.91527629
-0.05537927 51.51062775 -1.05988383
-0.06640313 51.51062775 -1.14042866
-0.02982056 51.51062775 -1.32772541
0.07623759 51.51062775 -1.40474820
0.20545915 51.51062775 -1.42217159
-0.00110994 51.51062775 -1.38800728
0.00345668 51.51062775 -0.50515544
0.07160644 51.51062775 -0.41450804
1.03728473 51.51062775 0.51686031
1.10849190 51.51062775 0.58049458
1.21494651 51.51062775 0.60980701
1.31075215 51.51062775 0.64298266
1.37467897 51.51062775 0.63848329
1.46950924 51.51062775 0.60927641
1.58980417 51.51062775 0.56278384
1.69001293 51.51062775 0.56360722
1.83829927 51.51062775 0.55636805
1.91618335 51.51062775 0.55730462
1.92959940 51.51062775 0.48847181
2.11920762 51.51062775 0.45148951
2.19460726 51.51062775 0.33557808
2.18463469 51.51062775 0.26648471
2.22990274 51.51062775 0.15891078
2.26064253 51.51062775 0.01550690
2.21481180 51.51062775 -0.08635772
2.21741581 51.51062775 -0.27055365
2.28796291 51.51062775 -0.51404572
2.28444266 51.51062775 -0.60053390
2.28776813 51.51062775 -0.72471517
2.29705000 51.51062775 -0.84756923
2.28504133 51.51062775 -0.93825316
2.25210023 51.51062775 -1.09579372
2.25839210 51.51062775 -1.19783664
2.24876976 51.51062775 -1.25970674
2.14805436 51.51062775 -1.37664163
2.06408072 51.51062775 -1.42574048
1.94281900 51.51062775 -1.44853210
1.80257368 51.51062775 -1.46603012
1.67545080 51.51062775 -1.47260022
1.54575419 51.51062775 -1.46786726
1.44890010 51.51062775 -1.47923231
1.32415104 51.51062775 -1.48429513
1.24113369 51.51062775 -1.48100150
1.14060450 51.51062775 -1.48027301
1.05388904 51.51062775 -1.46514881
0.88858670 51.51062775 -1.46330595
0.78365082 51.51062775 -1.45631444
0.72040457 51.51062775 -1.46173048
0.46232882 51.51062775 -1.45889270
0.34066597 51.51062775 -1.44953656
0.06903680 51.51062775 -0.28789362
0.13363259 51.51062775 -0.17137301
0.14443859 51.51062775 -0.08264330
0.13821267 51.51062775 -0.00668322
0.17533973 51.51062775 0.08936335
0.19299915 51.51062775 0.17784822
0.22283609 51.51062775 0.25418988
0.22577776 51.51062775 0.37817723
0.29190782 51.51062775 0.44260672
0.36094552 51.51062775 0.43394434
0.44573176 51.51062775 0.46890619
0.53878129 51.51062775 0.47331494
0.64224738 51.51062775 0.44921198
0.73844755 51.51062775 0.43900275
0.79210454 51.51062775 0.52754146
0.95521581 51.51062775 0.55859971
