0.57576698 -70.41680145 -1.34657264
2.33301830 -70.41680145 0.41878244
0.25813425 -70.41680145 0.43127692
2.16341448 -70.41680145 0.80469501
1.73783052 -70.42679596 -1.44948483
1.60321486 -70.42679596 -1.45615423
1.46360266 -70.42679596 -1.47380829
1.29995680 -70.42679596 -1.47720230
1.21954668 -70.42679596 -1.47861075
1.08188093 -70.42679596 -1.45379400
0.94722217 -70.42679596 -1.43436050
0.83921951 -70.42679596 -1.42065012
0.71569759 -70.42679596 -1.39655578
0.63816047 -70.42679596 -1.36909008
0.45788312 -70.42679596 -1.30770576
0.35100961 -70.42679596 -1.15955007
0.33236137 -70.42679596 -1.09450638
1.84319174 -70.42679596 -1.45110214
0.30427271 -70.42679596 -1.03880155
2.26231647 -70.42679596 0.61953133
2.29209709 -70.42679596 0.55006820
2.30018282 -70.42679596 0.46889225
2.33147693 -70.42679596 0.31444857
2.37147021 -70.42679596 0.18286517
2.52221751 -70.42679596 0.05978450
2.49790287 -70.42679596 -0.04222886
2.51335168 -70.42679596 -0.22927791
2.54284334 -70.42679596 -0.33121529
2.56692886 -70.42679596 -0.44830370
2.61128378 -70.42679596 -0.58578187
2.66595936 -70.42679596 -0.73260951
2.67172432 -70.42679596 -0.87467116
2.66245103 -70.42679596 -0.98885316
2.56924438 -70.42679596 -1.14120221
2.40097260 -70.42679596 -1.38714039
2.29697537 -70.42679596 -1.42592669
2.14061260 -70.42679596 -1.44263005
1.98423445 -70.42679596 -1.45503306
0.25006300 -70.42679596 -0.92886233
0.22712997 -70.42679596 -0.86551154
0.21668057 -70.42679596 -0.75393504
0.24199775 -70.42679596 -0.62694901
0.29106903 -70.42679596 -0.50485861
0.23261251 -70.42679596 -0.33082753
0.32692304 -70.42679596 -0.14240998
0.25469118 -70.42679596 -0.04056991
0.24341734 -70.42679596 0.02071963
0.23640557 -70.42679596 0.13419586
0.30150434 -70.42679596 0.19315355
0.25110522 -70.42679596 0.37057659
0.32395494 -70.42679596 0.48491028
0.28417689 -70.42679596 0.61750019
0.25810087 -70.42679596 0.76279128
0.32355496 -70.42679596 0.79316211
0.41416889 -70.42679596 0.84627706
0.52861971 -70.42679596 0.89264965
0.64611727 -70.42679596 0.93713504
0.80576968 -70.42679596 0.96257561
0.91458488 -70.42679596 0.97350103
1.01209521 -70.42679596 0.98787135
1.18891072 -70.42679596 0.98100454
1.27967632 -70.42679596 1.01741529
1.37757885 -70.42679596 0.97556305
1.53668261 -70.42679596 0.94695532
1.59714222 -70.42679596 0.94706571
1.67702663 -70.42679596 0.94054711
1.74733615 -70.42679596 0.96455121
1.82413173 -70.42679596 0.97285140
1.88910258 -70.42679596 0.96653259
1.96827424 -70.42679596 0.92289495
2.06624651 -70.42679596 0.85491401
2.19341350 -70.42679596 0.75176001
