1.85783970 -64.43692780 -1.49041665
0.98549080 -64.44692230 0.50012028
0.91520387 -64.44692230 0.49722847
0.79342628 -64.44692230 0.46089599
0.75396460 -64.44692230 0.29389960
0.79285818 -64.44692230 0.36432365
0.68082428 -64.44692230 0.23109944
0.61811018 -64.44692230 0.17128973
0.57540119 -64.44692230 0.11371812
0.53068244 -64.44692230 0.03696978
0.55423278 -64.44692230 -0.05391248
0.54015273 -64.44692230 -0.15018621
0.51615769 -64.44692230 -0.30427179
0.52834314 -64.44692230 -0.21904989
0.49124950 -64.44692230 -0.36517856
0.45424438 -64.44692230 -0.42739129
0.36753038 -64.44692230 -0.62391728
0.36859715 -64.44692230 -0.54160541
0.31203699 -64.44692230 -0.77097327
0.31731266 -64.44692230 -1.03697395
0.27651170 -64.44692230 -0.94815868
0.39861822 -64.44692230 -1.15366292
0.43489590 -64.44692230 -1.27724230
0.56367415 -64.44692230 -1.34850907
0.79206455 -64.44692230 -1.42556155
0.71394819 -64.44692230 -1.40423453
0.92280769 -64.44692230 -1.45015597
1.05643082 -64.44692230 -1.46239495
1.24049509 -64.44692230 -1.49519408
1.41726196 -64.44692230 -1.49971151
1.30647886 -64.44692230 -1.49973524
1.55778182 -64.44692230 -1.49959409
1.61292171 -64.44692230 -1.56245518
1.79545546 -64.44692230 -1.48834741
1.95912683 -64.44692230 -1.48872387
2.06615877 -64.44692230 -1.47478545
2.19840932 -64.44692230 -1.45984685
2.34126711 -64.44692230 -1.43121004
2.45811200 -64.44692230 -1.38646710
2.51248050 -64.44692230 -1.33756149
2.57525992 -64.44692230 -1.24717760
2.54226589 -64.44692230 -1.06403315
2.51852345 -64.44692230 -0.88843095
2.50963426 -64.44692230 -0.97125691
2.55727148 -64.44692230 -0.74261373
2.55487895 -64.44692230 -0.82753730
2.53492951 -64.44692230 -0.64929843
2.48421073 -64.44692230 -0.56768036
2.45123529 -64.44692230 -0.46046680
2.46205401 -64.44692230 -0.30804071
2.41719484 -64.44692230 -0.35440749
2.44499922 -64.44692230 -0.20227879
2.43357015 -64.44692230 -0.11387924
2.43474865 -64.44692230 -0.01723273
2.37266898 -64.44692230 0.16524611
2.37313867 -64.44692230 0.08031473
2.33015323 -64.44692230 0.36880153
2.22943377 -64.44692230 0.37336147
2.18061638 -64.44692230 0.43914083
2.10148883 -64.44692230 0.45324337
1.99357176 -64.44692230 0.46033365
1.89722788 -64.44692230 0.52111852
1.77625108 -64.44692230 0.53662395
1.68961322 -64.44692230 0.54072958
1.55376589 -64.44692230 0.55881959
1.47732615 -64.44692230 0.54476231
1.40335047 -64.44692230 0.54473150
1.29545510 -64.44692230 0.54694605
1.20820761 -64.44692230 0.52716345
1.12103677 -64.44692230 0.51369417
1.04991686 -64.44692230 0.50480837
0.85391682 -64.44692230 0.49678528
2.33157063 -64.44692230 0.28362435
1.61822164 -64.44692230 0.55646062
