2.07839966 40.86084747 -0.54129571
1.49113739 40.85085297 0.40668315
1.58047199 40.85085297 0.39880881
1.64770925 40.85085297 0.30510023
1.72040474 40.85085297 0.23674721
1.82452631 40.85085297 0.18038402
1.91509020 40.85085297 -0.00561185
1.95604026 40.85085297 -0.08276113
2.01231551 40.85085297 -0.25994700
2.03975391 40.85085297 -0.35149699
2.01621151 40.85085297 -0.42726865
2.14511180 40.85085297 -0.58065182
2.17126155 40.85085297 -0.63882387
2.23232770 40.85085297 -0.83599484
2.26178026 40.85085297 -0.90126175
2.29287696 40.85085297 -0.98488128
2.30996776 40.85085297 -1.09827876
2.36318660 40.85085297 -1.30850792
2.37570357 40.85085297 -1.39591014
2.32142043 40.85085297 -1.48349237
2.26049614 40.85085297 -1.49534869
2.14565825 40.85085297 -1.51056242
2.07558012 40.85085297 -1.50886536
1.83423030 40.85085297 -1.52098489
1.71433473 40.85085297 -1.52953994
1.61765563 40.85085297 -1.53364849
1.51206470 40.85085297 -1.52500916
1.43089616 40.85085297 -1.52387762
1.35309708 40.85085297 -1.52085137
1.28374267 40.85085297 -1.51854777
1.09085286 40.85085297 -1.51204836
1.02502620 40.85085297 -1.52001560
0.94141722 40.85085297 -1.52331519
0.88147193 40.85085297 -1.52875435
0.81255323 40.85085297 -1.53099060
0.73134071 40.85085297 -1.53081024
0.65114707 40.85085297 -1.52295315
0.56868172 40.85085297 -1.51801288
0.48203909 40.85085297 -1.51179993
0.37447092 40.85085297 -1.49898112
0.30216396 40.85085297 -1.50369024
0.17552762 40.85085297 -1.49099386
0.10836384 40.85085297 -1.44220972
-0.01272500 40.85085297 -1.38373613
-0.10213947 40.85085297 -1.28471029
-0.15323263 40.85085297 -1.22113919
-0.22073743 40.85085297 -1.17260551
-0.22703809 40.85085297 -1.06940234
-0.19027559 40.85085297 -0.96162230
-0.18041347 40.85085297 -0.85081792
-0.16233325 40.85085297 -0.78869528
-0.13814366 40.85085297 -0.72998792
-0.13354568 40.85085297 -0.65535665
-0.10948907 40.85085297 -0.54573530
-0.10262344 40.85085297 -0.43863696
-0.09765198 40.85085297 -0.37816077
-0.04693157 40.85085297 -0.28056544
-0.00369020 40.85085297 -0.19229139
0.03934581 40.85085297 -0.10005689
0.06039672 40.85085297 -0.03960582
0.10314491 40.85085297 0.01503166
0.12903510 40.85085297 0.08943126
0.17791927 40.85085297 0.16531676
0.18517849 40.85085297 0.24907516
0.20906410 40.85085297 0.31042939
0.37346163 40.85085297 0.36667258
0.43678197 40.85085297 0.36951059
0.54023582 40.85085297 0.38532868
0.60259134 40.85085297 0.40376127
0.68561012 40.85085297 0.41435853
0.75143498 40.85085297 0.41269073
0.87215459 40.85085297 0.41475993
1.32934475 40.85085297 0.44561195
1.87306917 40.85085297 0.09043746
1.98747599 40.85085297 -0.16115043
2.20293736 40.85085297 -0.74173045
2.31190634 40.85085297 -1.18376398
2.39047909 40.85085297 -1.45511508
1.96509790 40.85085297 -1.50979936
1.17902744 40.85085297 -1.51837730
0.23258932 40.85085297 0.37421429
0.99262232 40.85085297 0.44273630
1.08970451 40.85085297 0.44333109
1.42765498 40.85085297 0.42175561
