-0.03066963 -73.27674103 -0.72644073
0.99015212 -73.27674103 0.56018716
1.06359005 -73.28673553 0.60535651
1.15902472 -73.28673553 0.63330597
1.24737072 -73.28673553 0.65702587
1.33122063 -73.28673553 0.64917523
1.39884603 -73.28673553 0.65459085
1.46262264 -73.28673553 0.66303313
1.61179280 -73.28673553 0.62890178
1.74107492 -73.28673553 0.60390413
1.83440566 -73.28673553 0.59187633
1.88796973 -73.28673553 0.55757642
1.94677615 -73.28673553 0.52891141
2.04103994 -73.28673553 0.53141391
2.08824301 -73.28673553 0.48412073
2.12270427 -73.28673553 0.36366853
2.15308666 -73.28673553 0.29465485
2.17840290 -73.28673553 0.19860537
2.20810103 -73.28673553 -0.06439027
2.23390889 -73.28673553 -0.18151681
2.27845144 -73.28673553 -0.34401113
2.30215955 -73.28673553 -0.41519609
2.31262326 -73.28673553 -0.49997652
2.35414219 -73.28673553 -0.57225758
2.36762333 -73.28673553 -0.64238214
2.37798142 -73.28673553 -0.71379268
2.39078498 -73.28673553 -0.79541433
2.42330098 -73.28673553 -0.88322705
2.43624401 -73.28673553 -0.96940666
2.42911983 -73.28673553 -1.04324579
2.43781567 -73.28673553 -1.13065743
2.43498254 -73.28673553 -1.19839120
2.39614034 -73.28673553 -1.26675451
2.33781886 -73.28673553 -1.38038766
2.24768806 -73.28673553 -1.40586877
2.16821074 -73.28673553 -1.41473532
2.05428529 -73.28673553 -1.43289244
1.97427118 -73.28673553 -1.43701994
1.86117208 -73.28673553 -1.43882239
1.78297234 -73.28673553 -1.44092596
1.66850531 -73.28673553 -1.44189358
1.58552015 -73.28673553 -1.44210255
1.49148881 -73.28673553 -1.45074415
1.40893579 -73.28673553 -1.45142758
1.31151450 -73.28673553 -1.45101285
1.18572962 -73.28673553 -1.44016695
1.07689035 -73.28673553 -1.43127882
0.96585214 -73.28673553 -1.43210471
0.86858720 -73.28673553 -1.42901766
0.79069203 -73.28673553 -1.42173362
0.66310322 -73.28673553 -1.41462231
0.54937351 -73.28673553 -1.40538633
0.45071906 -73.28673553 -1.40458286
0.33737290 -73.28673553 -1.39594865
0.24239525 -73.28673553 -1.37032819
0.19153267 -73.28673553 -1.30643070
0.17613070 -73.28673553 -1.22829688
0.15969341 -73.28673553 -1.16947281
0.15061346 -73.28673553 -1.10023057
0.09367386 -73.28673553 -1.04880130
0.05227906 -73.28673553 -1.00056660
0.00020102 -73.28673553 -0.87720442
-0.00830757 -73.28673553 -0.78180647
-0.05970052 -73.28673553 -0.65324962
-0.05135129 -73.28673553 -0.57119703
-0.03264526 -73.28673553 -0.44673565
-0.03901060 -73.28673553 -0.37165511
-0.05251539 -73.28673553 -0.27711248
-0.04402015 -73.28673553 -0.21477057
-0.03471205 -73.28673553 -0.13603038
-0.02014298 -73.28673553 -0.04984560
0.00591927 -73.28673553 0.00568561
0.05090391 -73.28673553 0.08698555
0.11420374 -73.28673553 0.14687730
0.16166042 -73.28673553 0.22192843
0.24424811 -73.28673553 0.30457190
0.29173964 -73.28673553 0.35551083
0.35501266 -73.28673553 0.39197019
0.42753693 -73.28673553 0.40782025
0.50798237 -73.28673553 0.42157713
0.59047967 -73.28673553 0.43186423
0.66741157 -73.28673553 0.45881629
0.75174052 -73.28673553 0.49863398
0.84995526 -73.28673553 0.52506977
2.18799806 -73.28673553 0.05376152
2.24381042 -73.28673553 -0.24553752
2.39951515 -73.28673553 -1.35839796
0.92304248 -73.28673553 0.54178464
