-0.08785503 39.82086945 -0.55531991
-0.07273037 39.82086945 -0.00714588
0.18797873 39.82086945 0.31255028
0.86987835 39.81087494 0.40358958
0.78027666 39.81087494 -1.52348018
0.69226897 39.81087494 -1.52021396
0.53736335 39.81087494 -1.51212132
0.44476134 39.81087494 -1.50795007
0.35692725 39.81087494 -1.51736379
0.24998902 39.81087494 -1.51382267
0.03927929 39.81087494 -1.50008142
-0.05786793 39.81087494 -1.47037899
-0.17674911 39.81087494 -1.10953319
-0.16734160 39.81087494 -0.99514985
-0.13379459 39.81087494 -0.89289576
-0.11459367 39.81087494 -0.80271184
-0.10021459 39.81087494 -0.72298604
-0.07557860 39.81087494 -0.49695447
-0.14245997 39.81087494 -0.28965804
-0.09551754 39.81087494 -0.06235984
-0.03182669 39.81087494 0.08271448
0.08849902 39.81087494 0.28871572
0.25153908 39.81087494 0.33917797
0.35232112 39.81087494 0.35539970
0.60058492 39.81087494 0.36426079
0.70433068 39.81087494 0.38682896
0.15997003 39.81087494 -1.51692343
-0.14422798 39.81087494 -1.43373787
-0.19796136 39.81087494 -1.32790697
-0.19182445 39.81087494 -1.21583033
-0.11603526 39.81087494 -0.62016988
-0.15231672 39.81087494 -0.35705993
-0.15082739 39.81087494 -0.20763299
-0.13641870 39.81087494 -0.13109560
-0.03099533 39.81087494 0.18572502
0.03471570 39.81087494 0.25443220
0.45992374 39.81087494 0.37880751
0.96865106 39.81087494 0.41882327
1.07144797 39.81087494 0.42945370
1.19949365 39.81087494 0.46176207
1.30343342 39.81087494 0.44617251
1.40263331 39.81087494 0.41559878
1.62647796 39.81087494 0.33966407
1.68336773 39.81087494 0.30813909
1.76429856 39.81087494 0.21924405
1.78646576 39.81087494 0.11364441
1.97774494 39.81087494 -0.16564782
2.12590885 39.81087494 -0.27241579
2.17220616 39.81087494 -0.34900087
2.37938738 39.81087494 -0.64239359
2.45529699 39.81087494 -0.82561529
2.44226408 39.81087494 -0.93421972
2.36007333 39.81087494 -1.27816284
2.33508992 39.81087494 -1.34444976
2.22679305 39.81087494 -1.45665491
2.08754373 39.81087494 -1.50119138
1.87832272 39.81087494 -1.51826179
1.70109344 39.81087494 -1.53079450
1.51778626 39.81087494 -1.52074718
1.37910903 39.81087494 -1.52882683
1.23463738 39.81087494 -1.52787971
1.14429891 39.81087494 -1.51981246
0.93509585 39.81087494 -1.52780211
0.85645360 39.81087494 -1.53050971
2.28700566 39.81087494 -0.50367600
1.87919867 39.81087494 -0.01954347
