1.98257387 39.03089142 0.31419817
2.03858876 39.03089142 0.28013834
2.12620831 39.03089142 0.24207757
2.16570687 39.03089142 0.14803354
2.15315580 39.03089142 0.06416363
2.17384148 39.03089142 -0.09962724
2.18900037 39.03089142 -0.21317458
2.21126056 39.03089142 -0.27853733
2.19886279 39.03089142 -0.37171271
2.19886518 39.03089142 -0.48576131
2.18713784 39.03089142 -0.60012102
2.21190119 39.03089142 -0.68790311
2.16666913 39.03089142 -0.76656908
2.17017269 39.03089142 -0.90644801
2.16129303 39.03089142 -1.00334549
2.15941477 39.03089142 -1.11962330
2.13738370 39.03089142 -1.28733099
2.01057410 39.03089142 -1.41832793
1.98927653 39.03089142 -1.48218942
1.87317789 39.03089142 -1.49270225
1.75438380 39.03089142 -1.51931226
1.61720812 39.03089142 -1.51485825
1.53509903 39.03089142 -1.52262604
1.43345571 39.03089142 -1.52371156
1.35234785 39.03089142 -1.52424753
1.22961354 39.03089142 -1.52262700
1.16380000 39.03089142 -1.52478063
1.02784932 39.03089142 -1.52873397
0.92546666 39.03089142 -1.53332925
0.78966027 39.03089142 -1.53377187
0.67100793 39.03089142 -1.52589548
0.60459900 39.03089142 -1.51778114
0.54370636 39.03089142 -1.51345384
0.47661215 39.03089142 -1.50905848
0.40390444 39.03089142 -1.51393199
0.32831988 39.03089142 -1.51977503
0.26689896 39.03089142 -1.50780797
0.19045001 39.03089142 -1.49513185
0.09295283 39.03089142 -1.46758413
0.07155504 39.03089142 -1.31111407
0.05164939 39.03089142 -1.23228049
0.00950109 39.03089142 -1.17220521
0.00573191 39.03089142 -1.09457433
-0.02548896 39.03089142 -0.98461765
-0.05460458 39.03089142 -0.89291364
-0.08545148 39.03089142 -0.78996754
-0.10702614 39.03089142 -0.69306761
-0.08497816 39.03089142 -0.63511693
-0.07456634 39.03089142 -0.55333585
-0.09316016 39.03089142 -0.42112827
-0.08848994 39.03089142 -0.34668386
-0.05784355 39.03089142 -0.09655759
-0.08833256 39.03089142 -0.00135114
-0.05504011 39.03089142 0.12099183
-0.04549139 39.03089142 0.22645020
-0.01344118 39.03089142 0.30469722
0.06039023 39.03089142 0.44582337
0.10144433 39.03089142 0.51861012
0.14548327 39.03089142 0.57664788
0.21290331 39.03089142 0.62184191
0.31462738 39.03089142 0.62072212
0.40472275 39.03089142 0.64676940
0.58146524 39.03089142 0.69404507
0.70738643 39.03089142 0.66885853
0.81598049 39.03089142 0.69693017
0.90081793 39.03089142 0.71591675
1.00301313 39.03089142 0.70381021
1.16878247 39.03089142 0.68609077
1.25699580 39.03089142 0.67446965
1.32686853 39.03089142 0.64788401
1.39487624 39.03089142 0.59529430
1.55462778 39.03089142 0.56135833
1.61045599 39.03089142 0.51239747
1.69881523 39.03089142 0.49651173
1.76521361 39.03089142 0.46924856
1.81582797 39.03089142 0.40698457
1.91878831 39.03089142 0.34179991
1.49540436 39.03089142 0.64345795
2.16079402 39.03089142 0.00229513
2.10117459 39.03089142 -1.40070403
0.07687319 39.03089142 -1.39155066
-0.07187431 39.03089142 -0.26957792
0.45925191 39.03089142 0.68219972
