0.04020137 41.64083099 -0.03720429
1.60903311 41.64083099 0.33229148
1.71440995 41.63083649 0.25107807
1.78678620 41.63083649 0.19262576
1.87740493 41.63083649 0.06673092
1.94544041 41.63083649 -0.06770637
2.03120184 41.63083649 -0.35487407
2.07599068 41.63083649 -0.55099815
2.06642079 41.63083649 -0.67605627
2.07567096 41.63083649 -0.78697896
2.11030579 41.63083649 -0.95009005
2.12671947 41.63083649 -1.07021296
2.13674355 41.63083649 -1.18364823
2.18125033 41.63083649 -1.29756081
2.14372444 41.63083649 -1.36422837
2.08814764 41.63083649 -1.48879027
1.98907518 41.63083649 -1.52082050
1.81844187 41.63083649 -1.52783835
1.69104600 41.63083649 -1.55338526
1.54260218 41.63083649 -1.52605534
1.44101930 41.63083649 -1.52612317
1.34345019 41.63083649 -1.52325845
1.26842058 41.63083649 -1.52347600
1.18703115 41.63083649 -1.51896226
1.10734153 41.63083649 -1.51500165
0.97604978 41.63083649 -1.53449893
0.83446312 41.63083649 -1.55338061
0.76601893 41.63083649 -1.55657160
0.58318633 41.63083649 -1.54116189
0.52014911 41.63083649 -1.53688741
0.43952042 41.63083649 -1.52403069
0.37810442 41.63083649 -1.51792943
0.22829421 41.63083649 -1.51670635
0.14851998 41.63083649 -1.51459789
0.09392026 41.63083649 -1.47921002
-0.13027482 41.63083649 -1.36980724
-0.16089274 41.63083649 -1.25356114
-0.18504490 41.63083649 -1.19154167
-0.19570060 41.63083649 -1.10551524
-0.18840165 41.63083649 -0.98087126
-0.17927839 41.63083649 -0.88070071
-0.15286693 41.63083649 -0.65495896
-0.13456050 41.63083649 -0.54307032
-0.13482472 41.63083649 -0.45602649
-0.11361831 41.63083649 -0.33837679
-0.10513689 41.63083649 -0.25433600
0.01038784 41.63083649 -0.08868057
0.04604773 41.63083649 0.04313648
0.10537881 41.63083649 0.18528630
0.09092391 41.63083649 0.36437526
0.16378872 41.63083649 0.38653159
0.25111526 41.63083649 0.43065050
0.43055257 41.63083649 0.43328002
0.57514584 41.63083649 0.47622681
0.67604762 41.63083649 0.47612053
0.75880057 41.63083649 0.47321731
0.86336851 41.63083649 0.45380610
0.97399950 41.63083649 0.44668862
1.11264610 41.63083649 0.39877856
1.27289283 41.63083649 0.37548199
1.44436121 41.63083649 0.35555118
1.55314946 41.63083649 0.35281050
-0.06819544 41.63083649 -0.16534172
-0.15894197 41.63083649 -0.72009528
-0.08400688 41.63083649 -1.45152414
0.00522944 41.63083649 -1.46463168
0.66597283 41.63083649 -1.54796028
0.89650536 41.63083649 -1.54553115
2.04969859 41.63083649 -0.42924148
2.03165913 41.63083649 -0.20410345
