0.12998340 14.08141327 -1.31789064
0.73772126 14.08141327 0.62480187
0.46253550 14.07141876 0.56891668
0.41985986 14.07141876 0.46214119
0.37956682 14.07141876 0.39796066
0.34633842 14.07141876 0.31700909
0.26078159 14.07141876 0.21431991
0.18667637 14.07141876 0.11005120
0.10518786 14.07141876 -0.01248370
0.07007471 14.07141876 -0.12163068
0.02165050 14.07141876 -0.26276222
0.01102210 14.07141876 -0.33579889
0.00009021 14.07141876 -0.41724145
-0.00884610 14.07141876 -0.49876535
-0.02279483 14.07141876 -0.59022397
-0.07831759 14.07141876 -0.79910398
-0.09099423 14.07141876 -0.92627293
-0.05913147 14.07141876 -1.08850956
0.18317948 14.07141876 -1.35909998
0.30433157 14.07141876 -1.39370859
0.54059350 14.07141876 -1.39664364
0.65935081 14.07141876 -1.39688087
0.78075218 14.07141876 -1.40481138
0.90958422 14.07141876 -1.42012322
1.07289445 14.07141876 -1.41056192
1.21076751 14.07141876 -1.41617012
1.33267951 14.07141876 -1.41228640
1.55627739 14.07141876 -1.38571048
1.73658490 14.07141876 -1.41486669
1.87556744 14.07141876 -1.40451586
2.08983040 14.07141876 -1.40700996
2.32272696 14.07141876 -1.39390314
2.51000452 14.07141876 -1.23476684
2.39628625 14.07141876 -0.88852417
2.41818881 14.07141876 -0.73694527
2.39698172 14.07141876 -0.60064900
2.35543561 14.07141876 -0.32593125
2.30050921 14.07141876 -0.07318994
2.23195171 14.07141876 0.26899490
2.17753005 14.07141876 0.36810052
2.11609864 14.07141876 0.45887613
1.93474114 14.07141876 0.59909171
1.75381804 14.07141876 0.63389969
1.63577724 14.07141876 0.67472410
1.42661917 14.07141876 0.70751929
1.51255083 14.07141876 0.69566607
1.99828327 14.07141876 0.55185759
2.34344459 14.07141876 0.07817566
2.39256835 14.07141876 -0.44734287
2.47776103 14.07141876 -1.03370333
2.51282954 14.07141876 -1.39380658
1.45367086 14.07141876 -1.41322827
0.97138351 14.07141876 -1.42124605
0.43765929 14.07141876 -1.40324402
-0.07412401 14.07141876 -1.02517796
-0.06729349 14.07141876 -0.68868691
0.05134365 14.07141876 -0.18266575
