1.97208261 -43.63736725 0.65475118
2.07086921 -43.63736725 0.60899550
2.52365637 -43.63736725 -1.33436644
0.85190517 -43.63736725 0.72140574
0.31645671 -43.64736176 -1.43459570
0.15353066 -43.64736176 -1.42241514
0.06148546 -43.64736176 -1.40669000
0.01883425 -43.64736176 -1.34034002
0.40808183 -43.64736176 -1.43864012
-0.00879379 -43.64736176 -1.27741194
1.34110951 -43.64736176 0.81353956
1.56952393 -43.64736176 0.85362065
1.63379884 -43.64736176 0.83889788
1.88275683 -43.64736176 0.70768422
2.00949502 -43.64736176 0.60551202
2.22934055 -43.64736176 0.59177893
2.24861336 -43.64736176 0.53326350
2.28539753 -43.64736176 0.45145032
2.32037163 -43.64736176 0.39075768
2.33171153 -43.64736176 0.32643431
2.44235468 -43.64736176 0.12127521
2.48179460 -43.64736176 0.03371918
2.49668264 -43.64736176 -0.04157982
2.59766126 -43.64736176 -0.35200220
2.57337856 -43.64736176 -0.51583654
2.57768154 -43.64736176 -0.66282219
2.56818652 -43.64736176 -0.81461918
2.58393288 -43.64736176 -0.96473646
2.47958803 -43.64736176 -1.37661791
2.32256150 -43.64736176 -1.43332243
2.13570142 -43.64736176 -1.42186105
1.94355583 -43.64736176 -1.41798127
1.79508209 -43.64736176 -1.41660798
1.65357673 -43.64736176 -1.41680419
1.47263634 -43.64736176 -1.43189025
1.37572277 -43.64736176 -1.43689525
1.23078954 -43.64736176 -1.44289553
1.08567822 -43.64736176 -1.43776321
0.89687383 -43.64736176 -1.44286752
0.75167269 -43.64736176 -1.44381845
0.61794418 -43.64736176 -1.43391335
0.47009191 -43.64736176 -1.44139373
-0.05157178 -43.64736176 -1.17907810
-0.05362140 -43.64736176 -1.00877011
-0.05872405 -43.64736176 -0.85222107
-0.06233850 -43.64736176 -0.70840716
-0.06246240 -43.64736176 -0.57607287
-0.06563883 -43.64736176 -0.45831957
-0.00136997 -43.64736176 -0.31997520
-0.00720365 -43.64736176 -0.20567733
-0.02866242 -43.64736176 -0.02956888
-0.02328306 -43.64736176 0.08426020
0.03412680 -43.64736176 0.17615741
0.07416378 -43.64736176 0.25154516
0.14547518 -43.64736176 0.34161776
0.17317943 -43.64736176 0.51398402
0.16852109 -43.64736176 0.57512379
0.29665402 -43.64736176 0.56533772
0.41909853 -43.64736176 0.58261287
0.47971305 -43.64736176 0.61149043
0.58105361 -43.64736176 0.66900575
0.72220886 -43.64736176 0.70109588
0.79265207 -43.64736176 0.72821969
0.90961200 -43.64736176 0.74361885
0.97963136 -43.64736176 0.75908303
1.28055513 -43.64736176 0.80399412
2.47018981 -43.64736176 -0.14503683
