-0.28482339 -74.31671906 -0.40515688
-0.26921725 -74.31671906 -0.73081845
2.53672671 -74.31671906 -0.71969968
1.81468832 -74.31671906 0.64415401
0.84619272 -74.31671906 0.63730311
2.51608849 -74.32671356 -0.49399698
2.53375602 -74.32671356 -0.64426798
2.54978824 -74.32671356 -0.79938310
2.57642794 -74.32671356 -0.97586983
2.57711029 -74.32671356 -1.10695970
2.38964796 -74.32671356 -1.21714711
2.30697727 -74.32671356 -1.37272882
2.12950540 -74.32671356 -1.41853333
1.96473908 -74.32671356 -1.43348360
1.80095172 -74.32671356 -1.43264079
1.64545858 -74.32671356 -1.41668701
1.53518057 -74.32671356 -1.43261218
1.36173010 -74.32671356 -1.43894815
1.26184845 -74.32671356 -1.43250561
1.08792257 -74.32671356 -1.41097367
0.97888196 -74.32671356 -1.41239834
0.82245380 -74.32671356 -1.40616846
0.61479253 -74.32671356 -1.38278985
0.48132208 -74.32671356 -1.38637006
0.29618293 -74.32671356 -1.37296307
0.14382601 -74.32671356 -1.34026289
0.01227292 -74.32671356 -1.25674713
-0.08707127 -74.32671356 -1.14466417
-0.22173937 -74.32671356 -0.98589998
-0.28992632 -74.32671356 -0.93435425
-0.27918249 -74.32671356 -0.80205971
-0.27543253 -74.32671356 -0.53065431
-0.21265386 -74.32671356 -0.24442014
-0.26244625 -74.32671356 -0.65492463
0.08048521 -74.32671356 -1.32993793
0.73650962 -74.32671356 -1.40056717
1.09003699 -74.32671356 0.61073029
0.94175774 -74.32671356 0.65432310
0.78538823 -74.32671356 0.60230345
0.71496236 -74.32671356 0.62173760
0.64486551 -74.32671356 0.62549990
0.56915176 -74.32671356 0.59637034
0.37076312 -74.32671356 0.62483478
0.46113902 -74.32671356 0.58295536
0.26441094 -74.32671356 0.55984032
0.24217382 -74.32671356 0.46210694
0.17570169 -74.32671356 0.31252009
0.10474953 -74.32671356 0.23802556
0.04569439 -74.32671356 0.15779561
-0.00817230 -74.32671356 0.06863511
-0.15570569 -74.32671356 -0.13610946
2.50562978 -74.32671356 -0.33398998
2.51409078 -74.32671356 -0.17551544
2.51401258 -74.32671356 -0.10189132
2.40627289 -74.32671356 -0.01005189
2.35640216 -74.32671356 0.09142698
2.30428100 -74.32671356 0.19958739
2.22661710 -74.32671356 0.36595023
2.14521432 -74.32671356 0.49153250
2.00622821 -74.32671356 0.60413432
2.07893920 -74.32671356 0.55932295
1.88994324 -74.32671356 0.64055443
1.75673532 -74.32671356 0.66153800
1.64236224 -74.32671356 0.66222489
1.47640026 -74.32671356 0.63938814
1.53919160 -74.32671356 0.65265179
1.41035879 -74.32671356 0.64227623
1.33116615 -74.32671356 0.63613594
1.19265139 -74.32671356 0.62862766
1.25970817 -74.32671356 0.62483126
-0.08059707 -74.32671356 -0.01986527
