-0.09660251 38.00090790 -1.24966311
1.41378319 38.00090790 0.57138556
1.98512530 38.00090790 0.19811536
2.19199872 38.00090790 0.06876734
2.36167049 38.00090790 -0.17414734
2.33883262 38.00090790 -0.34796700
2.31686139 38.00090790 -0.48675367
2.29788399 38.00090790 -0.63103878
2.17128229 38.00090790 -1.15992510
-0.04179483 38.00090790 -0.67672443
-0.00589595 38.00090790 -0.39724472
0.07816752 38.00090790 0.23396014
1.78156149 37.99091339 0.34258336
1.87802124 37.99091339 0.27555326
2.07883501 37.99091339 0.13945556
2.26085520 37.99091339 0.02736281
2.37687254 37.99091339 -0.05910215
2.34809303 37.99091339 -0.28157946
2.32296824 37.99091339 -0.42497367
2.30427766 37.99091339 -0.57004148
2.29042125 37.99091339 -0.72564262
2.20086312 37.99091339 -0.85882646
2.18666244 37.99091339 -1.06645238
2.13511968 37.99091339 -1.38500822
2.16211224 37.99091339 -1.49497449
1.97693872 37.99091339 -1.49189198
1.78974986 37.99091339 -1.51873124
1.60088813 37.99091339 -1.51934791
1.41555274 37.99091339 -1.50146866
1.23840737 37.99091339 -1.49656117
1.11056232 37.99091339 -1.49334896
0.93539822 37.99091339 -1.50361085
0.78953570 37.99091339 -1.51296294
0.62899899 37.99091339 -1.50906801
0.53676426 37.99091339 -1.50535357
0.36364552 37.99091339 -1.48444390
0.13757893 37.99091339 -1.41506219
0.10192154 37.99091339 -1.36673558
-0.10178145 37.99091339 -1.31005192
-0.07833804 37.99091339 -1.19291067
-0.06939961 37.99091339 -1.02237797
-0.05840598 37.99091339 -0.94827688
-0.04755932 37.99091339 -0.73859239
-0.04102187 37.99091339 -0.57427502
-0.03455504 37.99091339 -0.45421678
0.03923534 37.99091339 -0.30856782
0.02505752 37.99091339 -0.23878308
0.01988358 37.99091339 -0.16704562
0.03569915 37.99091339 -0.05045416
0.02817819 37.99091339 0.02726451
0.05442122 37.99091339 0.08781552
0.07055058 37.99091339 0.16964057
0.10779470 37.99091339 0.28965676
0.13885489 37.99091339 0.44851065
0.20891970 37.99091339 0.51099259
0.37120211 37.99091339 0.59299469
0.42370635 37.99091339 0.64875090
0.49922550 37.99091339 0.68681836
0.61744398 37.99091339 0.73993802
0.81481630 37.99091339 0.74332517
1.21194947 37.99091339 0.62795216
1.30375922 37.99091339 0.60195053
1.10928190 37.99091339 0.64277291
1.03427243 37.99091339 0.63560861
1.46945822 37.99091339 0.55053312
1.56868899 37.99091339 0.51086742
1.60753667 37.99091339 0.44257632
1.69457448 37.99091339 0.38195646
2.24450755 37.99091339 -1.01545167
0.16835342 37.99091339 -1.47180831
-0.05232188 37.99091339 -0.83067334
0.00397346 37.99091339 -0.10587518
0.09809403 37.99091339 0.38849300
0.29790148 37.99091339 0.56868142
0.54625463 37.99091339 0.73117948
0.74887031 37.99091339 0.72772002
0.89861691 37.99091339 0.69746351
0.96611595 37.99091339 0.62172824
