0.40487024 -80.55658722 0.78347331
0.27937496 -80.55658722 0.26697084
0.28744605 -80.55658722 -0.05220320
0.26326212 -80.55658722 -0.25913504
0.20463820 -80.55658722 -0.49566156
0.22134323 -80.55658722 -0.66142517
0.18255645 -80.55658722 -0.88400006
0.12382997 -80.55658722 -1.16469610
1.67250240 -80.55658722 -1.49255502
2.95622826 -80.55658722 -1.45392370
3.32056236 -80.55658722 -1.34852731
3.56618071 -80.55658722 -1.22856772
3.74830127 -80.55658722 -1.05662072
3.81565380 -80.55658722 -0.78662956
3.83910275 -80.55658722 -0.53927714
2.97152209 -80.56658173 0.49577099
3.22631645 -80.56658173 0.40219861
3.45594859 -80.56658173 0.27288029
3.84070539 -80.56658173 0.05615044
3.91018987 -80.56658173 -0.15254530
3.90341425 -80.56658173 -0.28181213
3.82094622 -80.56658173 -0.60370088
3.80178881 -80.56658173 -0.96565545
3.65984941 -80.56658173 -1.18516767
3.37991881 -80.56658173 -1.31111431
3.18340492 -80.56658173 -1.42312324
3.02480626 -80.56658173 -1.44924569
2.78711891 -80.56658173 -1.46449590
2.59622860 -80.56658173 -1.45856798
2.39730978 -80.56658173 -1.46377969
2.22844052 -80.56658173 -1.46619225
2.05146670 -80.56658173 -1.47878516
1.73838162 -80.56658173 -1.48815334
1.44596267 -80.56658173 -1.50674856
1.22284067 -80.56658173 -1.50118673
0.98720485 -80.56658173 -1.46630955
0.84201455 -80.56658173 -1.44619727
0.63291383 -80.56658173 -1.43092775
0.48559445 -80.56658173 -1.39793599
0.33726913 -80.56658173 -1.38346040
0.13718806 -80.56658173 -1.30721295
0.11177970 -80.56658173 -1.23173082
0.16349453 -80.56658173 -0.97995132
0.22587770 -80.56658173 -0.72931427
0.20246260 -80.56658173 -0.57355285
0.21447350 -80.56658173 -0.39094928
0.32178548 -80.56658173 -0.11158806
0.24012931 -80.56658173 -0.00859877
0.28146410 -80.56658173 0.16234651
0.32566810 -80.56658173 0.49596778
0.34110743 -80.56658173 0.64313221
0.36865154 -80.56658173 0.71572125
0.46307993 -80.56658173 0.89147431
0.57610106 -80.56658173 1.07595944
0.68184674 -80.56658173 1.11571658
0.74729782 -80.56658173 1.14164138
1.15522075 -80.56658173 1.07107842
1.26582837 -80.56658173 1.10548222
0.98826689 -80.56658173 1.15151608
0.53774011 -80.56658173 1.00693381
0.27167210 -80.56658173 0.33528292
1.31909204 -80.56658173 -1.50675368
1.90281165 -80.56658173 -1.48115599
3.87690544 -80.56658173 -0.38306463
1.69321287 -80.56658173 1.11974144
1.59906137 -80.56658173 1.13008726
1.35921216 -80.56658173 1.14869034
2.84081507 -80.56658173 0.58644253
2.73138976 -80.56658173 0.65887374
2.63928294 -80.56658173 0.73173672
2.45191479 -80.56658173 0.83744651
2.54183888 -80.56658173 0.78703099
2.26972771 -80.56658173 0.94409180
2.36590433 -80.56658173 0.91340226
2.19622540 -80.56658173 0.98405999
2.00071120 -80.56658173 1.06254625
2.10185552 -80.56658173 1.01499128
1.90215337 -80.56658173 1.09571362
1.79804444 -80.56658173 1.13508463
1.46514809 -80.56658173 1.14530504
