1.14880908 25.26117706 0.63260388
2.33286786 25.26117706 -1.08912063
2.32139492 25.26117706 -1.21762311
-0.10071772 25.26117706 -1.05833137
0.16359115 25.26117706 0.70723194
0.44682357 25.26117706 0.69677240
1.21016192 25.25118256 0.63211870
0.97240430 25.25118256 0.63689196
0.85243773 25.25118256 0.61984479
0.76753384 25.25118256 0.61758208
0.66836816 25.25118256 0.63153225
0.53591055 25.25118256 0.65692019
0.38344854 25.25118256 0.71258819
0.26708588 25.25118256 0.68037689
0.15395311 25.25118256 0.64705157
0.13548437 25.25118256 0.49129280
0.11608659 25.25118256 0.35592559
0.12190573 25.25118256 0.21647550
0.10954085 25.25118256 0.08911330
0.06985936 25.25118256 -0.08202679
0.03975058 25.25118256 -0.18134306
-0.02446590 25.25118256 -0.38486058
-0.05882458 25.25118256 -0.46729696
-0.05966746 25.25118256 -0.52954704
-0.07065316 25.25118256 -0.71933651
-0.08855970 25.25118256 -0.79400611
-0.09070890 25.25118256 -0.98223937
-0.11322600 25.25118256 -1.12013698
-0.16482465 25.25118256 -1.29206288
-0.13734643 25.25118256 -1.22414470
-0.17480560 25.25118256 -1.38440621
-0.09367321 25.25118256 -1.40151298
0.06483987 25.25118256 -1.42686927
0.00627566 25.25118256 -1.41079307
0.22215885 25.25118256 -1.43480349
0.15808094 25.25118256 -1.43639922
0.29849899 25.25118256 -1.43820071
0.42486683 25.25118256 -1.44168425
0.53855228 25.25118256 -1.43775761
0.65520793 25.25118256 -1.43815649
0.73901439 25.25118256 -1.43403101
0.83591145 25.25118256 -1.42169952
0.91856396 25.25118256 -1.41721833
1.08620667 25.25118256 -1.43146515
1.16445005 25.25118256 -1.43627834
1.25425911 25.25118256 -1.43546176
1.33375359 25.25118256 -1.44077611
1.46088278 25.25118256 -1.42930818
1.56735361 25.25118256 -1.42836452
1.68756163 25.25118256 -1.42823410
1.84349024 25.25118256 -1.40363503
1.98403800 25.25118256 -1.38504946
2.13783193 25.25118256 -1.35108900
2.28434706 25.25118256 -1.29509890
2.31815004 25.25118256 -1.14854717
2.36542797 25.25118256 -0.97465986
2.34675145 25.25118256 -0.87733102
2.24044299 25.25118256 -0.72449309
2.24194217 25.25118256 -0.61254728
1.64345801 25.25118256 0.60977095
1.51916289 25.25118256 0.63332075
1.42385197 25.25118256 0.62724262
1.31267726 25.25118256 0.62596416
1.05641043 25.25118256 0.63233662
1.70262992 25.25118256 0.59358251
2.24306607 25.25118256 -0.38859877
-0.08451258 25.25118256 -0.86419439
-0.06050428 25.25118256 -0.64072317
0.00563826 25.25118256 -0.28238964
0.08270027 25.25118256 0.02883843
1.76539671 25.25118256 0.57695317
1.84606314 25.25118256 0.57103884
1.91177094 25.25118256 0.41114596
1.96436667 25.25118256 0.36068720
2.08043933 25.25118256 0.22244911
2.13771272 25.25118256 0.02711850
2.16410017 25.25118256 -0.12303104
2.21268630 25.25118256 -0.26971802
