1.50798464 40.34085846 0.38985097
2.00555539 40.34085846 -0.17422155
2.29222941 40.34085846 -0.64711052
2.48870420 40.34085846 -1.01893318
2.55154586 40.34085846 -1.14345264
2.56576109 40.34085846 -1.27483261
-0.23050769 40.34085846 -1.29604053
-0.19894698 40.34085846 -0.76522803
-0.10228066 40.34085846 -0.37785119
-0.02939563 40.34085846 -0.10628942
0.29776758 40.34085846 0.31702784
1.22124493 40.34085846 0.41667575
0.94015425 40.33086395 0.41539067
0.84215480 40.33086395 0.41229305
0.70698869 40.33086395 0.42050958
0.62022567 40.33086395 0.40565082
0.51979327 40.33086395 0.37847105
0.21970573 40.33086395 0.31791535
0.09820525 40.33086395 0.22384611
0.01693020 40.33086395 0.10286286
0.00532887 40.33086395 0.00866019
-0.04931388 40.33086395 -0.18195501
-0.05470078 40.33086395 -0.25625658
-0.11841571 40.33086395 -0.43701920
-0.14736170 40.33086395 -0.54889995
-0.15635796 40.33086395 -0.69009292
-0.20677583 40.33086395 -0.82561940
-0.21578908 40.33086395 -0.95281005
-0.25174403 40.33086395 -1.09087133
-0.26635262 40.33086395 -1.21114945
-0.20469631 40.33086395 -1.35804737
-0.11899623 40.33086395 -1.42218149
0.07153993 40.33086395 -1.49562538
0.01097687 40.33086395 -1.48497045
0.19975001 40.33086395 -1.50862706
0.27080315 40.33086395 -1.50658977
0.37226927 40.33086395 -1.50739288
0.49961424 40.33086395 -1.50937355
0.60807151 40.33086395 -1.51565969
0.72623396 40.33086395 -1.52327192
0.82081681 40.33086395 -1.52403831
0.91096526 40.33086395 -1.52386141
1.08716452 40.33086395 -1.51746011
1.18929958 40.33086395 -1.52422881
1.31379032 40.33086395 -1.52457798
1.40407538 40.33086395 -1.52835512
1.47702765 40.33086395 -1.52715170
1.65546143 40.33086395 -1.54278457
1.76690865 40.33086395 -1.53705955
1.86652040 40.33086395 -1.52879930
2.12349463 40.33086395 -1.51283967
2.30546522 40.33086395 -1.50416219
2.46988392 40.33086395 -1.46185148
2.56804442 40.33086395 -1.20203197
2.52154875 40.33086395 -1.07278848
2.43598676 40.33086395 -0.94019490
2.38119793 40.33086395 -0.82447129
2.32657361 40.33086395 -0.70927882
2.24565172 40.33086395 -0.54487276
2.12147307 40.33086395 -0.47945073
2.02328587 40.33086395 -0.23481715
1.98306823 40.33086395 -0.09159405
1.93545699 40.33086395 -0.00832392
1.83395243 40.33086395 0.12930699
1.76995707 40.33086395 0.18098286
1.75507379 40.33086395 0.27815312
1.67453766 40.33086395 0.36745736
1.56966245 40.33086395 0.39341438
1.42051506 40.33086395 0.38968140
1.29925907 40.33086395 0.41771033
1.15772140 40.33086395 0.41344064
1.06022012 40.33086395 0.41852164
1.88701701 40.33086395 0.05971858
2.08368826 40.33086395 -0.29999527
2.13479710 40.33086395 -0.38560522
2.55699253 40.33086395 -1.35016084
2.54699922 40.33086395 -1.44138217
1.99614167 40.33086395 -1.50912821
1.01547086 40.33086395 -1.50443208
0.12309160 40.33086395 0.33071145
0.39999819 40.33086395 0.32735205
