1.03759789 -43.37737274 -1.44658470
0.87106234 -43.37737274 -1.44663393
0.02152475 -43.37737274 -1.17469037
-0.00885414 -43.37737274 -1.02080786
-0.01647687 -43.37737274 -0.87608176
-0.01457339 -43.37737274 -0.73498344
0.02715622 -43.37737274 -0.58583146
0.04277321 -43.37737274 -0.36117244
0.06636041 -43.37737274 -0.06190171
2.27464700 -43.38736725 -1.42917204
2.07284427 -43.38736725 -1.42157745
1.87170887 -43.38736725 -1.41816545
1.72003090 -43.38736725 -1.42358506
1.61694157 -43.38736725 -1.42083025
1.47433460 -43.38736725 -1.43886423
1.32388020 -43.38736725 -1.44102454
1.12699997 -43.38736725 -1.44343710
0.93230700 -43.38736725 -1.44964468
0.78653008 -43.38736725 -1.44272637
0.67120129 -43.38736725 -1.44029784
0.53505236 -43.38736725 -1.44583189
0.38638198 -43.38736725 -1.43391252
0.23005913 -43.38736725 -1.42432368
0.04836305 -43.38736725 -1.39619482
0.04147882 -43.38736725 -1.24282551
-0.00693103 -43.38736725 -1.08874035
-0.01559197 -43.38736725 -0.94357187
-0.02064195 -43.38736725 -0.80455077
-0.01131279 -43.38736725 -0.66972995
0.05174904 -43.38736725 -0.52639526
0.06567451 -43.38736725 0.03672114
0.06497176 -43.38736725 0.18995783
0.10058221 -43.38736725 0.32553211
1.23225045 -43.38736725 -1.44769323
0.08759551 -43.38736725 -0.40993640
0.07908548 -43.38736725 -0.14495194
0.06123992 -43.38736725 0.26746866
0.12410494 -43.38736725 0.46106786
1.12547863 -43.38736725 0.68919069
1.27371812 -43.38736725 0.68000770
1.36526334 -43.38736725 0.69700938
1.46819031 -43.38736725 0.72661245
1.55038536 -43.38736725 0.73652273
1.69777644 -43.38736725 0.66960061
1.80762601 -43.38736725 0.66021568
1.96443677 -43.38736725 0.71947247
2.20269108 -43.38736725 0.71260285
2.31675339 -43.38736725 0.69091028
2.30302787 -43.38736725 0.60698378
2.31026006 -43.38736725 0.45689765
2.34710121 -43.38736725 0.33745566
2.34268618 -43.38736725 0.25414923
2.42626262 -43.38736725 0.12494414
2.44289827 -43.38736725 0.03305772
2.41219831 -43.38736725 -0.19245832
2.51121449 -43.38736725 -0.32307455
2.52633357 -43.38736725 -0.45305946
2.53351688 -43.38736725 -0.57207298
2.55420423 -43.38736725 -0.74057448
2.59214234 -43.38736725 -0.93405718
2.53464341 -43.38736725 -1.24313855
2.52848601 -43.38736725 -1.38662064
2.46143508 -43.38736725 -1.39728546
0.13623001 -43.38736725 0.52602780
0.16432877 -43.38736725 0.58704025
0.38165829 -43.38736725 0.57165980
0.52041650 -43.38736725 0.58056861
0.64886117 -43.38736725 0.58405310
0.75160438 -43.38736725 0.59986657
0.84289342 -43.38736725 0.64836788
0.98386973 -43.38736725 0.66572881
