2.61350012 51.00063324 -0.51738954
1.13170993 50.99063873 0.57972056
1.19204128 50.99063873 0.60112232
1.02281868 50.99063873 0.58676302
0.94896287 50.99063873 0.57315534
0.85946095 50.99063873 0.51036543
0.65808117 50.99063873 0.46895361
0.71561474 50.99063873 0.48602784
0.50797063 50.99063873 0.44275847
0.57156283 50.99063873 0.47735357
0.43392575 50.99063873 0.43647105
0.36892638 50.99063873 0.42516837
0.27777189 50.99063873 0.30715013
0.22616628 50.99063873 0.24985065
0.20630044 50.99063873 0.18136314
0.15001005 50.99063873 0.07723576
0.09066030 50.99063873 -0.02269981
0.06742503 50.99063873 -0.12850793
0.02233410 50.99063873 -0.27834415
0.03312708 50.99063873 -0.21212663
0.04016102 50.99063873 -0.47115809
0.04540925 50.99063873 -0.40312490
-0.00067118 50.99063873 -0.54950130
-0.01625490 50.99063873 -0.71478611
-0.03244812 50.99063873 -0.78892750
-0.04080428 50.99063873 -0.92401177
0.00713495 50.99063873 -1.04767430
-0.01624513 50.99063873 -0.98627919
0.05321755 50.99063873 -1.26316178
0.05491855 50.99063873 -1.18902433
0.06735329 50.99063873 -1.33556533
0.17250842 50.99063873 -1.40755856
0.35073408 50.99063873 -1.44443202
0.27108362 50.99063873 -1.43028176
0.45261642 50.99063873 -1.47697055
0.60561562 50.99063873 -1.48182678
0.71351033 50.99063873 -1.45623481
0.81398106 50.99063873 -1.46574414
0.88231242 50.99063873 -1.46586418
1.01440465 50.99063873 -1.46705580
1.18983138 50.99063873 -1.47399366
1.12656450 50.99063873 -1.47740638
1.25292277 50.99063873 -1.48506308
1.34296405 50.99063873 -1.48805761
1.43333924 50.99063873 -1.48458850
1.51422822 50.99063873 -1.48902929
1.62405574 50.99063873 -1.48393655
1.72465670 50.99063873 -1.47187912
1.84174371 50.99063873 -1.46373343
1.90891492 50.99063873 -1.46059215
2.03241396 50.99063873 -1.44555199
2.22029018 50.99063873 -1.39264381
2.30776668 50.99063873 -1.36846125
2.46393919 50.99063873 -1.25770390
2.39645863 50.99063873 -1.29198503
2.51416826 50.99063873 -0.96368623
2.48336172 50.99063873 -1.07369697
2.59310126 50.99063873 -0.85403782
2.60841084 50.99063873 -0.65844387
2.65960312 50.99063873 -0.56024611
2.55590391 50.99063873 -0.43618309
2.45399618 50.99063873 -0.20809518
2.49148011 50.99063873 -0.27283332
2.42035818 50.99063873 0.01422515
2.45875192 50.99063873 -0.11094319
2.42824078 50.99063873 0.14301962
2.45152736 50.99063873 0.07331388
2.41304421 50.99063873 0.20738302
2.32702518 50.99063873 0.36034936
2.20318770 50.99063873 0.50242019
2.27873135 50.99063873 0.43517077
1.96554029 50.99063873 0.58853871
2.04992890 50.99063873 0.55920893
1.89954042 50.99063873 0.58873433
1.72045863 50.99063873 0.62051189
1.78763652 50.99063873 0.60422826
1.65749717 50.99063873 0.64363474
1.44326925 50.99063873 0.68908441
1.55968249 50.99063873 0.68043584
1.36624599 50.99063873 0.67495376
1.29635811 50.99063873 0.66205472
2.12730145 50.99063873 0.51135254
2.36879659 50.99063873 0.30597547
2.58489466 50.99063873 -0.79164124
2.46530008 50.99063873 -1.15149117
2.09429288 50.99063873 -1.43712521
0.08638471 50.99063873 -1.39350402
0.29452977 50.99063873 0.38284594
