2.22433043 -38.43747711 0.66639543
2.52533388 -38.43747711 -0.64124799
2.43708992 -38.43747711 -1.11279690
0.19650544 -38.43747711 -1.33303344
0.21438287 -38.43747711 -0.94513232
0.23088795 -38.43747711 -0.62145466
0.43327180 -38.43747711 0.33077863
0.88263202 -38.43747711 0.57160485
1.15997255 -38.44747162 0.65697062
0.76047355 -38.44747162 0.55015123
0.68977565 -38.44747162 0.51990932
0.60005444 -38.44747162 0.44292542
0.36634639 -38.44747162 0.27032205
0.33012435 -38.44747162 0.17207515
0.31199539 -38.44747162 0.06159023
0.30079857 -38.44747162 -0.04403264
0.28146908 -38.44747162 -0.15641163
0.29486597 -38.44747162 -0.29817343
0.24914952 -38.44747162 -0.44127607
0.24534404 -38.44747162 -0.54554838
0.22428909 -38.44747162 -0.69513285
0.21462041 -38.44747162 -0.81143785
0.21202499 -38.44747162 -1.00992072
0.20136900 -38.44747162 -1.12612236
0.20075491 -38.44747162 -1.25320780
0.20959321 -38.44747162 -1.39773273
0.33541375 -38.44747162 -1.44119716
0.47453165 -38.44747162 -1.46993947
0.66031653 -38.44747162 -1.44897497
0.79670203 -38.44747162 -1.43341720
0.91046059 -38.44747162 -1.44408989
0.98615748 -38.44747162 -1.44474626
1.08147585 -38.44747162 -1.43387842
1.16229010 -38.44747162 -1.42812061
1.23378265 -38.44747162 -1.42659724
1.31179881 -38.44747162 -1.42256045
1.40469885 -38.44747162 -1.42380333
1.47124863 -38.44747162 -1.42444873
1.71197093 -38.44747162 -1.41142237
1.85339999 -38.44747162 -1.41569555
1.95710492 -38.44747162 -1.40841937
2.15698242 -38.44747162 -1.39041436
2.28204989 -38.44747162 -1.38553905
2.38017297 -38.44747162 -1.30264449
2.40534520 -38.44747162 -1.20727503
2.46024537 -38.44747162 -1.05155683
2.53710437 -38.44747162 -0.90162462
2.51926565 -38.44747162 -0.76481444
2.52391148 -38.44747162 -0.57822162
2.53050232 -38.44747162 -0.48695898
2.51651859 -38.44747162 -0.38675454
2.51909566 -38.44747162 -0.17607430
2.53284240 -38.44747162 -0.04663264
2.54462361 -38.44747162 0.10072399
2.51350784 -38.44747162 0.23406339
2.38915563 -38.44747162 0.46521157
2.14529276 -38.44747162 0.75215906
1.95408511 -38.44747162 0.77463579
1.80974865 -38.44747162 0.76488185
1.64834654 -38.44747162 0.71761709
1.47970891 -38.44747162 0.68346488
1.40930831 -38.44747162 0.67609757
1.25136173 -38.44747162 0.68143904
2.06218052 -38.44747162 0.75474524
2.49005628 -38.44747162 0.34093946
2.51559567 -38.44747162 -0.31460732
2.51478004 -38.44747162 -1.02631259
2.05888033 -38.44747162 -1.40258801
1.78839195 -38.44747162 -1.41854370
1.54357219 -38.44747162 -1.42513609
