0.07489204 -75.09670258 0.06868784
2.69693518 -75.09670258 -1.18477559
2.10261869 -75.09670258 0.53177148
1.06961143 -75.10669708 0.61523438
1.13676453 -75.10669708 0.61231565
1.00951636 -75.10669708 0.59957343
0.94504195 -75.10669708 0.56342649
0.78812653 -75.10669708 0.50327605
0.86693013 -75.10669708 0.53522658
0.71445942 -75.10669708 0.48516542
0.58362663 -75.10669708 0.47115633
0.64415061 -75.10669708 0.47903949
0.41912186 -75.10669708 0.40410924
0.48543906 -75.10669708 0.44703680
0.32255346 -75.10669708 0.30456313
0.21394086 -75.10669708 0.20061234
0.14424762 -75.10669708 0.11949989
0.02297344 -75.10669708 0.03874385
-0.08585403 -75.10669708 -0.05365045
-0.19278695 -75.10669708 -0.15896617
-0.24663205 -75.10669708 -0.26514581
-0.27916986 -75.10669708 -0.40762526
-0.28182542 -75.10669708 -0.52531976
-0.28539005 -75.10669708 -0.62252384
-0.22711053 -75.10669708 -0.73902053
-0.17742273 -75.10669708 -0.85747862
-0.12430321 -75.10669708 -1.06215525
-0.12899736 -75.10669708 -1.21865535
-0.01219072 -75.10669708 -1.30308890
0.11043955 -75.10669708 -1.36659229
0.25757396 -75.10669708 -1.39864206
0.41152912 -75.10669708 -1.40771306
0.60921258 -75.10669708 -1.39872301
0.47805184 -75.10669708 -1.41348243
0.73747611 -75.10669708 -1.39956391
0.86547852 -75.10669708 -1.40713203
1.03514755 -75.10669708 -1.41570628
0.94160271 -75.10669708 -1.41266906
1.29192388 -75.10669708 -1.43690467
1.20382512 -75.10669708 -1.43006968
1.41323125 -75.10669708 -1.43816960
1.57893622 -75.10669708 -1.43039966
1.49135637 -75.10669708 -1.43487751
1.73564339 -75.10669708 -1.42738056
1.64305782 -75.10669708 -1.42882514
1.81840932 -75.10669708 -1.43019712
1.96589911 -75.10669708 -1.42336154
2.14424372 -75.10669708 -1.42874801
2.31125236 -75.10669708 -1.41538882
2.47786260 -75.10669708 -1.36682260
2.37137818 -75.10669708 -1.40503824
2.61309695 -75.10669708 -1.30064619
2.68799758 -75.10669708 -1.24581945
2.67500520 -75.10669708 -1.12671661
2.71385026 -75.10669708 -0.96525973
2.71903038 -75.10669708 -0.86573321
2.69406271 -75.10669708 -0.72983670
2.68213272 -75.10669708 -0.58733290
2.65897298 -75.10669708 -0.41669306
2.66363764 -75.10669708 -0.50206655
2.62781024 -75.10669708 -0.31846195
2.58632517 -75.10669708 -0.19220610
2.59926033 -75.10669708 -0.26387048
2.52322721 -75.10669708 -0.13039412
2.39019394 -75.10669708 0.06548183
2.44421220 -75.10669708 -0.03564177
2.35533142 -75.10669708 0.12198488
2.31692553 -75.10669708 0.17437926
2.26443863 -75.10669708 0.29465708
2.17660594 -75.10669708 0.42778292
2.23126745 -75.10669708 0.35915250
2.15826440 -75.10669708 0.50026137
1.97475386 -75.10669708 0.65912271
1.92517650 -75.10669708 0.70628351
1.85885346 -75.10669708 0.75769550
1.78037393 -75.10669708 0.76827824
1.64744699 -75.10669708 0.75750011
1.71484172 -75.10669708 0.77061880
1.47738039 -75.10669708 0.71376991
1.38530660 -75.10669708 0.68084610
1.28435731 -75.10669708 0.68260586
1.22323883 -75.10669708 0.66147792
1.55941820 -75.10669708 0.71168280
2.02423787 -75.10669708 0.60737532
2.48735857 -75.10669708 -0.08008587
0.32142827 -75.10669708 0.36988044
