2.33728957 -2.81822968 -0.51164222
2.32475948 -2.81822968 -0.79499871
0.27720192 -2.81822968 -1.06885076
0.23951650 -2.81822968 -0.72293133
0.43022856 -2.81822968 0.20035350
0.89614308 -2.81822968 0.51576030
2.33504915 -2.82822418 -1.24682271
2.29190063 -2.82822418 -1.28914416
2.14676404 -2.82822418 -1.34434426
2.08348322 -2.82822418 -1.34887695
1.94932592 -2.82822418 -1.35714769
1.81920981 -2.82822418 -1.35447693
1.72993815 -2.82822418 -1.35674214
1.56596482 -2.82822418 -1.34393680
1.42235374 -2.82822418 -1.37026942
1.34843731 -2.82822418 -1.37419260
1.27457857 -2.82822418 -1.37003410
1.21254480 -2.82822418 -1.37200141
1.14457548 -2.82822418 -1.36827743
1.07766879 -2.82822418 -1.35765755
1.01154399 -2.82822418 -1.35304761
0.91209739 -2.82822418 -1.37221968
0.84237713 -2.82822418 -1.37311578
0.74138039 -2.82822418 -1.36023962
0.66056693 -2.82822418 -1.34545314
0.54608679 -2.82822418 -1.31360388
0.45440534 -2.82822418 -1.27552140
0.37199995 -2.82822418 -1.27392352
0.32117969 -2.82822418 -1.19878399
0.30059752 -2.82822418 -1.12801671
0.24338153 -2.82822418 -1.01618409
0.21513298 -2.82822418 -0.91096056
0.22749704 -2.82822418 -0.79020482
0.25906324 -2.82822418 -0.62509155
0.26471305 -2.82822418 -0.44258794
0.29410711 -2.82822418 -0.34406096
0.32421881 -2.82822418 -0.21605368
0.33757865 -2.82822418 -0.04335253
0.36905357 -2.82822418 0.04142024
0.39394060 -2.82822418 0.15166092
0.48941615 -2.82822418 0.25937435
0.54521698 -2.82822418 0.37725675
0.60467213 -2.82822418 0.41898367
0.70982075 -2.82822418 0.44305557
0.76421529 -2.82822418 0.49083045
1.50616455 -2.82822418 0.64570594
1.58663619 -2.82822418 0.61816102
1.75307763 -2.82822418 0.56953585
2.23738694 -2.82822418 -0.13660602
1.84213758 -2.82822418 0.45330104
2.11365771 -2.82822418 0.25797275
2.11211467 -2.82822418 0.14571485
2.17007852 -2.82822418 0.04903033
2.20511150 -2.82822418 -0.00846555
2.34149528 -2.82822418 -0.58513099
2.32849193 -2.82822418 -0.64710951
2.31577468 -2.82822418 -0.73098063
2.31388354 -2.82822418 -0.86251038
2.32240558 -2.82822418 -0.99154818
2.23796105 -2.82822418 -1.32941949
1.88032901 -2.82822418 -1.35512996
1.64997506 -2.82822418 -1.35077119
1.49323714 -2.82822418 -1.36049449
0.22050460 -2.82822418 -0.85004598
0.27396753 -2.82822418 -0.50670433
0.51763254 -2.82822418 0.32378837
