1.50957596 -42.33739471 0.59765106
2.47576380 -42.33739471 -0.14630456
0.00235046 -42.33739471 -0.73980498
0.40538669 -42.33739471 0.29301810
1.26082230 -42.34738922 0.63505286
1.44691920 -42.34738922 0.60036969
1.58961380 -42.34738922 0.56360811
1.67203665 -42.34738922 0.55049300
1.74559367 -42.34738922 0.54026979
1.81481302 -42.34738922 0.51434469
1.89757276 -42.34738922 0.50201124
2.02968693 -42.34738922 0.49630508
2.10068035 -42.34738922 0.49731398
2.15852213 -42.34738922 0.47720706
2.26825285 -42.34738922 0.37000564
2.36502957 -42.34738922 0.25328925
2.40039992 -42.34738922 0.16109908
2.43792963 -42.34738922 0.08445681
2.44904566 -42.34738922 0.02470309
2.46102738 -42.34738922 -0.07957936
2.51588750 -42.34738922 -0.25808778
2.53611588 -42.34738922 -0.32671425
2.57508588 -42.34738922 -0.38382396
2.61877584 -42.34738922 -0.51371336
2.63660955 -42.34738922 -0.60236126
2.65237546 -42.34738922 -0.66872835
2.65225863 -42.34738922 -0.74232298
2.66480589 -42.34738922 -0.81165636
2.70725656 -42.34738922 -0.93276745
2.71511412 -42.34738922 -1.00906229
2.62607646 -42.34738922 -1.23825586
2.55051661 -42.34738922 -1.33886588
2.48871040 -42.34738922 -1.37724960
2.41946745 -42.34738922 -1.39125836
2.33273602 -42.34738922 -1.41838801
2.24998593 -42.34738922 -1.41121674
2.14683080 -42.34738922 -1.40481746
2.07924271 -42.34738922 -1.40298414
1.92557323 -42.34738922 -1.41664696
1.85802639 -42.34738922 -1.41833925
1.78724015 -42.34738922 -1.42104793
1.67212856 -42.34738922 -1.42023754
1.54780495 -42.34738922 -1.43049109
1.47716618 -42.34738922 -1.44275856
1.41265786 -42.34738922 -1.44843435
1.34152567 -42.34738922 -1.45035744
1.25284827 -42.34738922 -1.45156097
1.17190182 -42.34738922 -1.44325495
1.07480121 -42.34738922 -1.43358493
0.97823250 -42.34738922 -1.43544507
0.83911735 -42.34738922 -1.43337762
0.70705378 -42.34738922 -1.43433714
0.64533961 -42.34738922 -1.43752778
0.56500411 -42.34738922 -1.44396102
0.47553369 -42.34738922 -1.44714618
0.41003853 -42.34738922 -1.45083773
0.27154931 -42.34738922 -1.40385306
0.21734154 -42.34738922 -1.30053639
0.19261724 -42.34738922 -1.21109450
0.17159234 -42.34738922 -1.11526763
0.15005147 -42.34738922 -1.05120111
0.07457978 -42.34738922 -0.96729916
0.03250458 -42.34738922 -0.87276733
0.03818627 -42.34738922 -0.79093516
-0.05630606 -42.34738922 -0.69893980
-0.11080369 -42.34738922 -0.63777983
-0.07237211 -42.34738922 -0.55707860
-0.03469855 -42.34738922 -0.48416314
-0.01664810 -42.34738922 -0.42220539
0.03755869 -42.34738922 -0.34741998
0.08940975 -42.34738922 -0.28622440
0.13307041 -42.34738922 -0.22587758
0.17448068 -42.34738922 -0.17677446
0.22079647 -42.34738922 -0.07895198
0.30161276 -42.34738922 0.00522380
0.34267253 -42.34738922 0.10398243
0.37744060 -42.34738922 0.16959143
0.47576976 -42.34738922 0.31468073
0.53737217 -42.34738922 0.40076631
0.57299858 -42.34738922 0.45894903
0.63382179 -42.34738922 0.50112486
0.69867533 -42.34738922 0.55957657
0.75819546 -42.34738922 0.60142815
0.85831624 -42.34738922 0.55612558
0.92545837 -42.34738922 0.58799773
0.98634481 -42.34738922 0.59018707
1.09269524 -42.34738922 0.61307293
1.17502904 -42.34738922 0.63435262
1.34037030 -42.34738922 0.61890709
2.68634033 -42.34738922 -1.15998614
0.37432534 -42.34738922 0.23899433
