2.19687200 8.88152313 0.22868393
2.49765873 8.88152313 -0.06869989
0.35947067 8.88152313 -0.89430189
0.38275620 8.88152313 0.15558638
0.48574984 8.88152313 0.35264289
0.90675294 8.88152313 0.54230177
1.06287193 8.88152313 0.55415863
1.47491181 8.87152863 0.52362680
1.37787843 8.87152863 0.55042231
1.26085126 8.87152863 0.59047925
1.00141382 8.87152863 0.53532571
0.84534997 8.87152863 0.52749252
0.70862156 8.87152863 0.48199496
0.59973115 8.87152863 0.44753304
0.45172364 8.87152863 0.30236581
0.40019748 8.87152863 0.22032714
0.36956310 8.87152863 0.09458357
0.36173710 8.87152863 -0.00378907
0.36186427 8.87152863 -0.06941863
0.35997218 8.87152863 -0.20181490
0.34577081 8.87152863 -0.33780560
0.35250142 8.87152863 -0.47366333
0.32918134 8.87152863 -0.55143428
0.31980085 8.87152863 -0.65308714
0.34908557 8.87152863 -0.80744880
0.34187937 8.87152863 -0.74243915
0.33870903 8.87152863 -0.95800680
0.34618387 8.87152863 -1.04997396
0.35466766 8.87152863 -1.15532887
0.36923170 8.87152863 -1.21997726
0.45745039 8.87152863 -1.29659593
0.39327919 8.87152863 -1.28224385
0.57039803 8.87152863 -1.35231674
0.51246923 8.87152863 -1.33599842
0.66465795 8.87152863 -1.36417782
0.79615331 8.87152863 -1.37548804
0.95602357 8.87152863 -1.38211060
1.04885733 8.87152863 -1.40282547
1.12587523 8.87152863 -1.42773688
1.18689585 8.87152863 -1.42701352
1.25685537 8.87152863 -1.42900777
1.32492244 8.87152863 -1.42888641
1.39319217 8.87152863 -1.43093669
1.45873785 8.87152863 -1.42911804
1.53187430 8.87152863 -1.41758060
1.62597895 8.87152863 -1.41998804
1.68996036 8.87152863 -1.42856920
1.76095414 8.87152863 -1.43255699
1.82149065 8.87152863 -1.43036246
1.95823526 8.87152863 -1.41360068
2.12798667 8.87152863 -1.38043988
2.19160008 8.87152863 -1.35859656
2.31968713 8.87152863 -1.36350906
2.39664817 8.87152863 -1.36590183
2.56836748 8.87152863 -1.34765327
2.65547419 8.87152863 -1.26095104
2.69614840 8.87152863 -1.21007156
2.74024296 8.87152863 -1.07751918
2.74939156 8.87152863 -0.95034295
2.72475433 8.87152863 -0.85375589
2.68167281 8.87152863 -0.72975332
2.65579438 8.87152863 -0.65529937
2.63543653 8.87152863 -0.47994727
2.62121534 8.87152863 -0.36860558
2.61275053 8.87152863 -0.26594359
2.57636857 8.87152863 -0.17280641
2.45255399 8.87152863 -0.01453303
2.33128595 8.87152863 0.05224396
2.26087046 8.87152863 0.14583859
2.14409447 8.87152863 0.26956233
2.02939367 8.87152863 0.29410544
1.92801225 8.87152863 0.36683857
1.78624260 8.87152863 0.41183123
1.70958245 8.87152863 0.45268393
1.63945627 8.87152863 0.49470457
2.49687719 8.87152863 -1.37555754
2.05496430 8.87152863 -1.40422654
1.89425194 8.87152863 -1.42577851
0.31323996 8.87152863 -1.11169016
0.34892681 8.87152863 -0.39865696
0.52104324 8.87152863 0.43201473
1.19218087 8.87152863 0.59559220
