0.15604216 60.36043549 -1.29353666
1.01859152 60.36043549 1.10008729
0.12279546 60.35044098 0.02928543
0.05295551 60.35044098 -0.12150364
0.06450306 60.35044098 -0.26469785
0.01388519 60.35044098 -0.44336027
0.06931209 60.35044098 -0.58364475
0.09626707 60.35044098 -0.74405003
0.17067677 60.35044098 -1.10627258
0.14073357 60.35044098 -1.44596398
0.36507529 60.35044098 -1.43444479
0.46298203 60.35044098 -1.45278525
0.13827084 60.35044098 -0.89704168
1.44677174 60.35044098 -1.45810509
1.28902102 60.35044098 -1.46176863
1.13747680 60.35044098 -1.46359956
0.92990398 60.35044098 -1.46744990
0.77238530 60.35044098 -1.47843540
0.56182700 60.35044098 -1.47208655
0.14704978 60.35044098 0.16699181
0.12308165 60.35044098 0.39820814
0.26829541 60.35044098 0.52349138
0.36239856 60.35044098 0.60194784
0.46630859 60.35044098 0.68300217
0.55334330 60.35044098 0.75202072
0.63501799 60.35044098 0.81905967
0.72117299 60.35044098 0.89774078
0.82052684 60.35044098 0.97791952
0.95418280 60.35044098 0.99854875
0.95762306 60.35044098 1.08841419
1.13687849 60.35044098 1.16650128
1.21020246 60.35044098 1.21437109
1.29962206 60.35044098 1.23989928
1.38958848 60.35044098 1.22986925
1.48236585 60.35044098 1.19224000
1.55536795 60.35044098 1.11154532
1.65023613 60.35044098 1.07238328
1.71600688 60.35044098 1.04834187
1.80602801 60.35044098 1.03762531
1.86067092 60.35044098 1.00805604
1.93923366 60.35044098 0.93749630
1.99595797 60.35044098 0.88179946
2.05623436 60.35044098 0.82665855
2.14965367 60.35044098 0.76782000
2.20194697 60.35044098 0.70988059
2.30698943 60.35044098 0.61643487
2.40338159 60.35044098 0.53496766
2.45403457 60.35044098 0.46103537
2.54197073 60.35044098 0.37407309
2.57771754 60.35044098 0.32160500
2.64740610 60.35044098 0.21772517
2.73055339 60.35044098 0.10264371
2.82614064 60.35044098 -0.03138704
2.84856796 60.35044098 -0.11710508
2.87257314 60.35044098 -0.17295155
2.93753338 60.35044098 -0.29268441
2.92069244 60.35044098 -0.37947726
2.86263371 60.35044098 -0.49208817
2.84215069 60.35044098 -0.59914142
2.77386665 60.35044098 -0.66249537
2.72831583 60.35044098 -0.71286154
2.61958313 60.35044098 -0.80023885
2.45469141 60.35044098 -0.89359003
2.40462613 60.35044098 -1.00534606
2.27226973 60.35044098 -1.11653674
2.22452283 60.35044098 -1.16526508
2.14037895 60.35044098 -1.34869158
2.01512861 60.35044098 -1.42453110
1.84219825 60.35044098 -1.44539785
1.59864271 60.35044098 -1.45197690
