0.28473610 15.12139130 0.01078591
0.08804928 15.12139130 -0.95686775
2.60340381 15.12139130 -1.21093106
2.62368512 15.12139130 -0.86275673
2.61898351 15.12139130 -0.00655779
2.54666686 15.12139130 0.41750804
1.30349493 15.11139679 0.84062588
1.12688577 15.11139679 0.79419214
1.19071007 15.11139679 0.81400162
1.05163610 15.11139679 0.77781075
0.95488387 15.11139679 0.72791004
0.87509757 15.11139679 0.71857703
0.80955690 15.11139679 0.71156967
0.71892947 15.11139679 0.69027865
0.63994628 15.11139679 0.65474373
0.56513184 15.11139679 0.60469705
0.47830456 15.11139679 0.57489437
0.40128267 15.11139679 0.55096966
0.40977326 15.11139679 0.48879462
0.36954761 15.11139679 0.40901744
0.34964457 15.11139679 0.47226170
0.30214298 15.11139679 0.25622347
0.37578112 15.11139679 0.32879207
0.30388251 15.11139679 0.15106642
0.29988027 15.11139679 0.08680093
0.25260162 15.11139679 -0.04172215
0.20796850 15.11139679 -0.15518333
0.14582570 15.11139679 -0.26320660
0.10906133 15.11139679 -0.39086449
0.10562258 15.11139679 -0.51159698
0.11741841 15.11139679 -0.64111459
0.14004254 15.11139679 -0.77458048
0.09655944 15.11139679 -1.14802575
0.05930618 15.11139679 -1.01484442
0.11715975 15.11139679 -1.20712507
0.35229489 15.11139679 -1.39303505
0.68113422 15.11139679 -1.40708685
0.53091842 15.11139679 -1.40362370
0.79928678 15.11139679 -1.41012061
0.95062625 15.11139679 -1.41798007
1.11873949 15.11139679 -1.41342902
1.21536505 15.11139679 -1.41676974
1.42836356 15.11139679 -1.41181004
1.57632995 15.11139679 -1.42564309
1.69681346 15.11139679 -1.44575286
1.85306215 15.11139679 -1.43697321
2.01287627 15.11139679 -1.42157674
2.18063617 15.11139679 -1.39914131
2.36518931 15.11139679 -1.38635671
2.53572035 15.11139679 -1.35590196
2.59967113 15.11139679 -1.27215612
2.56910753 15.11139679 -1.07356119
2.62728596 15.11139679 -0.92663068
2.64301276 15.11139679 -0.76198328
2.66599822 15.11139679 -0.53626180
2.68308640 15.11139679 -0.46955603
2.67003369 15.11139679 -0.33006635
2.61725593 15.11139679 -0.06772207
2.61772060 15.11139679 -0.14201701
2.61066794 15.11139679 0.11696907
2.59988475 15.11139679 0.21722068
2.61776805 15.11139679 0.29565379
2.56504011 15.11139679 0.35979399
2.49603462 15.11139679 0.46760672
2.44609261 15.11139679 0.55959547
2.34887552 15.11139679 0.62867057
2.17918968 15.11139679 0.72732925
2.23902917 15.11139679 0.70399815
2.08540225 15.11139679 0.71100265
1.96383893 15.11139679 0.72734469
1.84122491 15.11139679 0.74196714
1.90312374 15.11139679 0.73106343
1.72666430 15.11139679 0.77343941
1.64032364 15.11139679 0.74503893
1.48961711 15.11139679 0.76915628
1.43583870 15.11139679 0.81955904
1.37814343 15.11139679 0.85351837
1.24132097 15.11139679 0.87535930
1.58054090 15.11139679 0.79690331
2.29968429 15.11139679 0.67745811
0.24306776 15.11139679 -1.35396791
