0.98692089 78.29006195 0.57346606
0.91320682 78.29006195 0.54343057
0.84468251 78.29006195 0.51202154
0.73458934 78.29006195 0.51468867
0.57234824 78.29006195 0.50528848
0.66071737 78.29006195 0.50121778
0.47142458 78.29006195 0.47095558
0.25560305 78.29006195 0.48252681
0.21549548 78.29006195 0.39612997
0.18920459 78.29006195 0.27720487
0.12872060 78.29006195 0.12852144
0.10229596 78.29006195 0.03585480
0.04175330 78.29006195 -0.06303931
0.03490379 78.29006195 -0.15871212
0.00601240 78.29006195 -0.34138253
0.03012758 78.29006195 -0.27512622
0.01444986 78.29006195 -0.49768421
-0.00469079 78.29006195 -0.62844008
-0.02977488 78.29006195 -0.76958930
0.06230417 78.29006195 -0.98832434
0.02530281 78.29006195 -0.87532198
0.14597617 78.29006195 -1.26924193
0.07246634 78.29006195 -1.07076180
0.24011268 78.29006195 -1.44229758
0.15863504 78.29006195 -1.41522551
0.34626317 78.29006195 -1.46920359
0.48965916 78.29006195 -1.49340189
0.65989399 78.29006195 -1.50064206
0.78405625 78.29006195 -1.49910581
0.93728822 78.29006195 -1.48645198
1.05917561 78.29006195 -1.49019682
1.17476475 78.29006195 -1.49145496
1.30355191 78.29006195 -1.48729420
1.47362912 78.29006195 -1.49048364
1.60151875 78.29006195 -1.48386455
1.71256316 78.29006195 -1.47016513
1.86135793 78.29006195 -1.46429455
2.02877092 78.29006195 -1.46721041
2.18886971 78.29006195 -1.47112656
2.09108138 78.29006195 -1.47530806
2.30774260 78.29006195 -1.42051554
2.37706327 78.29006195 -1.38159180
2.54050493 78.29006195 -1.25281215
2.64947319 78.29006195 -1.18067384
2.66660476 78.29006195 -0.99614745
2.65456200 78.29006195 -1.09693658
2.67637444 78.29006195 -0.90666634
2.68195772 78.29006195 -0.75602752
2.66404128 78.29006195 -0.82848239
2.71405530 78.29006195 -0.57549375
2.71417999 78.29006195 -0.65575999
2.71574712 78.29006195 -0.39669210
2.71342826 78.29006195 -0.47845376
2.69480681 78.29006195 -0.20959586
2.70169044 78.29006195 -0.27792060
2.64509463 78.29006195 0.01365275
2.65153956 78.29006195 -0.08719141
2.56776452 78.29006195 0.17928159
2.59632063 78.29006195 0.10191087
2.52876878 78.29006195 0.28928569
2.44807911 78.29006195 0.42767626
2.49543786 78.29006195 0.36215636
2.36249590 78.29006195 0.60065675
2.41115856 78.29006195 0.50908267
2.36418390 78.29006195 0.66955376
2.28656745 78.29006195 0.69425106
2.05390310 78.29006195 0.64869070
2.18510151 78.29006195 0.68470913
1.95707524 78.29006195 0.61870944
1.75351989 78.29006195 0.60436070
1.84316742 78.29006195 0.63862342
1.56164443 78.29006195 0.55335969
1.68388665 78.29006195 0.57219285
1.35136569 78.29006195 0.55649859
2.67819929 78.29006195 -0.14526479
