1.47666240 -46.23731232 0.63682723
1.07729626 -46.24730682 -1.44489253
0.95161647 -46.24730682 -1.44370592
0.89057070 -46.24730682 -1.44866979
0.78421259 -46.24730682 -1.43617547
0.71218574 -46.24730682 -1.43196154
0.63049257 -46.24730682 -1.42930710
0.53225416 -46.24730682 -1.43549430
0.40945548 -46.24730682 -1.44983292
0.20854384 -46.24730682 -1.45822251
0.10284323 -46.24730682 -1.45994377
0.03979021 -46.24730682 -1.45199132
-0.11722363 -46.24730682 -1.43762958
-0.17149417 -46.24730682 -1.40547752
-0.14993446 -46.24730682 -1.32432032
-0.17526555 -46.24730682 -1.22249722
-0.15802325 -46.24730682 -1.08857346
-0.15436897 -46.24730682 -1.00330353
-0.07936586 -46.24730682 -0.87569827
-0.08540969 -46.24730682 -0.79689938
-0.06595143 -46.24730682 -0.66587675
-0.06789531 -46.24730682 -0.58423293
-0.07465608 -46.24730682 -0.51161534
-0.06625957 -46.24730682 -0.44741166
-0.03828063 -46.24730682 -0.38949841
-0.02942698 -46.24730682 -0.31519637
-0.00963510 -46.24730682 -0.20738293
-0.00668969 -46.24730682 -0.08191543
-0.01638566 -46.24730682 0.03845084
-0.00578094 -46.24730682 0.12106033
0.00313492 -46.24730682 0.20290588
0.06060613 -46.24730682 0.32559431
0.10616368 -46.24730682 0.38579497
0.13557382 -46.24730682 0.45764804
0.18602224 -46.24730682 0.49512038
0.29385751 -46.24730682 0.51604229
0.36090755 -46.24730682 0.52898020
0.48325226 -46.24730682 0.52879238
0.58616590 -46.24730682 0.56555790
0.67933595 -46.24730682 0.57310218
0.73727530 -46.24730682 0.60442114
0.81212324 -46.24730682 0.59835243
0.92871088 -46.24730682 0.61051625
1.09191239 -46.24730682 0.63315189
1.16056955 -46.24730682 0.61268729
1.24410188 -46.24730682 0.61070442
1.33105326 -46.24730682 0.63846040
1.41646099 -46.24730682 0.63151371
1.58490384 -46.24730682 0.62295270
1.64571428 -46.24730682 0.58293742
1.77476716 -46.24730682 0.54517514
1.87704277 -46.24730682 0.49744204
1.95294821 -46.24730682 0.49851301
2.00140405 -46.24730682 0.45513481
2.08580852 -46.24730682 0.41869298
2.07459188 -46.24730682 0.32412297
2.18226910 -46.24730682 0.20621531
2.20879722 -46.24730682 0.14445662
2.23882389 -46.24730682 0.07318354
2.30098629 -46.24730682 -0.04566254
2.35951614 -46.24730682 -0.16576584
2.40048790 -46.24730682 -0.27519488
2.45735860 -46.24730682 -0.38830402
2.49302697 -46.24730682 -0.45041293
2.53241777 -46.24730682 -0.55424166
2.53728867 -46.24730682 -0.65143371
2.53465343 -46.24730682 -0.75762075
2.52567720 -46.24730682 -0.83643782
2.53901458 -46.24730682 -0.90860748
2.53137875 -46.24730682 -0.98160928
2.48926806 -46.24730682 -1.04973161
2.47376847 -46.24730682 -1.18401706
2.49384904 -46.24730682 -1.25399399
2.40306330 -46.24730682 -1.31565130
2.32693648 -46.24730682 -1.35155809
2.27217007 -46.24730682 -1.38565207
2.18459821 -46.24730682 -1.40364635
2.10468984 -46.24730682 -1.41360223
2.00414729 -46.24730682 -1.40641904
1.92669761 -46.24730682 -1.40683055
1.79945719 -46.24730682 -1.41439950
1.68532312 -46.24730682 -1.42393064
1.58064234 -46.24730682 -1.44034171
1.48024857 -46.24730682 -1.46315026
1.39357769 -46.24730682 -1.44753778
1.32063031 -46.24730682 -1.44644809
1.25162935 -46.24730682 -1.44782460
1.18631220 -46.24730682 -1.44605243
2.14826179 -46.24730682 0.26942602
0.27130082 -46.24730682 -1.45530844
