1.37576997 -45.97731781 -1.45120394
0.55103642 -45.97731781 0.51709592
1.10714400 -45.98731232 -1.44882250
0.99418622 -45.98731232 -1.44116700
0.88519043 -45.98731232 -1.44845438
0.74344027 -45.98731232 -1.43547201
0.67248678 -45.98731232 -1.43196917
0.58810902 -45.98731232 -1.43337739
0.48333248 -45.98731232 -1.44664264
0.36252308 -45.98731232 -1.44962108
0.11442138 -45.98731232 -1.46406353
-0.05078273 -45.98731232 -1.44577467
-0.15183476 -45.98731232 -1.42089403
-0.17032775 -45.98731232 -1.35595214
-0.17207728 -45.98731232 -1.28354204
-0.17004961 -45.98731232 -1.14872277
-0.15796703 -45.98731232 -0.96605301
-0.12017583 -45.98731232 -0.90175766
-0.10971931 -45.98731232 -0.82899809
-0.10610942 -45.98731232 -0.73123568
-0.10252143 -45.98731232 -0.55227572
-0.10447609 -45.98731232 -0.48944327
-0.05350215 -45.98731232 -0.36052841
-0.03497435 -45.98731232 -0.24817440
-0.03096859 -45.98731232 -0.13014348
-0.02585845 -45.98731232 0.00007212
-0.00829332 -45.98731232 0.13690230
0.03670095 -45.98731232 0.26073340
0.14238782 -45.98731232 0.43067017
0.21777104 -45.98731232 0.48474628
0.38057593 -45.98731232 0.51621670
0.49413982 -45.98731232 0.50038695
0.69695204 -45.98731232 0.53059989
0.77885485 -45.98731232 0.57341152
0.89678383 -45.98731232 0.60412103
1.00331986 -45.98731232 0.60351717
1.13123369 -45.98731232 0.61120999
1.26835299 -45.98731232 0.60795504
1.41815531 -45.98731232 0.62332547
1.56622934 -45.98731232 0.62571144
1.62252653 -45.98731232 0.60398114
1.84705639 -45.98731232 0.52932411
1.93044221 -45.98731232 0.50748700
1.97974515 -45.98731232 0.45185748
2.11870694 -45.98731232 0.39186046
2.14307499 -45.98731232 0.33438554
2.22854424 -45.98731232 0.15802817
2.32168245 -45.98731232 -0.01588064
2.36516237 -45.98731232 -0.08852936
2.44502378 -45.98731232 -0.30180147
2.49911165 -45.98731232 -0.38149017
2.55657482 -45.98731232 -0.51400447
2.57217360 -45.98731232 -0.61950016
2.55741882 -45.98731232 -0.70574206
2.54857993 -45.98731232 -0.87268353
2.51571846 -45.98731232 -1.02832282
2.50410414 -45.98731232 -1.20920348
2.45780945 -45.98731232 -1.26294303
2.36374402 -45.98731232 -1.32645881
2.22835040 -45.98731232 -1.39320135
2.04354191 -45.98731232 -1.40671015
1.87682867 -45.98731232 -1.40898526
1.74980640 -45.98731232 -1.41979408
1.61636662 -45.98731232 -1.43200862
1.51674783 -45.98731232 -1.45896399
1.45281374 -45.98731232 -1.45974767
1.31637430 -45.98731232 -1.44897282
1.24795425 -45.98731232 -1.44977033
1.18443978 -45.98731232 -1.44778061
0.81584567 -45.98731232 -1.44285369
0.27478713 -45.98731232 -1.45822561
-0.15434115 -45.98731232 -1.03782284
0.08436913 -45.98731232 0.36288437
