-0.06621316 -51.17720795 -1.11400306
0.23502089 -51.17720795 -1.39749265
-0.18853924 -51.17720795 -0.61133933
0.08019913 -51.17720795 0.53119951
0.68514091 -51.17720795 0.70220309
1.46473956 -51.17720795 0.64134836
0.82429785 -51.18720245 0.74940640
0.74863756 -51.18720245 0.71386260
0.61730152 -51.18720245 0.69043154
0.54072052 -51.18720245 0.66357875
0.44296810 -51.18720245 0.61725044
0.35874623 -51.18720245 0.59374309
0.22470812 -51.18720245 0.57962257
0.29741573 -51.18720245 0.59214300
0.16678573 -51.18720245 0.53808379
0.02446175 -51.18720245 0.49447951
-0.07398881 -51.18720245 0.39098859
-0.07789896 -51.18720245 0.18208444
-0.09637401 -51.18720245 0.27899131
-0.11041986 -51.18720245 0.09765077
-0.15469226 -51.18720245 -0.06014854
-0.19861716 -51.18720245 -0.12182588
-0.21438290 -51.18720245 -0.20591858
-0.26370403 -51.18720245 -0.39384630
-0.25242543 -51.18720245 -0.32318488
-0.21797897 -51.18720245 -0.55704170
-0.24966250 -51.18720245 -0.46480542
-0.15746282 -51.18720245 -0.66823184
-0.12076445 -51.18720245 -0.84912848
-0.17634833 -51.18720245 -0.74617493
-0.05010569 -51.18720245 -0.95023954
-0.06398629 -51.18720245 -1.03249884
-0.03636436 -51.18720245 -1.16741431
0.10543936 -51.18720245 -1.37906635
0.17382991 -51.18720245 -1.39078188
0.31946185 -51.18720245 -1.39942527
0.45517170 -51.18720245 -1.41361368
0.61484182 -51.18720245 -1.41416311
0.52583426 -51.18720245 -1.41374171
0.75449973 -51.18720245 -1.43015122
0.87006485 -51.18720245 -1.43663025
1.05584419 -51.18720245 -1.44114792
0.96799064 -51.18720245 -1.43671918
1.18029809 -51.18720245 -1.44908619
1.32891715 -51.18720245 -1.45159316
1.25250423 -51.18720245 -1.45031714
1.40138733 -51.18720245 -1.45152128
1.59508288 -51.18720245 -1.42746472
1.51612532 -51.18720245 -1.43616295
1.76441085 -51.18720245 -1.41944039
1.68337393 -51.18720245 -1.42115462
1.91116607 -51.18720245 -1.41221511
1.84065497 -51.18720245 -1.41626370
2.10395908 -51.18720245 -1.40215600
2.01880765 -51.18720245 -1.40282714
2.29244995 -51.18720245 -1.37488365
2.21111012 -51.18720245 -1.39114082
2.36775899 -51.18720245 -1.36079860
2.37985206 -51.18720245 -1.21187449
2.40088773 -51.18720245 -1.29787838
2.34542251 -51.18720245 -0.94599730
2.35308218 -51.18720245 -1.02186155
2.32660675 -51.18720245 -0.81480885
2.34390020 -51.18720245 -0.88198811
2.29461098 -51.18720245 -0.70109236
2.26109576 -51.18720245 -0.52995157
2.20937490 -51.18720245 -0.40025145
2.18571210 -51.18720245 -0.21723701
2.19317293 -51.18720245 -0.27835372
2.16181827 -51.18720245 -0.13435501
2.13949966 -51.18720245 -0.05372354
2.12225866 -51.18720245 0.05901997
2.07115650 -51.18720245 0.26695466
1.98754334 -51.18720245 0.46286079
1.84937322 -51.18720245 0.52475113
1.76987946 -51.18720245 0.58217865
1.60483408 -51.18720245 0.61543989
1.52635825 -51.18720245 0.64323664
1.39201570 -51.18720245 0.65819550
1.29229212 -51.18720245 0.67921609
1.21741867 -51.18720245 0.68804419
1.14720571 -51.18720245 0.72612113
1.09236121 -51.18720245 0.75474888
1.01441133 -51.18720245 0.76556885
0.92461532 -51.18720245 0.76465535
0.04766702 -51.18720245 -1.24976957
-0.17360990 -51.18720245 0.04183497
-0.02481408 -51.18720245 0.45470434
2.05156803 -51.18720245 0.37535480
