0.41538927 68.94025421 -1.54061151
-0.19177961 68.94025421 -0.35948041
0.15274802 68.94025421 0.54683363
1.66033697 68.94025421 0.69303030
0.73805463 68.93025970 -1.53502369
0.66526246 68.93025970 -1.53181922
0.57794333 68.93025970 -1.54262888
0.49687460 68.93025970 -1.53751814
0.27921203 68.93025970 -1.51007605
0.18656151 68.93025970 -1.45680547
0.14557399 68.93025970 -1.34923649
0.14087032 68.93025970 -1.27961326
0.14480452 68.93025970 -1.15199578
0.08623181 68.93025970 -1.04705060
-0.01035209 68.93025970 -0.95016009
-0.04125977 68.93025970 -0.86660242
-0.05615814 68.93025970 -0.78812313
-0.14063305 68.93025970 -0.51425898
-0.15592718 68.93025970 -0.45283994
-0.21340656 68.93025970 -0.28592363
-0.14470480 68.93025970 -0.06277872
-0.14157107 68.93025970 0.03160095
-0.08403812 68.93025970 0.18301524
-0.06538662 68.93025970 0.24233077
-0.02271639 68.93025970 0.32568276
0.09164181 68.93025970 0.52932096
0.26211238 68.93025970 0.56889409
0.34064084 68.93025970 0.62169737
0.41248035 68.93025970 0.63597429
0.47359067 68.93025970 0.65673691
0.55124211 68.93025970 0.68633389
0.63800436 68.93025970 0.70429158
0.74838859 68.93025970 0.71942502
0.84214824 68.93025970 0.73475033
0.92225409 68.93025970 0.75294018
1.00798583 68.93025970 0.80937743
1.07831848 68.93025970 0.82368553
1.16630781 68.93025970 0.82465518
1.27206874 68.93025970 0.79466653
1.42580843 68.93025970 0.75079435
1.59809935 68.93025970 0.69319040
1.71515322 68.93025970 0.65008646
1.73410237 68.93025970 0.58825457
1.75734055 68.93025970 0.51295155
1.78864205 68.93025970 0.41945282
1.82137084 68.93025970 0.36801577
1.86246336 68.93025970 0.30108386
1.89853239 68.93025970 0.18123339
1.90209055 68.93025970 0.10638416
1.91517806 68.93025970 0.03470585
1.95170808 68.93025970 -0.10782374
1.99096084 68.93025970 -0.21409845
2.00791645 68.93025970 -0.33526981
1.99401200 68.93025970 -0.45541316
1.98413515 68.93025970 -0.55355573
2.02262378 68.93025970 -0.61540586
2.01871705 68.93025970 -0.75589085
2.00219011 68.93025970 -0.83276755
1.98844731 68.93025970 -0.92028213
1.97829890 68.93025970 -1.06918132
1.95862317 68.93025970 -1.15615511
1.93026459 68.93025970 -1.25075841
1.89059067 68.93025970 -1.30060494
1.82402885 68.93025970 -1.43869710
1.76369989 68.93025970 -1.45694959
1.68098509 68.93025970 -1.47699237
1.61167955 68.93025970 -1.48805928
1.53052568 68.93025970 -1.49926114
1.45897675 68.93025970 -1.49581957
1.38093638 68.93025970 -1.49559188
1.28017521 68.93025970 -1.50345099
1.20147455 68.93025970 -1.50807214
1.13374162 68.93025970 -1.50901020
1.03335357 68.93025970 -1.50603151
0.94451416 68.93025970 -1.49790955
0.85304981 68.93025970 -1.53763115
1.34350550 68.93025970 0.73820752
0.03385972 68.93025970 0.46069711
-0.19882323 68.93025970 -0.21660770
-0.07754261 68.93025970 -0.66248310
0.35532933 68.93025970 -1.54102111
