2.32990956 36.96092987 -0.29972708
1.21362841 36.96092987 0.78048784
1.74688673 36.95093536 0.71081883
1.81717646 36.95093536 0.68852478
1.90757596 36.95093536 0.68201548
2.00343776 36.95093536 0.63794386
2.02036190 36.95093536 0.57116288
2.02731133 36.95093536 0.43828273
2.08869815 36.95093536 0.36955541
2.15956783 36.95093536 0.24151514
2.21316719 36.95093536 0.09824759
2.21497607 36.95093536 -0.01179562
2.22443914 36.95093536 -0.11170271
2.31106973 36.95093536 -0.24038967
2.34480619 36.95093536 -0.37772837
2.33320713 36.95093536 -0.44223222
2.39776945 36.95093536 -0.54844201
2.46591854 36.95093536 -0.64016736
2.45901132 36.95093536 -0.74353760
2.46245003 36.95093536 -0.82340854
2.45595431 36.95093536 -0.90570748
2.43472791 36.95093536 -1.02100730
2.42611217 36.95093536 -1.15329742
2.42667413 36.95093536 -1.34247744
2.42331553 36.95093536 -1.46679699
2.31483579 36.95093536 -1.48403454
2.18033051 36.95093536 -1.49313533
2.06239581 36.95093536 -1.47751153
1.95514405 36.95093536 -1.48108208
1.83285022 36.95093536 -1.49246013
1.76639664 36.95093536 -1.50153661
1.66548741 36.95093536 -1.50775456
1.58911884 36.95093536 -1.49639368
1.48169219 36.95093536 -1.48267710
1.34437108 36.95093536 -1.48106551
1.22644711 36.95093536 -1.47702157
1.13517475 36.95093536 -1.48159921
0.94535798 36.95093536 -1.50137496
0.80260468 36.95093536 -1.50133038
0.67295069 36.95093536 -1.49784267
0.52264762 36.95093536 -1.48551679
0.38326308 36.95093536 -1.47936952
0.23417699 36.95093536 -1.46537495
0.21587382 36.95093536 -1.39801490
0.18527862 36.95093536 -1.19676733
0.14051594 36.95093536 -1.08360553
0.15912251 36.95093536 -0.86874378
0.12030300 36.95093536 -0.75020081
0.13128841 36.95093536 -0.56059766
0.10145582 36.95093536 -0.49717745
0.05826863 36.95093536 -0.37882289
0.06130023 36.95093536 -0.30239025
0.10066832 36.95093536 -0.18296374
0.08805887 36.95093536 -0.06878921
0.06660120 36.95093536 0.03526886
0.08122447 36.95093536 0.19717592
0.07234985 36.95093536 0.28975165
0.12055718 36.95093536 0.42053124
0.17442220 36.95093536 0.53309482
0.19698811 36.95093536 0.60740453
0.30128616 36.95093536 0.69331974
0.38134098 36.95093536 0.69862187
0.44992170 36.95093536 0.74852443
0.52891254 36.95093536 0.75881118
0.65635109 36.95093536 0.79966325
0.71014243 36.95093536 0.83532614
0.77659965 36.95093536 0.80365336
0.85990524 36.95093536 0.76030266
1.14198780 36.95093536 0.79148626
0.22057171 36.95093536 0.66992968
