-0.16588436 83.23995209 -1.42099822
-0.21718012 83.23995209 -1.17020619
-0.26615199 83.23995209 -0.98115319
-0.06262074 83.23995209 -0.07287085
0.12077241 83.23995209 0.26019871
1.12676919 83.23995209 0.60165399
1.34605122 83.22995758 -1.61817217
1.26481926 83.22995758 -1.62579870
1.16601503 83.22995758 -1.62026107
1.09200084 83.22995758 -1.61637866
0.96603185 83.22995758 -1.59230423
0.71705478 83.22995758 -1.59722638
0.65132350 83.22995758 -1.59475803
0.52366728 83.22995758 -1.58838582
0.40342483 83.22995758 -1.59074962
0.30369943 83.22995758 -1.57913470
0.18560944 83.22995758 -1.56609511
0.04484166 83.22995758 -1.56432140
-0.05101610 83.22995758 -1.53972638
-0.21075687 83.22995758 -1.31957996
-0.20460530 83.22995758 -1.24827433
-0.25799370 83.22995758 -0.91568595
-0.27138233 83.22995758 -0.81562352
-0.26067877 83.22995758 -0.64576262
-0.25343212 83.22995758 -0.54415554
-0.22979626 83.22995758 -0.34512404
-0.20221157 83.22995758 -0.24868910
-0.11217784 83.22995758 -0.12382263
0.00856392 83.22995758 0.00706353
0.04621333 83.22995758 0.11871114
0.04908124 83.22995758 0.24659041
0.18896018 83.22995758 0.26637235
0.21139976 83.22995758 0.32545221
0.47441754 83.22995758 0.42063889
0.58026004 83.22995758 0.57057703
1.44480431 83.22995758 -1.60475528
0.80517966 83.22995758 -1.60207689
-0.14010409 83.22995758 -1.49270236
-0.25745597 83.22995758 -1.03969657
-0.24287190 83.22995758 -0.43051052
-0.16178021 83.22995758 -0.17813215
0.30959475 83.22995758 0.43981943
0.66999555 83.22995758 0.59557611
0.90787649 83.22995758 0.69380885
1.06680381 83.22995758 0.60567749
1.61438060 83.22995758 0.64229465
1.72675157 83.22995758 0.61523449
1.86688602 83.22995758 0.60182035
1.94410276 83.22995758 0.57200480
1.98563874 83.22995758 0.45115396
2.06281185 83.22995758 0.30688864
2.05705619 83.22995758 0.16968271
2.03402567 83.22995758 0.00901699
2.04171658 83.22995758 -0.11330976
2.07374334 83.22995758 -0.28040192
2.10628581 83.22995758 -0.36078447
2.14366150 83.22995758 -0.44706193
2.15026617 83.22995758 -0.53988743
2.16877866 83.22995758 -0.70438707
2.16894627 83.22995758 -0.79990631
2.14531612 83.22995758 -0.91525775
2.09767318 83.22995758 -0.98192233
2.03138614 83.22995758 -1.14499974
2.01788473 83.22995758 -1.20791721
2.00546932 83.22995758 -1.39638162
1.96210003 83.22995758 -1.53389132
1.75144613 83.22995758 -1.58929825
1.68816149 83.22995758 -1.57473505
1.55933285 83.22995758 -1.59620297
0.84095299 83.22995758 0.68014348
