0.23094042 -38.17748260 0.07904982
0.16617970 -38.17748260 -0.86357641
2.27410126 -38.17748260 0.71708876
1.58261859 -38.17748260 0.66096526
1.21105349 -38.18747711 0.64666647
1.27908731 -38.18747711 0.65543026
1.41840518 -38.18747711 0.66026264
1.52222896 -38.18747711 0.65575892
1.72427881 -38.18747711 0.66979247
1.85959220 -38.18747711 0.75288647
1.97854853 -38.18747711 0.75502187
2.10108972 -38.18747711 0.73897064
2.33377147 -38.18747711 0.63669169
2.38363099 -38.18747711 0.57843131
2.47287178 -38.18747711 0.40408674
2.50218391 -38.18747711 0.28966972
2.47688031 -38.18747711 0.17664135
2.48225737 -38.18747711 0.03035921
2.50882244 -38.18747711 -0.09397043
2.51803541 -38.18747711 -0.27597138
2.55412412 -38.18747711 -0.40476325
2.59120226 -38.18747711 -0.48251650
2.58289647 -38.18747711 -0.63258302
2.51873875 -38.18747711 -0.87262696
2.48709249 -38.18747711 -0.99973094
2.44104719 -38.18747711 -1.10126805
2.41015077 -38.18747711 -1.21934521
2.38072610 -38.18747711 -1.38361621
2.30088878 -38.18747711 -1.39537096
2.14646935 -38.18747711 -1.40374196
2.03517532 -38.18747711 -1.41626179
1.91902900 -38.18747711 -1.41778195
1.82908726 -38.18747711 -1.42398000
1.73672700 -38.18747711 -1.41650188
1.62258935 -38.18747711 -1.42679477
1.53824413 -38.18747711 -1.42805731
1.43874693 -38.18747711 -1.42407203
1.29117966 -38.18747711 -1.42485142
1.21978688 -38.18747711 -1.42687786
1.10865164 -38.18747711 -1.42809749
0.98345757 -38.18747711 -1.44136631
0.87170219 -38.18747711 -1.43949091
0.74556911 -38.18747711 -1.43727469
0.59852129 -38.18747711 -1.45636582
0.42031172 -38.18747711 -1.46306181
0.29444090 -38.18747711 -1.45147073
0.19757080 -38.18747711 -1.37401128
0.16620083 -38.18747711 -1.16638672
0.16536434 -38.18747711 -1.06374133
0.16194826 -38.18747711 -0.92880934
0.19079272 -38.18747711 -0.78064489
0.23059338 -38.18747711 -0.64806378
0.23709935 -38.18747711 -0.52854937
0.23858915 -38.18747711 -0.35921514
0.22664806 -38.18747711 -0.22592567
0.21994211 -38.18747711 -0.09881157
0.22300921 -38.18747711 0.01927142
0.29765123 -38.18747711 0.12470283
0.34127197 -38.18747711 0.30839148
0.44934732 -38.18747711 0.39186290
0.52342010 -38.18747711 0.44133243
0.62322003 -38.18747711 0.46586099
0.72455913 -38.18747711 0.50421298
0.94267035 -38.18747711 0.57948482
1.05915570 -38.18747711 0.61355096
0.81033605 -38.18747711 0.52531767
0.38164955 -38.18747711 0.39038664
0.16621751 -38.18747711 -1.25604331
2.54845452 -38.18747711 -0.71557176
2.61746335 -38.18747711 -0.56889689
2.48167062 -38.18747711 -0.15067863
2.42292929 -38.18747711 0.49948934
2.21481824 -38.18747711 0.74746138
1.65002048 -38.18747711 0.65234703
1.13558984 -38.18747711 0.64147568
0.88674861 -38.18747711 0.55735970
