2.80039001 17.72133636 -1.28347349
2.81135726 17.72133636 -0.34262496
1.71067965 17.71134186 0.74960941
1.61125696 17.71134186 0.77361286
1.47626483 17.71134186 0.79460973
1.39596546 17.71134186 0.82105386
1.11768925 17.71134186 0.79932421
1.21005559 17.71134186 0.82743919
0.97572011 17.71134186 0.84119743
1.05912209 17.71134186 0.82904488
0.57946539 17.71134186 0.64510423
0.89978790 17.71134186 0.82224137
0.52581096 17.71134186 0.59822708
0.34508321 17.71134186 0.45861936
0.41370994 17.71134186 0.53391385
0.29123926 17.71134186 0.42185426
0.19113605 17.71134186 0.32760468
0.18548100 17.71134186 0.25102881
0.17682178 17.71134186 0.09893551
0.16124088 17.71134186 -0.10139620
0.23407169 17.71134186 -0.32580209
0.20140910 17.71134186 -0.20920233
0.28233245 17.71134186 -0.60582393
0.24102017 17.71134186 -0.40100306
0.25169083 17.71134186 -0.69497460
0.25491813 17.71134186 -0.86509901
0.27725193 17.71134186 -1.00310636
0.29165345 17.71134186 -1.11462784
0.31293821 17.71134186 -1.29354966
0.35560188 17.71134186 -1.35244787
0.63750672 17.71134186 -1.40050042
0.48289999 17.71134186 -1.38566220
0.80585372 17.71134186 -1.41362178
0.95346284 17.71134186 -1.42784810
1.11243510 17.71134186 -1.39812148
1.19262004 17.71134186 -1.40688872
1.29696918 17.71134186 -1.40787470
1.40986872 17.71134186 -1.41013968
1.48045719 17.71134186 -1.40126193
1.58465588 17.71134186 -1.39462280
1.68027985 17.71134186 -1.40429592
1.80746782 17.71134186 -1.40966189
1.91027653 17.71134186 -1.41195762
1.98792195 17.71134186 -1.40963340
2.05936766 17.71134186 -1.40316737
2.13852048 17.71134186 -1.39051867
2.24470091 17.71134186 -1.38861704
2.34951377 17.71134186 -1.39757717
2.46876168 17.71134186 -1.39917123
2.58724904 17.71134186 -1.38100302
2.68883085 17.71134186 -1.33613098
2.76430917 17.71134186 -1.33150733
2.82514024 17.71134186 -1.22812212
2.88485265 17.71134186 -1.14296377
2.92155695 17.71134186 -1.09342170
2.88951182 17.71134186 -0.95403528
2.85448575 17.71134186 -0.84581625
2.89313936 17.71134186 -0.78407216
2.87428236 17.71134186 -0.57528138
2.88668633 17.71134186 -0.71027535
2.77307320 17.71134186 -0.49174148
2.78831720 17.71134186 -0.39813408
2.81992149 17.71134186 -0.27681682
2.83398318 17.71134186 -0.16954207
2.83722496 17.71134186 -0.08407478
2.80757737 17.71134186 -0.01048517
2.75461221 17.71134186 0.12750390
2.74544883 17.71134186 0.25269347
2.63897419 17.71134186 0.47107697
2.69181395 17.71134186 0.38713160
2.47429872 17.71134186 0.53577060
2.57342792 17.71134186 0.50529683
1.84651029 17.71134186 0.71854353
1.77500975 17.71134186 0.74414468
2.32600641 17.71134186 0.57290548
