-0.34459090 -50.39722443 -0.37261775
0.56372464 -50.40721893 0.58559835
0.68585396 -50.40721893 0.60272789
0.71982712 -50.40721893 0.54572839
0.85148472 -50.40721893 0.58030277
0.99478620 -50.40721893 0.62653434
1.14477766 -50.40721893 0.66735768
1.24143469 -50.40721893 0.68983150
1.35597384 -50.40721893 0.67602998
1.46032834 -50.40721893 0.62294310
1.58199215 -50.40721893 0.61317378
1.81005359 -50.40721893 0.53531539
1.89701974 -50.40721893 0.46835032
1.97016132 -50.40721893 0.24187784
2.00259948 -50.40721893 0.11845601
2.02997899 -50.40721893 0.02334458
2.12686563 -50.40721893 -0.13059556
2.16872907 -50.40721893 -0.19626404
2.17626977 -50.40721893 -0.36067340
2.25888658 -50.40721893 -0.51657230
2.29267263 -50.40721893 -0.71182102
2.28294992 -50.40721893 -0.87796187
2.28844714 -50.40721893 -1.02309227
2.31844783 -50.40721893 -1.12605166
2.33215737 -50.40721893 -1.26521194
2.32929039 -50.40721893 -1.36882210
2.15734291 -50.40721893 -1.40742481
1.90693235 -50.40721893 -1.42131174
1.80952644 -50.40721893 -1.42377675
1.56421852 -50.40721893 -1.43120468
1.41971552 -50.40721893 -1.45643270
1.25722146 -50.40721893 -1.45394695
1.09692144 -50.40721893 -1.45227087
0.92574412 -50.40721893 -1.45846868
0.84366059 -50.40721893 -1.46139300
0.72828466 -50.40721893 -1.44902730
0.60843855 -50.40721893 -1.43529403
0.48876432 -50.40721893 -1.42628777
0.37738916 -50.40721893 -1.42412639
0.23515530 -50.40721893 -1.41959333
0.13068844 -50.40721893 -1.40226603
0.04086698 -50.40721893 -1.39316177
-0.06098073 -50.40721893 -1.36479354
-0.22437486 -50.40721893 -1.26889920
-0.26339144 -50.40721893 -1.14872921
-0.28992483 -50.40721893 -1.05341363
-0.30966255 -50.40721893 -0.95157313
-0.35082346 -50.40721893 -0.83362526
-0.35430354 -50.40721893 -0.77260667
-0.36077225 -50.40721893 -0.68351060
-0.35268566 -50.40721893 -0.61636925
-0.35806161 -50.40721893 -0.55400401
-0.35404709 -50.40721893 -0.31382939
-0.38597354 -50.40721893 -0.23714691
-0.40973064 -50.40721893 -0.18094526
-0.42083916 -50.40721893 -0.11244674
-0.37875044 -50.40721893 -0.03807216
-0.32296786 -50.40721893 0.00315780
-0.26867992 -50.40721893 0.04807160
-0.22541468 -50.40721893 0.09942129
-0.15119682 -50.40721893 0.17852691
-0.08702604 -50.40721893 0.24071188
-0.03471340 -50.40721893 0.32594317
0.02269859 -50.40721893 0.38649750
0.08268961 -50.40721893 0.43851244
0.13983366 -50.40721893 0.48023573
0.17528762 -50.40721893 0.52982056
0.23264986 -50.40721893 0.54877859
0.29298559 -50.40721893 0.56750101
0.36740372 -50.40721893 0.50181246
0.43970355 -50.40721893 0.58209139
1.94994915 -50.40721893 0.30778381
-0.35461995 -50.40721893 -0.48606527
