2.38101530 -45.71732330 -0.04251618
0.93991035 -45.71732330 -1.44528890
0.51187956 -45.72731781 -1.44507253
0.40229437 -45.72731781 -1.44897974
0.12599953 -45.72731781 -1.46818328
-0.02747046 -45.72731781 -1.44889271
-0.13217533 -45.72731781 -1.43631041
-0.15830167 -45.72731781 -1.34456253
-0.18352500 -45.72731781 -1.27251840
-0.17040254 -45.72731781 -1.13291085
-0.16156508 -45.72731781 -0.92880261
-0.14635384 -45.72731781 -0.82526511
-0.13261688 -45.72731781 -0.71302503
-0.13715440 -45.72731781 -0.52027559
0.27827340 -45.72731781 -1.46114278
-0.15645620 -45.72731781 -1.02992654
1.55044031 -45.72731781 0.62819529
1.61958170 -45.72731781 0.60152394
1.89692926 -45.72731781 0.52009642
1.96180046 -45.72731781 0.45395809
2.13759995 -45.72731781 0.37590465
2.16349077 -45.72731781 0.31559709
2.25091505 -45.72731781 0.16897376
2.34269691 -45.72731781 0.00916236
2.46751666 -45.72731781 -0.27439684
2.53808665 -45.72731781 -0.38352260
2.57275343 -45.72731781 -0.48768237
2.58922935 -45.72731781 -0.60657001
2.57267213 -45.72731781 -0.66477144
2.56309652 -45.72731781 -0.84263170
2.54831243 -45.72731781 -1.01627874
2.51518512 -45.72731781 -1.19163060
2.46607685 -45.72731781 -1.24339163
2.39420104 -45.72731781 -1.30465400
2.26614594 -45.72731781 -1.38273001
2.07229662 -45.72731781 -1.40709424
1.89309955 -45.72731781 -1.40834117
1.76218200 -45.72731781 -1.41843522
1.64841735 -45.72731781 -1.42413270
1.47511995 -45.72731781 -1.46634316
1.39282882 -45.72731781 -1.45419323
1.31325805 -45.72731781 -1.45136070
1.24463129 -45.72731781 -1.45169079
1.18287158 -45.72731781 -1.44950831
1.11163580 -45.72731781 -1.45041931
1.00698054 -45.72731781 -1.44066131
0.88008857 -45.72731781 -1.44823039
0.81806797 -45.72731781 -1.44600213
0.74739629 -45.72731781 -1.43774235
0.68257654 -45.72731781 -1.43482709
0.60527074 -45.72731781 -1.43530071
-0.06866743 -45.72731781 -0.33202142
-0.04910548 -45.72731781 -0.22788918
-0.05059098 -45.72731781 -0.10637103
-0.03448593 -45.72731781 -0.03840890
-0.01018304 -45.72731781 0.15007612
0.04421049 -45.72731781 0.26582497
0.08657461 -45.72731781 0.35883310
0.14625026 -45.72731781 0.40584886
0.24245466 -45.72731781 0.47635657
0.39980793 -45.72731781 0.50998080
0.50825733 -45.72731781 0.47858760
0.70624864 -45.72731781 0.49571580
0.81744182 -45.72731781 0.54514980
0.92850131 -45.72731781 0.58754551
1.03468275 -45.72731781 0.59273618
1.10397887 -45.72731781 0.60620105
1.28038311 -45.72731781 0.60256940
1.41822135 -45.72731781 0.61388302
