1.70479214 14.60140228 -1.43270218
0.37211519 14.60140228 0.50132364
2.13934588 14.60140228 0.57716644
-0.02934019 14.60140228 -1.01436019
1.40000057 14.59140778 0.74351770
1.45936155 14.59140778 0.71330047
1.71635866 14.59140778 0.66031063
2.06066012 14.59140778 0.56893784
2.25754309 14.59140778 0.44833595
2.30498576 14.59140778 0.39224675
2.41855359 14.59140778 0.31180954
2.46371627 14.59140778 0.25395727
2.48909163 14.59140778 0.05405968
2.51077819 14.59140778 -0.02608041
2.55150056 14.59140778 -0.09482903
2.58982825 14.59140778 -0.15234581
2.62268281 14.59140778 -0.26710284
2.61531878 14.59140778 -0.38546968
2.59890318 14.59140778 -0.65753609
2.57345653 14.59140778 -0.77124095
2.57762194 14.59140778 -0.83908564
2.55173755 14.59140778 -0.95982742
2.51428556 14.59140778 -1.04013014
2.51324654 14.59140778 -1.14292359
2.50264597 14.59140778 -1.35704374
2.38201261 14.59140778 -1.39035666
2.26378965 14.59140778 -1.39682579
2.18418097 14.59140778 -1.39703119
2.10839581 14.59140778 -1.40351033
2.02872062 14.59140778 -1.41251683
1.93726528 14.59140778 -1.42017233
1.87544382 14.59140778 -1.42082751
1.78325844 14.59140778 -1.42820156
1.64393163 14.59140778 -1.42924523
1.56664312 14.59140778 -1.42111111
1.47568548 14.59140778 -1.40795898
1.38835907 14.59140778 -1.40235841
1.27897739 14.59140778 -1.40742612
1.13248110 14.59140778 -1.40964890
1.04634953 14.59140778 -1.41190422
0.96057117 14.59140778 -1.41708565
0.84398484 14.59140778 -1.41018414
0.72858584 14.59140778 -1.40404725
0.58364660 14.59140778 -1.40200150
0.51854479 14.59140778 -1.40026939
0.45799524 14.59140778 -1.40442061
0.38073209 14.59140778 -1.39051342
0.27503806 14.59140778 -1.36230898
0.13616167 14.59140778 -1.22443652
-0.01360583 14.59140778 -1.07675231
-0.01030636 14.59140778 -0.92235261
-0.01506165 14.59140778 -0.85830665
-0.01124308 14.59140778 -0.78620327
-0.00038602 14.59140778 -0.71502846
-0.00300001 14.59140778 -0.64519399
0.01098066 14.59140778 -0.57883954
0.03549295 14.59140778 -0.51725817
0.04698739 14.59140778 -0.40282530
0.04290434 14.59140778 -0.29621577
0.05265858 14.59140778 -0.19018291
0.05293944 14.59140778 -0.09523907
0.09030303 14.59140778 -0.02294316
0.13842753 14.59140778 0.06264754
0.18252754 14.59140778 0.14419998
0.22442733 14.59140778 0.22268319
0.28715152 14.59140778 0.32391128
0.31582531 14.59140778 0.38192639
0.32865396 14.59140778 0.45522222
0.42049295 14.59140778 0.54955345
0.47414839 14.59140778 0.59377897
0.53061801 14.59140778 0.66563636
0.58612913 14.59140778 0.69029772
0.64085627 14.59140778 0.72029126
1.18359220 14.59140778 0.72080874
1.52341378 14.59140778 0.67116332
1.63934374 14.59140778 0.63801056
2.18416882 14.59140778 0.53336525
2.58117104 14.59140778 -0.48895508
2.53998685 14.59140778 -1.28190839
0.71741462 14.59140778 0.72703266
0.79050243 14.59140778 0.72738993
1.29079843 14.59140778 0.71240538
