1.53514874 -72.50675201 0.80865598
1.65001738 -72.50675201 0.77152985
1.72084308 -72.50675201 0.75733334
1.78262997 -72.50675201 0.75690609
1.84989977 -72.50675201 0.74955499
1.94388044 -72.50675201 0.73174369
1.98993528 -72.50675201 0.68599319
2.06258535 -72.50675201 0.57535493
2.09843349 -72.50675201 0.49077255
2.18474078 -72.50675201 0.37224478
2.24736357 -72.50675201 0.15512745
2.24988890 -72.50675201 0.06144265
2.29869699 -72.50675201 -0.05981565
2.32988024 -72.50675201 -0.16576535
2.36105561 -72.50675201 -0.23541202
2.40985394 -72.50675201 -0.32793894
2.45866942 -72.50675201 -0.43539593
2.51879096 -72.50675201 -0.55205065
2.52659440 -72.50675201 -0.69057226
2.53411889 -72.50675201 -0.81730026
2.55575418 -72.50675201 -0.95857400
2.53931355 -72.50675201 -1.11990917
2.55339885 -72.50675201 -1.30586958
2.46253538 -72.50675201 -1.41456020
2.28788018 -72.50675201 -1.42961395
2.11776400 -72.50675201 -1.46057558
1.99271250 -72.50675201 -1.45715976
1.86716962 -72.50675201 -1.45934165
1.73900652 -72.50675201 -1.46237993
1.57534337 -72.50675201 -1.46185815
1.49062514 -72.50675201 -1.46652198
1.36724305 -72.50675201 -1.46123052
1.24084878 -72.50675201 -1.46557605
1.11521804 -72.50675201 -1.44563913
0.98963296 -72.50675201 -1.45281124
0.86204135 -72.50675201 -1.44593728
0.73414105 -72.50675201 -1.43108559
0.60199773 -72.50675201 -1.41562581
0.46042243 -72.50675201 -1.40824080
0.35689527 -72.50675201 -1.38888597
0.22786027 -72.50675201 -1.29507565
0.16055900 -72.50675201 -1.15131474
0.14104387 -72.50675201 -1.01918900
0.12944525 -72.50675201 -0.88522941
0.10954215 -72.50675201 -0.73576093
0.10218005 -72.50675201 -0.62304962
0.10898616 -72.50675201 -0.52329618
0.11987241 -72.50675201 -0.41630128
0.15486005 -72.50675201 -0.26810908
0.19248070 -72.50675201 -0.19528830
0.22808333 -72.50675201 -0.07585707
0.22165354 -72.50675201 0.04277203
0.25687867 -72.50675201 0.14086911
0.29467770 -72.50675201 0.25354671
0.32689622 -72.50675201 0.36745206
0.41830775 -72.50675201 0.49927449
0.43722779 -72.50675201 0.56478238
0.49744079 -72.50675201 0.61035389
0.63051093 -72.50675201 0.60434437
0.74028695 -72.50675201 0.61460298
0.84275860 -72.50675201 0.62947881
0.94954526 -72.50675201 0.67057461
1.03169906 -72.50675201 0.68590564
1.15526438 -72.50675201 0.72299397
1.24633312 -72.50675201 0.78563887
1.32063150 -72.50675201 0.82501894
1.44383812 -72.50675201 0.83230531
2.18219972 -72.50675201 0.24693103
