1.61076188 -27.25771332 0.68405050
2.32699108 -27.25771332 0.38089365
0.39255607 -27.25771332 -1.30748975
0.09593216 -27.25771332 0.09101952
0.98429555 -27.25771332 0.57998377
2.28750491 -27.26770782 0.44417173
2.41247678 -27.26770782 0.26312393
2.42872071 -27.26770782 0.19112356
2.46472216 -27.26770782 0.07603789
2.55176544 -27.26770782 -0.05170342
2.53148270 -27.26770782 -0.24973139
2.55674171 -27.26770782 -0.39988008
2.54082823 -27.26770782 -0.48789018
2.57021117 -27.26770782 -0.66851485
2.53308916 -27.26770782 -0.97833574
2.59988570 -27.26770782 -1.10103273
2.49249959 -27.26770782 -1.29039228
2.44815350 -27.26770782 -1.36860132
2.29214382 -27.26770782 -1.44857192
2.13852787 -27.26770782 -1.44651806
1.91282773 -27.26770782 -1.44241178
1.82554162 -27.26770782 -1.45241082
1.73170066 -27.26770782 -1.44565368
1.64781821 -27.26770782 -1.43415761
1.51174903 -27.26770782 -1.44802666
1.43602741 -27.26770782 -1.44867361
1.35691965 -27.26770782 -1.44867778
1.28809071 -27.26770782 -1.44526434
1.22024953 -27.26770782 -1.43197262
1.09056067 -27.26770782 -1.43617761
1.01383901 -27.26770782 -1.43511200
0.93392372 -27.26770782 -1.43424463
0.82401359 -27.26770782 -1.43500841
0.72081864 -27.26770782 -1.43467104
0.60009640 -27.26770782 -1.43713725
0.47350091 -27.26770782 -1.42864060
0.41506872 -27.26770782 -1.36650097
0.33640629 -27.26770782 -1.22211635
0.31300431 -27.26770782 -1.14739871
0.30282447 -27.26770782 -1.06762028
0.30533978 -27.26770782 -0.95954871
0.31402478 -27.26770782 -0.80247694
0.30494550 -27.26770782 -0.68084699
0.26628077 -27.26770782 -0.62445158
0.26205453 -27.26770782 -0.52705050
0.22449337 -27.26770782 -0.29766262
0.21209656 -27.26770782 -0.23573387
0.13923134 -27.26770782 -0.11521833
0.12597767 -27.26770782 0.02563155
0.07662465 -27.26770782 0.20174059
0.06782716 -27.26770782 0.27041081
0.05441435 -27.26770782 0.42231494
0.12246224 -27.26770782 0.45867941
0.45875305 -27.26770782 0.55137706
0.52715755 -27.26770782 0.56239164
0.65460932 -27.26770782 0.58143586
0.79278547 -27.26770782 0.55971038
0.91766292 -27.26770782 0.55730909
1.10816109 -27.26770782 0.64021987
1.21542990 -27.26770782 0.61091202
1.41978633 -27.26770782 0.69018126
1.54890692 -27.26770782 0.67577732
1.91898906 -27.26770782 0.68145859
2.01869011 -27.26770782 0.66207033
1.36282218 -27.26770782 0.66972864
1.80984950 -27.26770782 0.69983268
2.12400341 -27.26770782 0.62750822
2.23003197 -27.26770782 0.54893476
2.54498601 -27.26770782 -0.12509514
2.58085966 -27.26770782 -0.77023232
2.60330343 -27.26770782 -1.17059135
2.40751100 -27.26770782 -1.41357613
2.02660370 -27.26770782 -1.43991733
1.57630134 -27.26770782 -1.44521296
0.25745180 -27.26770782 -0.45651338
