0.68115497 -50.66721344 0.61406410
0.81687587 -50.66721344 0.61276996
0.87779588 -50.66721344 0.63370293
0.99150288 -50.66721344 0.67016178
1.07602298 -50.66721344 0.66973990
1.16367257 -50.66721344 0.69399136
1.35567677 -50.66721344 0.65444392
1.73638880 -50.66721344 0.53519970
1.92407823 -50.66721344 0.42284626
1.95089686 -50.66721344 0.32969216
1.97799468 -50.66721344 0.26438308
1.99958861 -50.66721344 0.18299133
2.02714324 -50.66721344 0.09047741
2.06271935 -50.66721344 -0.02345766
2.12434602 -50.66721344 -0.12137441
2.15364051 -50.66721344 -0.19735402
2.15694666 -50.66721344 -0.26973146
2.18335152 -50.66721344 -0.34965262
2.22775006 -50.66721344 -0.41576588
2.25536013 -50.66721344 -0.50126386
2.27800012 -50.66721344 -0.59499270
2.29274964 -50.66721344 -0.67904478
2.30302787 -50.66721344 -0.76989651
2.31162548 -50.66721344 -0.92517751
2.34422612 -50.66721344 -1.16092050
2.35161567 -50.66721344 -1.23428535
2.34707642 -50.66721344 -1.33600760
2.26815724 -50.66721344 -1.37017024
2.20861316 -50.66721344 -1.38288891
2.05650949 -50.66721344 -1.40298700
1.94618201 -50.66721344 -1.40902436
1.80105627 -50.66721344 -1.42465055
1.71744561 -50.66721344 -1.42551720
1.57845414 -50.66721344 -1.42482090
1.43390620 -50.66721344 -1.46048260
1.27457619 -50.66721344 -1.45520031
1.11968565 -50.66721344 -1.45338333
0.99947852 -50.66721344 -1.44823527
0.89335048 -50.66721344 -1.44692492
0.75936103 -50.66721344 -1.44968939
0.65273088 -50.66721344 -1.43730724
0.47994143 -50.66721344 -1.42600179
0.32980460 -50.66721344 -1.41551280
0.22363992 -50.66721344 -1.40437162
0.11263009 -50.66721344 -1.39358020
-0.06901477 -50.66721344 -1.35790527
-0.13892709 -50.66721344 -1.31351280
-0.20690049 -50.66721344 -1.27366877
-0.22274356 -50.66721344 -1.18367386
-0.25583363 -50.66721344 -1.08026910
-0.25532407 -50.66721344 -0.93514442
-0.26819363 -50.66721344 -0.86124384
-0.27858156 -50.66721344 -0.75088668
-0.26522163 -50.66721344 -0.65748805
-0.24621123 -50.66721344 -0.56441367
-0.24119642 -50.66721344 -0.47956508
-0.24614009 -50.66721344 -0.36794144
-0.26022545 -50.66721344 -0.30857399
-0.26786405 -50.66721344 -0.24355343
-0.28859708 -50.66721344 -0.18132190
-0.31113750 -50.66721344 -0.08396849
-0.28862253 -50.66721344 0.00340047
-0.20960781 -50.66721344 0.11905963
-0.15635622 -50.66721344 0.18341854
-0.12816264 -50.66721344 0.24026528
-0.09515350 -50.66721344 0.31387776
-0.06504481 -50.66721344 0.41378820
-0.01266511 -50.66721344 0.52697074
0.05100385 -50.66721344 0.54664737
0.14158627 -50.66721344 0.59279394
0.27659282 -50.66721344 0.60642254
0.46912467 -50.66721344 0.59208643
0.60785425 -50.66721344 0.60552406
0.75919849 -50.66721344 0.59541225
1.26091635 -50.66721344 0.68632531
1.85651875 -50.66721344 0.49515778
2.30877852 -50.66721344 -0.84467113
0.02730052 -50.66721344 -1.38498926
0.39419281 -50.66721344 0.56847709
