1.14011109 15.64138031 -1.41359198
1.15753090 15.63138580 0.88169026
1.24030995 15.63138580 0.95424777
1.31012464 15.63138580 0.94893861
1.39092553 15.63138580 0.88360995
1.47592211 15.63138580 0.95107740
1.69059110 15.63138580 0.93449652
1.84561324 15.63138580 0.92438090
1.92556870 15.63138580 0.83087778
2.02514482 15.63138580 0.83786410
2.19421315 15.63138580 0.87237722
2.35132360 15.63138580 0.88522428
2.50737643 15.63138580 0.82737732
2.58677435 15.63138580 0.66859037
2.58890581 15.63138580 0.60739815
2.59863663 15.63138580 0.51304036
2.61915922 15.63138580 0.40811345
2.65260077 15.63138580 0.25143144
2.72356272 15.63138580 0.10197835
2.81300282 15.63138580 -0.02608845
2.84557414 15.63138580 -0.15397796
2.88007951 15.63138580 -0.32870969
2.81680965 15.63138580 -0.45431411
2.79673481 15.63138580 -0.66814405
2.84659553 15.63138580 -0.81048417
2.83297658 15.63138580 -0.89239383
2.74973297 15.63138580 -1.01021683
2.71340108 15.63138580 -1.20721197
2.62435794 15.63138580 -1.36379647
2.45982671 15.63138580 -1.39018822
2.31446147 15.63138580 -1.38233519
2.14881444 15.63138580 -1.38455188
2.04253078 15.63138580 -1.41390693
1.93249714 15.63138580 -1.42441142
1.79774928 15.63138580 -1.43582141
1.69540119 15.63138580 -1.44173551
1.52440858 15.63138580 -1.40573025
1.43518376 15.63138580 -1.42044365
1.33212292 15.63138580 -1.42447448
1.22891819 15.63138580 -1.42138839
1.08043551 15.63138580 -1.40293789
0.93206632 15.63138580 -1.41743505
0.81293243 15.63138580 -1.40564668
0.66579777 15.63138580 -1.40156138
0.52517992 15.63138580 -1.40997875
0.37729383 15.63138580 -1.38063657
0.27614748 15.63138580 -1.31106961
0.16820690 15.63138580 -1.22119427
0.22387761 15.63138580 -1.00852215
0.19361205 15.63138580 -0.83998197
0.22717689 15.63138580 -0.77657622
0.24827412 15.63138580 -0.66711897
0.35321844 15.63138580 -0.53152299
0.28716156 15.63138580 -0.42799449
0.31719524 15.63138580 -0.26599973
0.42405900 15.63138580 -0.16255586
0.41374290 15.63138580 -0.08644032
0.40639782 15.63138580 0.01809430
0.38113803 15.63138580 0.07655643
0.42745921 15.63138580 0.20780313
0.44116366 15.63138580 0.30638555
0.46528885 15.63138580 0.38499463
0.51150608 15.63138580 0.43807805
0.64086270 15.63138580 0.53306884
0.74018544 15.63138580 0.58111107
0.90909356 15.63138580 0.67932779
0.98077738 15.63138580 0.73726398
1.05822492 15.63138580 0.79097354
2.70582509 15.63138580 -1.34066403
