2.37250495 28.12111664 -0.01895316
1.96368349 28.12111664 0.59929001
1.44939101 28.12111664 0.68838716
1.08535373 28.12111664 0.56508690
0.49924633 28.11112213 0.39650753
0.69672477 28.11112213 0.45088419
0.78330529 28.11112213 0.50166911
0.89067471 28.11112213 0.53381360
1.01614201 28.11112213 0.56151694
1.19995821 28.11112213 0.55033749
1.39290774 28.11112213 0.65126944
1.64478838 28.11112213 0.72950643
1.78441048 28.11112213 0.71484596
2.00584984 28.11112213 0.53182656
2.10028386 28.11112213 0.43705004
2.19963121 28.11112213 0.27687529
2.31359577 28.11112213 0.11613742
2.33944774 28.11112213 0.03784030
2.37441683 28.11112213 -0.23200873
2.36165380 28.11112213 -0.32135251
2.36101937 28.11112213 -0.40724772
2.36928487 28.11112213 -0.51271117
2.37508821 28.11112213 -0.66881442
2.38548946 28.11112213 -0.81393147
2.40722799 28.11112213 -1.00286758
2.38485122 28.11112213 -1.10977566
2.39642811 28.11112213 -1.24091995
2.39140511 28.11112213 -1.36903441
2.26988339 28.11112213 -1.39773083
2.14913845 28.11112213 -1.41355395
2.04491591 28.11112213 -1.43794787
1.94328523 28.11112213 -1.45048273
1.84334826 28.11112213 -1.45477116
1.74338102 28.11112213 -1.45880258
1.66147625 28.11112213 -1.44881558
1.56908107 28.11112213 -1.43809652
1.43682218 28.11112213 -1.42265570
1.26430368 28.11112213 -1.42063463
1.17381406 28.11112213 -1.41934657
1.08783853 28.11112213 -1.41542029
0.99625838 28.11112213 -1.42000127
0.86822510 28.11112213 -1.42519927
0.75503427 28.11112213 -1.42311263
0.63041544 28.11112213 -1.42073917
0.49982449 28.11112213 -1.40810192
0.35841823 28.11112213 -1.37885213
0.20245442 28.11112213 -1.33526385
0.20066452 28.11112213 -1.19703603
0.17840280 28.11112213 -1.12276328
0.18172632 28.11112213 -1.03321898
0.19927673 28.11112213 -0.95310056
0.19463831 28.11112213 -0.89202917
0.16624373 28.11112213 -0.81753987
0.14512013 28.11112213 -0.73113948
0.17246999 28.11112213 -0.52961832
0.13067649 28.11112213 -0.41053209
0.15691847 28.11112213 -0.33549276
0.18524498 28.11112213 -0.25056118
0.20450252 28.11112213 -0.17755108
0.26179281 28.11112213 -0.06047866
0.27103031 28.11112213 0.02437665
0.27832538 28.11112213 0.16855322
0.30617964 28.11112213 0.22315820
0.39333597 28.11112213 0.36304930
0.19330837 28.11112213 -0.59407556
1.36481607 28.11112213 -1.42029238
2.38462353 28.11112213 -0.89025819
2.40874195 28.11112213 -0.12068190
2.15235400 28.11112213 0.37156352
1.90985250 28.11112213 0.66033691
1.57786429 28.11112213 0.74565220
1.51338208 28.11112213 0.73492497
1.26845348 28.11112213 0.57214361
0.59501922 28.11112213 0.44695392
