2.21341443 61.40041351 0.01875698
0.64933050 61.39041901 0.59894556
0.58493370 61.39041901 0.54101336
0.52181345 61.39041901 0.50887543
0.44637957 61.39041901 0.48110786
0.30433163 61.39041901 0.36208415
0.21386109 61.39041901 0.32179910
0.18448433 61.39041901 0.23695529
0.12681356 61.39041901 0.08746103
0.09726841 61.39041901 0.00671310
0.08539839 61.39041901 -0.05743043
0.09576657 61.39041901 -0.12622835
0.14557183 61.39041901 -0.29307583
0.09171057 61.39041901 -0.51899874
0.10143334 61.39041901 -0.60310096
0.11254583 61.39041901 -0.78011423
0.10949791 61.39041901 -0.71321762
0.12638299 61.39041901 -0.95312792
0.14087090 61.39041901 -1.20749962
0.13581377 61.39041901 -1.08742774
0.17365707 61.39041901 -1.43464935
0.14425348 61.39041901 -1.34525931
0.33988309 61.39041901 -1.47336161
0.26879132 61.39041901 -1.45461369
0.60631895 61.39041901 -1.50947464
0.52216059 61.39041901 -1.49515593
0.73691761 61.39041901 -1.51270568
0.85946745 61.39041901 -1.50448895
1.03632140 61.39041901 -1.49122918
1.18343449 61.39041901 -1.48786819
1.12345111 61.39041901 -1.48992968
1.26929784 61.39041901 -1.48773408
1.33305836 61.39041901 -1.48345637
1.52630413 61.39041901 -1.47543979
1.42211366 61.39041901 -1.47886884
1.59136641 61.39041901 -1.48763406
1.74125445 61.39041901 -1.47547019
1.94243765 61.39041901 -1.45821464
1.86900055 61.39041901 -1.46857142
2.20337987 61.39041901 -1.30083513
2.16849375 61.39041901 -1.36913371
2.19247127 61.39041901 -1.05737650
2.21034360 61.39041901 -0.96876925
2.23046613 61.39041901 -0.80290979
2.22768402 61.39041901 -0.70126253
2.22490954 61.39041901 -0.59040254
2.21719170 61.39041901 -0.47715938
2.20910358 61.39041901 -0.35662249
2.21869564 61.39041901 -0.17680174
2.19506955 61.39041901 0.14200984
1.64852881 61.39041901 0.62155443
1.52838445 61.39041901 0.64195532
1.26152515 61.39041901 0.64802366
1.01825440 61.39041901 0.66975754
1.10060680 61.39041901 0.67041713
1.19925809 61.39041901 0.65201145
1.36590970 61.39041901 0.64709234
2.17245030 61.39041901 0.25080767
2.22916698 61.39041901 -0.05772679
2.23927951 61.39041901 -0.88226402
2.20654750 61.39041901 -1.23855269
2.12384152 61.39041901 -1.43349397
2.06440568 61.39041901 -1.44916141
0.12660305 61.39041901 -1.27630866
0.12765679 61.39041901 -0.42514014
0.12960047 61.39041901 -0.23134683
0.11150671 61.39041901 0.14586726
0.07932216 61.39041901 0.20170920
0.71664202 61.39041901 0.66234308
0.80873579 61.39041901 0.68664134
0.91270983 61.39041901 0.68095428
1.95540869 61.39041901 0.64538705
2.05966640 61.39041901 0.58528787
2.10157061 61.39041901 0.53065091
2.13473630 61.39041901 0.45561162
2.14519787 61.39041901 0.36284849
1.76684594 61.39086914 0.59692383
