1.01000345 -37.13750458 0.56292796
0.00052344 -37.13750458 -1.24554372
1.75594854 -37.13750458 -1.42062545
2.64312792 -37.13750458 -0.56000644
0.08444260 -37.13750458 0.33575678
1.48775196 -37.14749908 0.59045780
1.33990824 -37.14749908 0.61446220
1.42576301 -37.14749908 0.60480243
1.19338608 -37.14749908 0.57533634
1.27118039 -37.14749908 0.60875118
1.13001132 -37.14749908 0.57642472
1.06945455 -37.14749908 0.57213849
0.94824964 -37.14749908 0.56618851
0.81586194 -37.14749908 0.54646796
0.69683903 -37.14749908 0.55240858
0.49001479 -37.14749908 0.52489382
0.62452275 -37.14749908 0.55109483
0.42645356 -37.14749908 0.52256554
0.35082090 -37.14749908 0.48624423
0.14878169 -37.14749908 0.37548423
0.28351170 -37.14749908 0.45366830
0.04264077 -37.14749908 0.29147318
-0.04364450 -37.14749908 0.14552526
0.02295732 -37.14749908 0.23276101
-0.05059475 -37.14749908 0.07972130
-0.08495791 -37.14749908 -0.14092225
-0.07641204 -37.14749908 -0.06606684
-0.08147626 -37.14749908 -0.24948636
-0.10291806 -37.14749908 -0.40546438
-0.09496366 -37.14749908 -0.32718971
-0.09753171 -37.14749908 -0.47089452
-0.08158410 -37.14749908 -0.63046491
-0.05778078 -37.14749908 -0.81933099
-0.08136734 -37.14749908 -0.73055369
-0.05548094 -37.14749908 -0.88635945
-0.03315991 -37.14749908 -1.01161063
-0.02264381 -37.14749908 -1.13906109
0.00856058 -37.14749908 -1.30508947
0.04762263 -37.14749908 -1.39025664
0.20109864 -37.14749908 -1.46550894
0.09670518 -37.14749908 -1.42827690
0.33160275 -37.14749908 -1.47658157
0.46787080 -37.14749908 -1.48582876
0.59616244 -37.14749908 -1.47100592
0.70781469 -37.14749908 -1.45535254
0.79814082 -37.14749908 -1.45357776
0.91156578 -37.14749908 -1.45125628
0.98059517 -37.14749908 -1.45646644
1.05477047 -37.14749908 -1.45543301
1.16267073 -37.14749908 -1.44050086
1.30912757 -37.14749908 -1.44002450
1.23172784 -37.14749908 -1.44001484
1.37978160 -37.14749908 -1.43747783
1.44935405 -37.14749908 -1.44017303
1.54384673 -37.14749908 -1.43872523
1.61832130 -37.14749908 -1.43216038
1.69473231 -37.14749908 -1.42162037
1.81946659 -37.14749908 -1.42350411
1.93298078 -37.14749908 -1.42116678
2.06549406 -37.14749908 -1.41832137
2.23962212 -37.14749908 -1.41691911
2.13816428 -37.14749908 -1.41664207
2.32116890 -37.14749908 -1.40020776
2.40182352 -37.14749908 -1.38928306
2.48433375 -37.14749908 -1.22844565
2.45886850 -37.14749908 -1.29986298
2.50119615 -37.14749908 -1.10086751
2.55239344 -37.14749908 -0.92731833
2.51648164 -37.14749908 -1.00235558
2.60553312 -37.14749908 -0.77869344
2.58298159 -37.14749908 -0.85437268
2.64453459 -37.14749908 -0.62103456
2.65880799 -37.14749908 -0.50246483
2.67422652 -37.14749908 -0.40709877
2.58352208 -37.14749908 -0.14719826
2.52180839 -37.14749908 -0.00882536
2.45385551 -37.14749908 0.12806521
2.48462343 -37.14749908 0.06321222
2.33049679 -37.14749908 0.34672230
2.40947962 -37.14749908 0.23556596
2.24677873 -37.14749908 0.38338539
2.02655292 -37.14749908 0.48370609
2.18570614 -37.14749908 0.41101065
1.81223273 -37.14749908 0.53363264
1.88285542 -37.14749908 0.54664606
1.63022852 -37.14749908 0.55941921
1.73111367 -37.14749908 0.54270756
1.56961334 -37.14749908 0.56841469
2.62692523 -37.14749908 -0.29497510
