0.20871823 -44.41735077 0.34117818
0.90861684 -44.41735077 -1.44101954
0.88132006 -44.42734528 0.86722052
0.94280535 -44.42734528 0.87425840
0.79323661 -44.42734528 0.82322288
0.70901287 -44.42734528 0.77286732
0.59194493 -44.42734528 0.72381693
0.48617426 -44.42734528 0.59072071
0.34863022 -44.42734528 0.50831151
0.42273426 -44.42734528 0.56109899
0.23375896 -44.42734528 0.43140432
0.29871380 -44.42734528 0.46288428
0.17979226 -44.42734528 0.28732452
0.16161305 -44.42734528 0.12381617
0.10702269 -44.42734528 -0.11564303
0.07114276 -44.42734528 -0.04348554
-0.04414706 -44.42734528 -0.25210351
0.03519271 -44.42734528 -0.17026852
-0.07989823 -44.42734528 -0.39283580
-0.08103436 -44.42734528 -0.30974528
-0.09537090 -44.42734528 -0.45260450
-0.14302260 -44.42734528 -0.57566893
-0.10774798 -44.42734528 -0.82315588
-0.14580669 -44.42734528 -0.65931153
-0.08893797 -44.42734528 -1.02436030
-0.08086370 -44.42734528 -0.90737396
-0.05782466 -44.42734528 -1.20064104
-0.07783002 -44.42734528 -1.08974195
-0.04788366 -44.42734528 -1.27615249
-0.02125746 -44.42734528 -1.41150284
0.15392615 -44.42734528 -1.45072949
0.03710644 -44.42734528 -1.43703699
0.35505855 -44.42734528 -1.44890296
0.23505011 -44.42734528 -1.45259595
0.54035270 -44.42734528 -1.44629169
0.42756650 -44.42734528 -1.45380509
0.69368237 -44.42734528 -1.44085670
0.61283344 -44.42734528 -1.43945301
0.84919417 -44.42734528 -1.44141495
0.75978005 -44.42734528 -1.44210458
1.00865448 -44.42734528 -1.44222343
1.12169755 -44.42734528 -1.44385648
1.25026774 -44.42734528 -1.44673347
1.18600631 -44.42734528 -1.44913173
1.39376163 -44.42734528 -1.44229031
1.32692194 -44.42734528 -1.44439578
1.55846226 -44.42734528 -1.42677653
1.72462356 -44.42734528 -1.41493142
1.65612602 -44.42734528 -1.41631866
1.85674763 -44.42734528 -1.41069818
1.79114449 -44.42734528 -1.41282642
2.00607491 -44.42734528 -1.41014791
1.93132401 -44.42734528 -1.40952122
2.15509319 -44.42734528 -1.41184831
2.08417106 -44.42734528 -1.40869296
2.28975320 -44.42734528 -1.40747678
2.22545648 -44.42734528 -1.41762626
2.36892033 -44.42734528 -1.38108432
2.42014551 -44.42734528 -1.34744251
2.49566817 -44.42734528 -1.11847103
2.50266123 -44.42734528 -1.22133648
2.48878360 -44.42734528 -0.95935506
2.50437474 -44.42734528 -1.05383408
2.44983029 -44.42734528 -0.76970625
2.45445204 -44.42734528 -0.83950371
2.46028543 -44.42734528 -0.70480806
2.47762012 -44.42734528 -0.55038631
2.50468516 -44.42734528 -0.34049800
2.49645090 -44.42734528 -0.43168983
2.44609523 -44.42734528 -0.24409041
2.45514822 -44.42734528 -0.18004376
2.46232247 -44.42734528 -0.11018343
2.43284035 -44.42734528 0.03511003
2.45507741 -44.42734528 -0.04986439
2.43816543 -44.42734528 0.13095783
2.38599253 -44.42734528 0.23742327
2.34363842 -44.42734528 0.28086597
2.26904964 -44.42734528 0.39952406
2.30088902 -44.42734528 0.34762827
2.21282148 -44.42734528 0.48525485
2.19718814 -44.42734528 0.63385671
2.18786621 -44.42734528 0.57173234
2.18179727 -44.42734528 0.72900581
2.09734750 -44.42734528 0.79372740
2.03971291 -44.42734528 0.81103939
1.94772410 -44.42734528 0.83416182
1.85016537 -44.42734528 0.85273153
1.75689876 -44.42734528 0.86703175
1.67455244 -44.42734528 0.87330848
1.59314179 -44.42734528 0.87381864
1.51379740 -44.42734528 0.87160075
1.35249317 -44.42734528 0.87163562
1.43091309 -44.42734528 0.86181146
1.25715160 -44.42734528 0.88074630
1.17717946 -44.42734528 0.85582554
1.08850241 -44.42734528 0.88073438
1.01701677 -44.42734528 0.89384532
0.20499772 -44.42734528 0.18224975
0.51891536 -44.42734528 0.66941851
