1.00907636 -57.41707611 -1.44364095
2.03586555 -57.41707611 -1.40442705
2.47763491 -57.41707611 -0.44469574
1.18148053 -57.42707062 0.66837400
1.13120866 -57.42707062 0.60872716
1.03816223 -57.42707062 0.65439707
0.96897191 -57.42707062 0.65278214
0.89156991 -57.42707062 0.66371757
0.79493266 -57.42707062 0.62413102
0.68891096 -57.42707062 0.63346452
0.54335451 -57.42707062 0.62291151
0.61337852 -57.42707062 0.61219221
0.47867167 -57.42707062 0.46059656
0.50282300 -57.42707062 0.53021544
0.40974316 -57.42707062 0.28077093
0.45640254 -57.42707062 0.38730785
0.33371997 -57.42707062 0.22024257
0.28022486 -57.42707062 0.12851106
0.16263004 -57.42707062 -0.03168285
0.21233691 -57.42707062 0.03699604
0.12819713 -57.42707062 -0.09944108
-0.05767804 -57.42707062 -0.32344753
0.03519369 -57.42707062 -0.22400875
-0.13424441 -57.42707062 -0.46959901
-0.14120221 -57.42707062 -0.61449170
-0.17266750 -57.42707062 -0.91698945
-0.19344361 -57.42707062 -0.79422170
-0.23841582 -57.42707062 -1.06026947
-0.14215034 -57.42707062 -1.25753272
0.03157725 -57.42707062 -1.37397146
-0.09010416 -57.42707062 -1.29602051
0.15905714 -57.42707062 -1.39327288
0.36220527 -57.42707062 -1.40045583
0.52535295 -57.42707062 -1.40584004
0.68484563 -57.42707062 -1.40779936
0.94387019 -57.42707062 -1.43647695
0.85421818 -57.42707062 -1.43148243
1.11982167 -57.42707062 -1.45340753
1.18644774 -57.42707062 -1.46299732
1.31649077 -57.42707062 -1.46169925
1.40021265 -57.42707062 -1.46470332
1.54473901 -57.42707062 -1.45515847
1.46579897 -57.42707062 -1.46417403
1.60826707 -57.42707062 -1.44267249
1.83268189 -57.42707062 -1.42460418
1.75534534 -57.42707062 -1.42937088
1.97381794 -57.42707062 -1.40728903
1.90306592 -57.42707062 -1.41299200
2.14300847 -57.42707062 -1.40370953
2.24343753 -57.42707062 -1.38697147
2.39727378 -57.42707062 -1.30323815
2.30615640 -57.42707062 -1.35290229
2.41954541 -57.42707062 -1.08488965
2.39727044 -57.42707062 -1.17166996
2.44571400 -57.42707062 -0.94192827
2.43575597 -57.42707062 -1.02570546
2.45891690 -57.42707062 -0.87807530
2.48311138 -57.42707062 -0.74569082
2.46042228 -57.42707062 -0.81504136
2.49693108 -57.42707062 -0.66105497
2.47712922 -57.42707062 -0.50617152
2.49497056 -57.42707062 -0.57435614
2.46953106 -57.42707062 -0.38237140
2.48685050 -57.42707062 -0.22953542
2.48494625 -57.42707062 -0.30890250
2.49730897 -57.42707062 -0.09567250
2.48605967 -57.42707062 -0.16951512
2.52922988 -57.42707062 0.01854444
2.51854730 -57.42707062 0.08638483
2.47294950 -57.42707062 0.27372339
2.48409772 -57.42707062 0.19208971
2.48022103 -57.42707062 0.38391942
2.50966954 -57.42707062 0.58711565
2.50666213 -57.42707062 0.52074170
2.43964458 -57.42707062 0.68265641
2.27526450 -57.42707062 0.75499475
2.33496642 -57.42707062 0.72613198
2.20916033 -57.42707062 0.77468979
2.14291000 -57.42707062 0.77030492
1.95086765 -57.42707062 0.77772933
2.02514696 -57.42707062 0.77401215
1.87346423 -57.42707062 0.79540098
1.77501929 -57.42707062 0.78591061
1.68693089 -57.42707062 0.74295634
1.51106179 -57.42707062 0.71563840
1.57002473 -57.42707062 0.73762321
1.43110824 -57.42707062 0.70697623
1.35219073 -57.42707062 0.66881764
1.28986752 -57.42707062 0.62645864
2.48284054 -57.42707062 0.45756224
2.39521980 -57.42707062 0.73360807
