0.16875742 -3.59821320 -1.14434195
0.52099943 -3.59821320 -1.30073309
0.11962906 -3.59821320 -0.24307054
2.29602313 -3.59821320 -0.60694176
2.27956104 -3.59821320 -0.09502950
2.10403013 -3.59821320 0.24629398
0.16204821 -3.60820770 -0.72041816
0.18110782 -3.60820770 -0.81325883
0.12542713 -3.60820770 -0.98748285
0.12734653 -3.60820770 -1.09738135
0.19930705 -3.60820770 -1.24496281
0.57986027 -3.60820770 -1.30777371
0.75551468 -3.60820770 -1.34072924
0.97101927 -3.60820770 -1.35294688
1.03197050 -3.60820770 -1.34648860
1.19366360 -3.60820770 -1.33533382
1.30816054 -3.60820770 -1.33479476
1.41963422 -3.60820770 -1.33898270
1.53401124 -3.60820770 -1.32500541
0.09933899 -3.60820770 -0.67720842
0.37761360 -3.60820770 -1.27419746
0.69439000 -3.60820770 -1.33531570
0.86491948 -3.60820770 -1.35244107
0.84171528 -3.60820770 0.56244171
0.77848542 -3.60820770 0.47477210
0.70667011 -3.60820770 0.42280999
0.59812164 -3.60820770 0.47380346
0.51352191 -3.60820770 0.44077903
0.44172621 -3.60820770 0.41120976
0.40556189 -3.60820770 0.35070860
0.36569616 -3.60820770 0.27786085
0.31787780 -3.60820770 0.18810524
0.28496808 -3.60820770 0.11340827
0.32090822 -3.60820770 -0.01374123
0.24684316 -3.60820770 0.03128115
0.27553585 -3.60820770 -0.08723249
0.22772148 -3.60820770 -0.13493337
0.15731116 -3.60820770 -0.18561126
0.09128652 -3.60820770 -0.29511571
0.09001860 -3.60820770 -0.38638273
0.11975372 -3.60820770 -0.44919708
0.09229713 -3.60820770 -0.59103322
1.69661212 -3.60820770 -1.31665587
1.87637448 -3.60820770 -1.30715370
2.11627603 -3.60820770 -1.36034715
2.26591897 -3.60820770 -1.35409677
2.34124470 -3.60820770 -1.27160263
2.34158945 -3.60820770 -1.09453249
2.33099294 -3.60820770 -0.93907481
2.28565001 -3.60820770 -0.66952306
2.29000330 -3.60820770 -0.49810490
2.29216933 -3.60820770 -0.29496640
2.28874612 -3.60820770 -0.15492456
2.24688458 -3.60820770 0.01832752
2.20660520 -3.60820770 0.13579150
2.06009197 -3.60820770 0.29509217
1.99383974 -3.60820770 0.34240133
1.94240046 -3.60820770 0.40324882
1.60439169 -3.60820770 0.49064597
1.74095333 -3.60820770 0.44864699
1.54391789 -3.60820770 0.51580268
1.49429595 -3.60820770 0.56543058
1.41566074 -3.60820770 0.59100032
1.28829980 -3.60820770 0.62225795
1.13749015 -3.60820770 0.62180376
1.21623385 -3.60820770 0.61528355
1.06594825 -3.60820770 0.61310989
0.93876022 -3.60820770 0.56027842
1.80622280 -3.60820770 0.45322341
