0.30408019 75.70011139 -1.56332970
0.45715284 75.69011688 0.47519809
0.30297184 75.69011688 0.45361617
0.14941613 75.69011688 0.37035114
0.24828623 75.69011688 0.41997668
0.09950296 75.69011688 0.28993440
0.03918155 75.69011688 0.18505616
0.01412542 75.69011688 0.03076896
-0.01215317 75.69011688 -0.11274421
-0.05848707 75.69011688 -0.30320364
-0.05361557 75.69011688 -0.22267675
-0.08698706 75.69011688 -0.45193973
-0.08584718 75.69011688 -0.36857614
-0.08191686 75.69011688 -0.53541106
-0.09672938 75.69011688 -0.60604447
-0.12121907 75.69011688 -0.77468246
-0.17835592 75.69011688 -0.86783189
-0.17804776 75.69011688 -0.93039155
-0.13414511 75.69011688 -1.03693855
-0.11833784 75.69011688 -1.18039942
-0.11903531 75.69011688 -1.26095819
-0.01149616 75.69011688 -1.44491291
-0.07950544 75.69011688 -1.34352052
0.02996800 75.69011688 -1.49570405
0.12011714 75.69011688 -1.52912343
0.24377730 75.69011688 -1.56359243
0.37819380 75.69011688 -1.56619811
0.49312824 75.69011688 -1.56946266
0.59797794 75.69011688 -1.56282270
0.68980950 75.69011688 -1.55659294
0.76620477 75.69011688 -1.55589175
0.84331805 75.69011688 -1.55262220
0.91725528 75.69011688 -1.54753554
1.00681889 75.69011688 -1.55000269
1.08358884 75.69011688 -1.54865360
1.14791799 75.69011688 -1.54885900
1.21771026 75.69011688 -1.54544675
1.30249202 75.69011688 -1.54480755
1.52097046 75.69011688 -1.55483627
1.60436809 75.69011688 -1.55480874
1.69229603 75.69011688 -1.54320967
1.78638709 75.69011688 -1.53129363
1.89309072 75.69011688 -1.51425087
1.99081755 75.69011688 -1.47274876
2.06732059 75.69011688 -1.42568362
2.09551930 75.69011688 -1.34686458
2.15597463 75.69011688 -1.27464855
2.12093806 75.69011688 -1.11546123
2.10716748 75.69011688 -1.04739249
2.14295459 75.69011688 -0.92036915
2.14471745 75.69011688 -0.99478978
2.17112517 75.69011688 -0.81984079
2.17275047 75.69011688 -0.69068241
2.17556620 75.69011688 -0.61855650
2.15321875 75.69011688 -0.38628000
2.14538884 75.69011688 -0.25351137
2.13501024 75.69011688 -0.16658835
2.10463715 75.69011688 0.05833692
2.10807085 75.69011688 -0.02506150
2.00311089 75.69011688 0.21718490
1.93972003 75.69011688 0.31829271
1.79179442 75.69011688 0.38784218
1.74060714 75.69011688 0.42955521
1.62448430 75.69011688 0.46512574
1.43766403 75.69011688 0.50868410
1.52070117 75.69011688 0.49268752
1.35812593 75.69011688 0.50708050
0.91409028 75.69011688 0.49038875
1.24830079 75.69011688 0.50068933
0.71038163 75.69011688 0.47423744
0.57302463 75.69011688 0.47058791
0.78450513 75.69011688 0.48670781
1.85698414 75.69011688 0.39494094
2.04919028 75.69011688 0.16787772
2.12087536 75.69011688 -0.09668586
2.18489695 75.69011688 -0.53792274
1.36849499 75.69011688 -1.54317760
