1.54040599 81.41999054 -1.61111355
0.84354633 81.41999054 -1.60762668
0.16224755 81.41999054 -1.50408208
0.13845243 81.41999054 -1.23849463
0.05322661 81.41999054 -0.65146929
0.93696630 81.40999603 0.62009549
1.01644373 81.40999603 0.63079363
1.09236312 81.40999603 0.63852292
1.17183614 81.40999603 0.62771809
1.24541962 81.40999603 0.61469072
1.30899525 81.40999603 0.61707300
1.45701528 81.40999603 0.63656360
1.55705976 81.40999603 0.63934839
1.65509534 81.40999603 0.61353135
1.81823885 81.40999603 0.60888189
1.94398808 81.40999603 0.59827709
2.01394868 81.40999603 0.50733149
2.02932811 81.40999603 0.41122043
2.04199195 81.40999603 0.31170490
2.08141828 81.40999603 0.17929634
2.09944892 81.40999603 -0.02733329
2.09750557 81.40999603 -0.16403103
2.09589314 81.40999603 -0.25384995
2.09750819 81.40999603 -0.39656165
2.09989667 81.40999603 -0.62297755
2.13856435 81.40999603 -0.78509301
2.21365976 81.40999603 -1.00675189
2.23414397 81.40999603 -1.21317708
2.19366908 81.40999603 -1.29728818
2.14686227 81.40999603 -1.49868119
1.97366726 81.40999603 -1.58936107
1.73164916 81.40999603 -1.61135805
1.66759825 81.40999603 -1.61417043
1.01659477 81.40999603 -1.60444593
0.94068086 81.40999603 -1.60450816
0.41055506 81.40999603 -1.62560689
0.34390500 81.40999603 -1.61232722
0.19270249 81.40999603 -1.58028185
0.14388649 81.40999603 -1.31353855
0.10965472 81.40999603 -1.15380275
0.07560256 81.40999603 -1.00905073
0.03962792 81.40999603 -0.88369244
0.05995606 81.40999603 -0.72579426
0.00586086 81.40999603 -0.50442052
-0.01893747 81.40999603 -0.40200287
-0.01297786 81.40999603 -0.28916389
0.01027068 81.40999603 -0.20263937
0.04470094 81.40999603 -0.09199645
0.07906181 81.40999603 -0.00938554
0.11386175 81.40999603 0.07796451
0.15066361 81.40999603 0.13417190
0.19702150 81.40999603 0.22358285
0.23291963 81.40999603 0.33040309
0.24633791 81.40999603 0.46998149
0.29509461 81.40999603 0.65518022
0.37553668 81.40999603 0.66670108
0.49798056 81.40999603 0.66199422
0.58104372 81.40999603 0.66331905
0.86426932 81.40999603 0.61408180
0.78282005 81.40999603 0.62301868
1.39237654 81.40999603 0.62836486
2.06193399 81.40999603 0.10974129
0.25340229 81.40999603 0.40564361
0.23502354 81.40999603 0.58469689
0.68425894 81.40999603 0.63717562
