0.26796106 64.26035309 -1.48803699
1.08683383 64.26035309 -1.49725580
0.97983217 64.25035858 0.61217886
0.90969092 64.25035858 0.56843507
0.84422195 64.25035858 0.53287292
0.75243664 64.25035858 0.53755653
0.61913627 64.25035858 0.55535084
0.68735355 64.25035858 0.54900664
0.53036642 64.25035858 0.54567093
0.28466296 64.25035858 0.52577394
0.37377125 64.25035858 0.53993624
0.08701066 64.25035858 0.50276095
0.20269901 64.25035858 0.52162021
0.01771820 64.25035858 0.50088000
-0.07718237 64.25035858 0.47041285
-0.08704729 64.25035858 0.29881969
-0.07159074 64.25035858 0.38004047
-0.15863347 64.25035858 0.08784740
-0.11099502 64.25035858 0.23894268
-0.17455859 64.25035858 -0.17511606
-0.17716485 64.25035858 0.00011009
-0.10836037 64.25035858 -0.31956452
-0.15208292 64.25035858 -0.23789388
-0.10641800 64.25035858 -0.40534461
-0.05008372 64.25035858 -0.52511996
0.00100050 64.25035858 -0.62271333
0.02852688 64.25035858 -0.91465133
0.03067902 64.25035858 -0.75072378
0.03773863 64.25035858 -1.08844602
0.03627497 64.25035858 -0.97557676
0.03840650 64.25035858 -1.17817569
0.08598735 64.25035858 -1.30960751
0.10713062 64.25035858 -1.48373222
0.46718946 64.25035858 -1.50420463
0.58627880 64.25035858 -1.50741577
0.78357679 64.25035858 -1.50048804
0.68303120 64.25035858 -1.50465417
0.88974053 64.25035858 -1.48936641
1.02739286 64.25035858 -1.49388635
0.95767766 64.25035858 -1.48739111
1.15217519 64.25035858 -1.49703896
1.27678490 64.25035858 -1.49552011
1.46256661 64.25035858 -1.50018728
1.55206716 64.25035858 -1.51483750
1.74072528 64.25035858 -1.50024295
1.68140686 64.25035858 -1.51158297
1.81551969 64.25035858 -1.48535383
2.04084396 64.25035858 -1.48922431
1.96851110 64.25035858 -1.47880924
2.12266135 64.25035858 -1.46800578
2.14439321 64.25035858 -1.19940042
2.16146135 64.25035858 -1.30372608
2.10937357 64.25035858 -1.01989257
2.11248374 64.25035858 -1.08570337
2.13657284 64.25035858 -0.94197410
2.19684577 64.25035858 -0.74628407
2.19491887 64.25035858 -0.80841970
2.21288276 64.25035858 -0.68758136
2.19599414 64.25035858 -0.62299758
2.19190073 64.25035858 -0.55721897
2.18110251 64.25035858 -0.46975297
2.16496634 64.25035858 -0.36804548
2.14540577 64.25035858 -0.24800141
2.14947295 64.25035858 -0.14194903
2.13256669 64.25035858 -0.01551921
2.11719394 64.25035858 0.06846034
2.08354092 64.25035858 0.16788562
2.06174827 64.25035858 0.35884187
2.01846361 64.25035858 0.43759695
1.99938858 64.25035858 0.57373077
1.95962477 64.25035858 0.73156267
1.89268768 64.25035858 0.72174925
1.82058716 64.25035858 0.73534238
1.71030903 64.25035858 0.72053838
1.63998353 64.25035858 0.70939100
1.49867952 64.25035858 0.64697343
1.38771546 64.25035858 0.67283535
1.24199522 64.25035858 0.65210372
1.16496241 64.25035858 0.63998145
1.29009235 64.25035858 0.61428612
2.03889108 64.25035858 0.29543978
2.15800166 64.25035858 -1.38995194
1.34153068 64.25035858 -1.49271190
0.32191935 64.25035858 -1.51960444
1.10551226 64.25035858 0.58483052
