1.05267894 -6.46814728 0.43124831
2.07028508 -6.46814728 0.49142978
2.33944917 -6.46814728 0.47103074
2.36637759 -6.46814728 0.37125716
2.38515019 -6.46814728 0.27566898
2.37478590 -6.46814728 0.19939229
2.36415362 -6.46814728 0.07531033
2.39505005 -6.46814728 -0.09028680
2.40807319 -6.46814728 -0.17821728
2.43543220 -6.46814728 -0.29393569
2.41344261 -6.46814728 -0.35236487
2.38831067 -6.46814728 -0.43294537
2.36008048 -6.46814728 -0.59830290
2.32853222 -6.46814728 -0.72949398
2.24800158 -6.46814728 -0.90523249
2.25233173 -6.46814728 -0.99181324
2.21498966 -6.46814728 -1.11711276
2.17551994 -6.46814728 -1.32278585
2.12290883 -6.46814728 -1.39151204
2.03181171 -6.46814728 -1.40015817
1.87851357 -6.46814728 -1.40246141
1.72653067 -6.46814728 -1.40375876
1.57586014 -6.46814728 -1.40199256
1.46431470 -6.46814728 -1.39879191
1.33472252 -6.46814728 -1.40716267
1.21821845 -6.46814728 -1.40225184
1.11149573 -6.46814728 -1.38906693
0.95544988 -6.46814728 -1.36222887
0.83310956 -6.46814728 -1.36819065
0.72520477 -6.46814728 -1.35911393
0.62617344 -6.46814728 -1.35142207
0.55829901 -6.46814728 -1.34319627
0.41523698 -6.46814728 -1.30684698
0.26613456 -6.46814728 -1.32024312
0.19239940 -6.46814728 -1.32194555
0.06791081 -6.46814728 -1.28416216
0.01987398 -6.46814728 -1.11084890
0.04781740 -6.46814728 -0.94349056
0.03150674 -6.46814728 -0.83431399
0.08277341 -6.46814728 -0.69326109
0.08819511 -6.46814728 -0.59507126
0.06365524 -6.46814728 -0.45517671
0.04592451 -6.46814728 -0.38496739
0.07688136 -6.46814728 -0.28463727
0.12422223 -6.46814728 -0.20531802
0.17087792 -6.46814728 -0.15837660
0.21263184 -6.46814728 -0.06671580
0.24242866 -6.46814728 0.01415931
0.25392964 -6.46814728 0.11411938
0.27146745 -6.46814728 0.17191721
0.31545100 -6.46814728 0.25586697
0.33681321 -6.46814728 0.32169569
0.35626397 -6.46814728 0.38016853
0.38714525 -6.46814728 0.44645262
0.61552984 -6.46814728 0.43059021
0.75639290 -6.46814728 0.44073620
0.97383583 -6.46814728 0.41623944
1.30656743 -6.46814728 0.45411387
2.19538093 -6.46814728 0.50448561
2.36820364 -6.46814728 -0.66670930
-0.00886263 -6.46814728 -1.26373386
0.69439751 -6.46814728 0.40839621
1.13090897 -6.46814728 0.42728823
