2.03653598 -64.69692230 -1.47419095
0.77280718 -64.69692230 0.30425316
2.37704492 -64.69692230 0.53935963
0.87372196 -64.70691681 0.43770450
0.80925769 -64.70691681 0.36885861
0.72819924 -64.70691681 0.25591707
0.62754601 -64.70691681 0.15046641
0.67178291 -64.70691681 0.20904937
0.58188689 -64.70691681 0.10370784
0.54547262 -64.70691681 0.04913384
0.56177050 -64.70691681 -0.01256405
0.54993755 -64.70691681 -0.11005969
0.54914558 -64.70691681 -0.23131303
0.53936899 -64.70691681 -0.29185891
0.49302536 -64.70691681 -0.48423037
0.51573700 -64.70691681 -0.42670619
0.44026119 -64.70691681 -0.53795147
0.41688880 -64.70691681 -0.71046036
0.43964928 -64.70691681 -0.64368284
0.42270622 -64.70691681 -0.83348471
0.39926955 -64.70691681 -0.76924253
0.36329174 -64.70691681 -1.00240672
0.40400887 -64.70691681 -0.89904648
0.40886694 -64.70691681 -1.08049536
0.40297806 -64.70691681 -1.28232861
0.43254334 -64.70691681 -1.22244930
0.59265107 -64.70691681 -1.37426615
0.51903671 -64.70691681 -1.33459735
0.72652912 -64.70691681 -1.41346574
0.84543717 -64.70691681 -1.43330681
0.98205829 -64.70691681 -1.45572615
1.14924705 -64.70691681 -1.48322463
1.23737884 -64.70691681 -1.49914348
1.33192146 -64.70691681 -1.50314867
1.46031201 -64.70691681 -1.50372732
1.70819628 -64.70691681 -1.52010059
1.59176004 -64.70691681 -1.52908027
1.84770691 -64.70691681 -1.48959994
1.78662133 -64.70691681 -1.48636281
1.97505105 -64.70691681 -1.48191130
2.09909296 -64.70691681 -1.46440661
2.29784846 -64.70691681 -1.44261718
2.21189475 -64.70691681 -1.44746268
2.35836196 -64.70691681 -1.42881370
2.43793297 -64.70691681 -1.38650227
2.51581669 -64.70691681 -1.25331604
2.49228549 -64.70691681 -1.32844329
2.54723287 -64.70691681 -1.15346026
2.49253249 -64.70691681 -0.96039593
2.51110888 -64.70691681 -1.04600275
2.49988699 -64.70691681 -0.89409184
2.48738599 -64.70691681 -0.70951438
2.50235271 -64.70691681 -0.76779377
2.46667457 -64.70691681 -0.60632414
2.44285393 -64.70691681 -0.53958869
2.42859554 -64.70691681 -0.44276956
2.40469575 -64.70691681 -0.37634796
2.46170330 -64.70691681 -0.22058360
2.50740314 -64.70691681 -0.12387274
2.52778673 -64.70691681 0.11204730
2.51980877 -64.70691681 0.04636255
2.53437114 -64.70691681 0.23534742
2.54052782 -64.70691681 0.30385882
2.56048822 -64.70691681 0.48804253
2.52058387 -64.70691681 0.53582102
2.30906796 -64.70691681 0.53667420
2.19219851 -64.70691681 0.54025251
2.11741710 -64.70691681 0.54561794
1.97053719 -64.70691681 0.49929836
1.86233461 -64.70691681 0.53749633
1.78746152 -64.70691681 0.53152663
1.68760502 -64.70691681 0.53158617
1.61174417 -64.70691681 0.53787327
1.53500259 -64.70691681 0.53637636
1.42348683 -64.70691681 0.54368818
1.31522286 -64.70691681 0.55165076
1.20423496 -64.70691681 0.50903308
1.11829758 -64.70691681 0.51063263
1.03674126 -64.70691681 0.48864686
0.95433408 -64.70691681 0.47636971
2.45697641 -64.70691681 -0.28655002
2.51593494 -64.70691681 -0.02069114
