-0.29317826 -22.31781769 -0.60214859
2.19514632 -22.31781769 0.23669250
0.13189986 -22.31781769 0.49012604
1.04504085 -22.32781219 0.51192397
0.91471970 -22.32781219 0.51686138
0.77156287 -22.32781219 0.47254196
0.71128547 -22.32781219 0.45188800
0.63301939 -22.32781219 0.45952788
0.38538837 -22.32781219 0.46999979
0.52437675 -22.32781219 0.45368594
0.20041619 -22.32781219 0.48739907
0.28473869 -22.32781219 0.49441642
0.08935291 -22.32781219 0.36235738
0.04091430 -22.32781219 0.26884073
-0.08908401 -22.32781219 0.11415572
-0.04139689 -22.32781219 0.16635841
-0.13289453 -22.32781219 0.05551305
-0.18192123 -22.32781219 -0.11840764
-0.25085726 -22.32781219 -0.18179148
-0.23251657 -22.32781219 -0.25735179
-0.20318647 -22.32781219 -0.32602984
-0.23766445 -22.32781219 -0.45706064
-0.28595129 -22.32781219 -0.81602985
-0.28332341 -22.32781219 -0.74167144
-0.28910488 -22.32781219 -0.91386032
-0.27861488 -22.32781219 -1.08026886
-0.30465317 -22.32781219 -1.00399077
-0.14581619 -22.32781219 -1.27979290
-0.14834575 -22.32781219 -1.40174758
-0.06052976 -22.32781219 -1.41009557
0.16379237 -22.32781219 -1.39780951
0.07488985 -22.32781219 -1.38364065
0.24520785 -22.32781219 -1.40443182
0.41351488 -22.32781219 -1.39787245
0.34145576 -22.32781219 -1.40114105
0.56805259 -22.32781219 -1.41656280
0.50282490 -22.32781219 -1.41066945
0.65951020 -22.32781219 -1.42833519
0.77106005 -22.32781219 -1.43825507
0.88269538 -22.32781219 -1.44411826
0.99584615 -22.32781219 -1.44038558
1.16027319 -22.32781219 -1.45214605
1.34321332 -22.32781219 -1.47256124
1.41780961 -22.32781219 -1.47637868
1.48902810 -22.32781219 -1.47396863
1.66522956 -22.32781219 -1.47177732
1.74738646 -22.32781219 -1.47044539
1.83645952 -22.32781219 -1.46544003
1.98397994 -22.32781219 -1.46529734
2.13017249 -22.32781219 -1.45964587
2.25176787 -22.32781219 -1.15173233
2.25077724 -22.32781219 -1.21941984
2.28790617 -22.32781219 -1.05029225
2.36176038 -22.32781219 -0.88955766
2.35079455 -22.32781219 -0.57732582
2.38100123 -22.32781219 -0.50518507
2.43229270 -22.32781219 -0.35049289
2.36540866 -22.32781219 -0.07824767
2.34042144 -22.32781219 0.00223989
2.24715161 -22.32781219 0.14953458
2.16227889 -22.32781219 0.28782007
2.01566243 -22.32781219 0.47409520
2.05094147 -22.32781219 0.42537221
1.80008864 -22.32781219 0.55117524
1.69916129 -22.32781219 0.66623461
1.73784745 -22.32781219 0.61018568
1.63095236 -22.32781219 0.63024449
1.46383929 -22.32781219 0.65022683
0.98165822 -22.32781219 0.52025837
0.83544934 -22.32781219 0.49485031
0.09012848 -22.32781219 0.44748342
-0.17092976 -22.32781219 -0.00206515
-0.19887802 -22.32781219 -0.05781443
-0.29955414 -22.32781219 -0.66188723
-0.30339745 -22.32781219 -1.17790222
-0.23650040 -22.32781219 -1.27469873
1.56434190 -22.32781219 -1.46606398
2.21059823 -22.32781219 -1.42375529
2.26093078 -22.32781219 -1.33995652
2.38232899 -22.32781219 -0.77281523
2.38643503 -22.32781219 -0.68159735
2.48735833 -22.32781219 -0.23293000
2.45619988 -22.32781219 -0.14593531
2.10533404 -22.32781219 0.38400590
1.92795336 -22.32781219 0.57422799
1.54201174 -22.32781219 0.64847511
1.17133200 -22.32781219 0.50275302
1.10558546 -22.32781219 0.51758164
