0.04426958 -45.19733429 -0.09633015
2.34859347 -45.19733429 -0.12253469
2.46335244 -45.19733429 -0.38223317
2.51286530 -45.19733429 -0.53047621
2.53532457 -45.19733429 -0.78023183
2.48602772 -45.19733429 -0.96066982
2.45690608 -45.19733429 -1.10863996
2.33864689 -45.19733429 -1.36588764
2.16962194 -45.19733429 -1.40917242
-0.10774239 -45.19733429 -1.09413040
-0.10602919 -45.19733429 -0.93499994
-0.04119612 -45.19733429 -0.36289984
-0.00180424 -45.19733429 -0.23535034
0.15007111 -45.19733429 0.64432245
1.10225475 -45.19733429 0.72860432
1.44179070 -45.19733429 0.71348834
2.12108088 -45.19733429 0.40811831
1.38229489 -45.20732880 0.69615203
1.20544481 -45.20732880 0.71865910
1.02805281 -45.20732880 0.71761262
0.86489397 -45.20732880 0.70435017
0.75789845 -45.20732880 0.71431458
0.67094058 -45.20732880 0.73708504
0.51181835 -45.20732880 0.77747488
0.26863194 -45.20732880 0.77551979
0.11128510 -45.20732880 0.59714144
0.07105207 -45.20732880 0.51350886
0.05237603 -45.20732880 0.38707283
0.07056730 -45.20732880 0.25190195
0.04310947 -45.20732880 0.10609016
0.05110801 -45.20732880 0.01112506
-0.02400653 -45.20732880 -0.29976317
-0.05473539 -45.20732880 -0.42431220
-0.09341767 -45.20732880 -0.62061775
-0.09829351 -45.20732880 -0.73139828
-0.09740148 -45.20732880 -0.84706247
-0.11062332 -45.20732880 -1.00777841
-0.09070252 -45.20732880 -1.15466321
-0.06956636 -45.20732880 -1.26616311
0.03994018 -45.20732880 -1.42935121
0.11846703 -45.20732880 -1.43839395
0.37446690 -45.20732880 -1.45439768
0.43974426 -45.20732880 -1.44809103
0.54733413 -45.20732880 -1.42913914
0.66130781 -45.20732880 -1.43498385
0.77589035 -45.20732880 -1.43692088
0.87663597 -45.20732880 -1.44311035
1.06824493 -45.20732880 -1.44589496
1.17786753 -45.20732880 -1.45407176
1.29239023 -45.20732880 -1.45308316
1.39463317 -45.20732880 -1.45701993
1.51165402 -45.20732880 -1.46148252
1.63433242 -45.20732880 -1.43076086
1.75404203 -45.20732880 -1.41866148
1.89482224 -45.20732880 -1.41231835
2.03604054 -45.20732880 -1.42779243
2.23045444 -45.20732880 -1.39865851
2.44757962 -45.20732880 -1.20119250
2.45791245 -45.20732880 -1.03302836
2.52570248 -45.20732880 -0.91238201
2.55461693 -45.20732880 -0.66250855
2.46328020 -45.20732880 -0.44916013
2.41766167 -45.20732880 -0.22100586
2.30465508 -45.20732880 -0.05853438
2.24958467 -45.20732880 0.02134481
2.21210814 -45.20732880 0.24914993
2.16302657 -45.20732880 0.29098749
2.09638810 -45.20732880 0.47113633
1.93507314 -45.20732880 0.63516474
1.81253767 -45.20732880 0.67107517
1.69063759 -45.20732880 0.69353843
1.50739634 -45.20732880 0.72321302
2.45489120 -45.20732880 -1.29417968
2.39866352 -45.20732880 -1.34467781
0.26279560 -45.20732880 -1.47752488
-0.01555127 -45.20732880 -1.39050734
-0.08714060 -45.20732880 -0.50369388
0.02190094 -45.20732880 -0.15192182
0.18428952 -45.20732880 0.71797335
0.40838099 -45.20732880 0.79723275
0.95720559 -45.20732880 0.73044044
1.30137300 -45.20732880 0.70881438
1.60362196 -45.20732880 0.71160328
2.03710437 -45.20732880 0.57324034
2.18430614 -45.20732880 0.15543658
