1.40667593 10.18149567 -1.42223060
1.51401973 10.18149567 0.56373537
1.93112552 10.17150116 0.37964341
1.98657036 10.17150116 0.24485068
2.08166456 10.17150116 0.17151654
2.15758276 10.17150116 0.07855489
2.21025610 10.17150116 -0.01085068
2.22108245 10.17150116 -0.22866787
2.28093719 10.17150116 -0.37006542
2.33791971 10.17150116 -0.45311368
2.35747004 10.17150116 -0.52154529
2.39560223 10.17150116 -0.68380612
2.40402579 10.17150116 -0.78544384
2.41827393 10.17150116 -0.86036932
2.43353391 10.17150116 -1.00004053
2.43563819 10.17150116 -1.08917665
2.43749809 10.17150116 -1.15555465
2.37455273 10.17150116 -1.25135207
2.33610678 10.17150116 -1.29794002
2.23709202 10.17150116 -1.37386417
2.11177373 10.17150116 -1.40047050
1.99265492 10.17150116 -1.42204022
1.87138021 10.17150116 -1.44008660
1.79352510 10.17150116 -1.44593048
1.67758596 10.17150116 -1.44806230
1.60545611 10.17150116 -1.41356766
1.47411072 10.17150116 -1.41641307
1.34663785 10.17150116 -1.42114902
1.22392178 10.17150116 -1.42043662
1.10896969 10.17150116 -1.40631819
1.03464973 10.17150116 -1.39320433
0.96086401 10.17150116 -1.38972414
0.89523721 10.17150116 -1.39430225
0.81567746 10.17150116 -1.39545202
0.73954201 10.17150116 -1.39263976
0.65393496 10.17150116 -1.38608992
0.54515952 10.17150116 -1.37033081
0.44000408 10.17150116 -1.35256541
0.35944647 10.17150116 -1.31437111
0.27320659 10.17150116 -1.16544044
0.26852036 10.17150116 -0.99171805
0.24353057 10.17150116 -0.92300677
0.20222646 10.17150116 -0.79640901
0.18240367 10.17150116 -0.73898387
0.17886889 10.17150116 -0.60431063
0.14771356 10.17150116 -0.49234793
0.09796503 10.17150116 -0.42809218
0.09762868 10.17150116 -0.27392265
0.12778987 10.17150116 -0.15487929
0.15372357 10.17150116 -0.05057979
0.18882622 10.17150116 0.07259075
0.22751196 10.17150116 0.17475387
0.30649558 10.17150116 0.29904333
0.33840147 10.17150116 0.36062860
0.46894994 10.17150116 0.44270703
0.61226940 10.17150116 0.53627974
0.66996616 10.17150116 0.55583262
0.74327606 10.17150116 0.57389492
0.94908172 10.17150116 0.62320614
1.02471614 10.17150116 0.62369579
1.14136147 10.17150116 0.60636365
1.27593732 10.17150116 0.58836561
1.45465946 10.17150116 0.57128006
1.83953226 10.17150116 0.43473327
