0.67360693 2.38166046 -1.34862769
2.24831820 2.38166046 -1.35946500
1.15956414 2.38166046 0.68079507
0.26315561 2.37166595 -0.17226823
0.22519213 2.37166595 -0.22199072
0.15998469 2.37166595 -0.45708835
0.18956435 2.37166595 -0.33960003
0.13615122 2.37166595 -0.54393727
0.16078237 2.37166595 -0.67807293
0.16055836 2.37166595 -0.81681246
0.17186721 2.37166595 -0.93394250
0.17007318 2.37166595 -1.16790819
0.17450121 2.37166595 -1.04572344
0.16752031 2.37166595 -1.28436565
0.24511720 2.37166595 -1.30261648
0.42634025 2.37166595 -1.33772218
0.30568075 2.37166595 -1.31783426
0.61041391 2.37166595 -1.34676039
0.49729934 2.37166595 -1.34052145
0.75398326 2.37166595 -1.36035562
0.87352353 2.37166595 -1.37823343
0.98805141 2.37166595 -1.38321531
1.10838950 2.37166595 -1.37426746
1.25322783 2.37166595 -1.38632464
1.17658472 2.37166595 -1.37990546
1.32377815 2.37166595 -1.38548684
1.38872540 2.37166595 -1.38648725
1.47693217 2.37166595 -1.37079883
1.67894065 2.37166595 -1.36991632
1.61064553 2.37166595 -1.36042106
1.75068808 2.37166595 -1.37565076
1.81905437 2.37166595 -1.37659252
1.92728722 2.37166595 -1.37956393
2.00057435 2.37166595 -1.37985241
2.10571647 2.37166595 -1.37002110
2.18903422 2.37166595 -1.36460662
2.32308650 2.37166595 -1.35066009
2.39015460 2.37166595 -1.35052001
2.48351765 2.37166595 -1.22878098
2.49231815 2.37166595 -1.29509950
2.48843670 2.37166595 -1.11269855
2.52275634 2.37166595 -0.97515064
2.49105072 2.37166595 -0.82053548
2.50598502 2.37166595 -0.72486556
2.49336648 2.37166595 -0.65044463
2.49966383 2.37166595 -0.46741146
2.49783063 2.37166595 -0.53327477
2.51023769 2.37166595 -0.38799953
2.50553274 2.37166595 -0.30062315
2.48631740 2.37166595 -0.22063032
2.45412207 2.37166595 -0.14593509
2.43422246 2.37166595 -0.07184267
2.41061902 2.37166595 0.01294487
2.44118905 2.37166595 0.11786111
2.42329025 2.37166595 0.18769556
2.42150593 2.37166595 0.26311100
2.39300036 2.37166595 0.39700252
2.37653089 2.37166595 0.50223219
2.23044848 2.37166595 0.55447251
2.10769510 2.37166595 0.56045818
1.90531754 2.37166595 0.60738212
1.97901857 2.37166595 0.58745813
1.78279424 2.37166595 0.65126967
1.62128532 2.37166595 0.67154771
1.48225546 2.37166595 0.71285802
1.41083622 2.37166595 0.69121331
1.32284904 2.37166595 0.68321794
1.09751713 2.37166595 0.66851479
1.00861466 2.37166595 0.60770786
0.86800623 2.37166595 0.51415890
0.94105327 2.37166595 0.57186961
0.80899626 2.37166595 0.46911183
0.75621730 2.37166595 0.42852393
0.65207565 2.37166595 0.31212282
0.72104406 2.37166595 0.31682500
0.54103082 2.37166595 0.18913317
0.60490626 2.37166595 0.26186067
0.52180058 2.37166595 0.10431803
0.46606198 2.37166595 0.04149299
0.42148995 2.37166595 -0.04149271
1.84787869 2.37166595 0.63635707
2.32486534 2.37166595 0.54378396
2.52589059 2.37166595 -0.90535903
2.46110964 2.37166595 -1.35423923
0.34915408 2.37166595 -0.12453440
