1.55177546 48.66068268 0.65604120
0.97741491 48.66068268 0.72191107
2.77247763 48.66068268 -0.15848736
1.98396230 48.65068817 0.61939478
1.86948133 48.65068817 0.66386622
1.78327489 48.65068817 0.66692972
1.70280027 48.65068817 0.65680224
1.62799573 48.65068817 0.65177792
1.37661147 48.65068817 0.68370169
1.30612624 48.65068817 0.69207585
1.21298182 48.65068817 0.69510454
1.11407232 48.65068817 0.73071039
1.04009724 48.65068817 0.72247308
0.91779268 48.65068817 0.71422434
0.72586727 48.65068817 0.69190019
0.80127859 48.65068817 0.70178801
0.66680712 48.65068817 0.65590918
0.59238797 48.65068817 0.62142748
0.46960688 48.65068817 0.48719314
0.39225727 48.65068817 0.39269978
0.34378082 48.65068817 0.30318925
0.37091056 48.65068817 0.20992212
0.38051087 48.65068817 0.14483026
0.37689251 48.65068817 -0.03773694
0.36599284 48.65068817 0.03752463
0.33678603 48.65068817 -0.15871494
0.33398968 48.65068817 -0.27983251
0.33093065 48.65068817 -0.46302533
0.32844028 48.65068817 -0.58429861
0.34191296 48.65068817 -0.68136746
0.32375056 48.65068817 -0.82844543
0.32119608 48.65068817 -0.96405822
0.31662142 48.65068817 -1.29049730
0.37249827 48.65068817 -1.10083163
0.41791818 48.65068817 -1.42711949
0.32979944 48.65068817 -1.35110927
0.58791202 48.65068817 -1.45708430
0.74875998 48.65068817 -1.45097971
0.89529675 48.65068817 -1.44735932
1.15854990 48.65068817 -1.47769880
1.07539105 48.65068817 -1.46549857
1.25686395 48.65068817 -1.47983980
1.37975395 48.65068817 -1.48018813
1.55824482 48.65068817 -1.48265386
1.69635427 48.65068817 -1.49122751
1.63119328 48.65068817 -1.48588264
1.82012510 48.65068817 -1.48532104
1.93330991 48.65068817 -1.47280335
2.07596254 48.65068817 -1.49610233
2.22357965 48.65068817 -1.50874376
2.13561177 48.65068817 -1.50868154
2.38709044 48.65068817 -1.52214515
2.29517150 48.65068817 -1.52360892
2.54012513 48.65068817 -1.51284099
2.45680332 48.65068817 -1.52512848
2.73481631 48.65068817 -1.49584401
2.62549782 48.65068817 -1.50503933
2.79680395 48.65068817 -1.45891571
2.83963609 48.65068817 -1.37286973
2.83713055 48.65068817 -1.17555285
2.83513212 48.65068817 -1.27182508
2.90136218 48.65068817 -0.92747778
2.88070488 48.65068817 -1.05678236
2.89632297 48.65068817 -0.83876938
2.90306592 48.65068817 -0.75050366
2.87909198 48.65068817 -0.56268132
2.91380095 48.65068817 -0.63908207
2.81645799 48.65068817 -0.40360406
2.84099221 48.65068817 -0.46591654
2.79015040 48.65068817 -0.34498456
2.80689788 48.65068817 -0.24264230
2.75931287 48.65068817 -0.09626023
2.74156928 48.65068817 0.00349267
2.71148968 48.65068817 0.09479362
2.66148663 48.65068817 0.25632104
2.58958983 48.65068817 0.34921324
2.57314253 48.65068817 0.44798687
2.49196172 48.65068817 0.54678750
2.43296790 48.65068817 0.62857288
2.26612949 48.65068817 0.61763090
2.33654428 48.65068817 0.61936420
2.10442591 48.65068817 0.58237672
2.17117596 48.65068817 0.60867393
1.48970675 48.65068817 0.65546197
2.69717026 48.65068817 0.15638274
2.64140368 48.65068817 0.31482077
