1.89541984 -39.99744415 -1.39897287
0.28937018 -39.99744415 0.47890213
1.09642267 -39.99744415 0.73124689
1.61434269 -39.99744415 0.83877563
2.49627852 -39.99744415 0.82151526
2.06943512 -40.00743866 0.85198820
2.43609643 -40.00743866 0.82388604
2.66731501 -40.00743866 0.77796394
2.70353603 -40.00743866 0.65179163
2.73071456 -40.00743866 0.55335069
2.72279358 -40.00743866 0.47834256
2.73620462 -40.00743866 0.39962655
2.76225519 -40.00743866 0.32264078
2.78914213 -40.00743866 0.23847990
2.81339073 -40.00743866 0.17472446
2.84439707 -40.00743866 0.10507922
2.84630466 -40.00743866 -0.00639217
2.83860922 -40.00743866 -0.07963678
2.81652570 -40.00743866 -0.16679929
2.80820608 -40.00743866 -0.30435252
2.79755116 -40.00743866 -0.40575114
2.80275440 -40.00743866 -0.47174847
2.80808401 -40.00743866 -0.55614167
2.76093626 -40.00743866 -0.60924751
2.74099445 -40.00743866 -0.68619692
2.72458911 -40.00743866 -0.74678570
2.70142746 -40.00743866 -0.81315893
2.65309453 -40.00743866 -0.90617883
2.58629775 -40.00743866 -0.99152738
2.55908036 -40.00743866 -1.04750848
2.53729415 -40.00743866 -1.10977817
2.47204804 -40.00743866 -1.19260788
2.43163371 -40.00743866 -1.28982282
2.35188389 -40.00743866 -1.35877657
2.28262901 -40.00743866 -1.37138677
2.18146133 -40.00743866 -1.38261354
2.05990672 -40.00743866 -1.39391792
1.95496774 -40.00743866 -1.39753056
1.83545673 -40.00743866 -1.40179467
1.76204181 -40.00743866 -1.40330994
1.70135057 -40.00743866 -1.40393686
1.62008989 -40.00743866 -1.41137207
1.56024373 -40.00743866 -1.42095459
1.44292998 -40.00743866 -1.42533052
1.34807301 -40.00743866 -1.41950119
1.27178192 -40.00743866 -1.42953408
1.16185498 -40.00743866 -1.42231894
1.09494281 -40.00743866 -1.40834439
1.01659989 -40.00743866 -1.41928113
0.93375087 -40.00743866 -1.43032777
0.86010873 -40.00743866 -1.42940199
0.78342950 -40.00743866 -1.42395401
0.69441086 -40.00743866 -1.42785156
0.59829956 -40.00743866 -1.42790163
0.50665593 -40.00743866 -1.42106235
0.39413133 -40.00743866 -1.43142223
0.27371609 -40.00743866 -1.43341219
0.20810248 -40.00743866 -1.40569365
0.14726859 -40.00743866 -1.38005638
0.16237554 -40.00743866 -1.31158912
0.14930356 -40.00743866 -1.22872806
0.13964927 -40.00743866 -1.13102436
0.12532002 -40.00743866 -1.05362427
0.11730544 -40.00743866 -0.96792370
0.12830406 -40.00743866 -0.87501901
0.13169019 -40.00743866 -0.80042213
0.11232927 -40.00743866 -0.73784399
0.12543829 -40.00743866 -0.65812570
0.15462060 -40.00743866 -0.57563603
0.16637118 -40.00743866 -0.50800967
0.16161165 -40.00743866 -0.41484243
0.18350855 -40.00743866 -0.34472242
0.19917727 -40.00743866 -0.21380271
0.20327391 -40.00743866 -0.08408294
0.21889994 -40.00743866 -0.00458639
0.21411361 -40.00743866 0.07731622
0.21337341 -40.00743866 0.17016548
0.22978309 -40.00743866 0.27061537
0.25839233 -40.00743866 0.35139158
0.26794448 -40.00743866 0.42133102
0.33483672 -40.00743866 0.55862904
0.43794066 -40.00743866 0.56653196
0.54017919 -40.00743866 0.62470335
0.61791265 -40.00743866 0.63901371
0.68296367 -40.00743866 0.64877677
0.74739665 -40.00743866 0.66876692
0.81799704 -40.00743866 0.66814899
0.87439978 -40.00743866 0.69205177
0.95180428 -40.00743866 0.70170724
1.03780639 -40.00743866 0.71820164
1.18544304 -40.00743866 0.74912125
1.25323713 -40.00743866 0.76887977
1.31976950 -40.00743866 0.79819202
1.38496697 -40.00743866 0.81308877
1.45545566 -40.00743866 0.84513277
1.74294245 -40.00743866 0.83555830
1.83012104 -40.00743866 0.83711362
1.90585923 -40.00743866 0.84779000
1.96578860 -40.00743866 0.87546307
2.57092404 -40.00743866 0.82944274
2.69884610 -40.00743866 0.71536487
2.81665325 -40.00743866 -0.23821025
1.54955006 -40.00743866 0.83762580
