0.10039914 75.44011688 -1.45686710
1.47740865 75.44011688 -1.55420089
0.91900676 75.44011688 0.51904362
1.23776770 75.43012238 0.52968615
0.82424134 75.43012238 0.51828760
0.47744188 75.43012238 0.50136608
0.74317342 75.43012238 0.52320540
0.26392815 75.43012238 0.50831950
0.32517928 75.43012238 0.49717921
0.19485530 75.43012238 0.49771598
0.11972786 75.43012238 0.45943788
-0.04177036 75.43012238 0.38294426
-0.08892551 75.43012238 0.25183856
-0.07429622 75.43012238 0.32166576
-0.09746822 75.43012238 0.15985361
-0.10582268 75.43012238 -0.04452723
-0.10265678 75.43012238 0.08315314
-0.14862977 75.43012238 -0.15349172
-0.15293597 75.43012238 -0.24532202
-0.15941375 75.43012238 -0.43013275
-0.15272230 75.43012238 -0.36804655
-0.13666826 75.43012238 -0.66102952
-0.13931608 75.43012238 -0.54981804
-0.15150356 75.43012238 -0.74636525
-0.13711415 75.43012238 -0.82466400
-0.12302614 75.43012238 -0.96862233
-0.11178548 75.43012238 -1.05146945
-0.09900299 75.43012238 -1.11911535
-0.08074233 75.43012238 -1.27150023
-0.11428384 75.43012238 -1.21563911
-0.08310325 75.43012238 -1.33844030
0.04616400 75.43012238 -1.43024707
0.13945551 75.43012238 -1.50427032
0.23534572 75.43012238 -1.54574358
0.34002319 75.43012238 -1.55734527
0.44176471 75.43012238 -1.56316853
0.53678346 75.43012238 -1.56477571
0.62154567 75.43012238 -1.55971479
0.69706285 75.43012238 -1.55637705
0.76360434 75.43012238 -1.55385947
0.83325881 75.43012238 -1.55372190
0.91851157 75.43012238 -1.54954779
0.98712867 75.43012238 -1.55289614
1.09058356 75.43012238 -1.55432570
1.15885806 75.43012238 -1.55445290
1.22364402 75.43012238 -1.55021620
1.35673630 75.43012238 -1.54870760
1.41912663 75.43012238 -1.53687167
1.53788543 75.43012238 -1.56424356
1.63321853 75.43012238 -1.55677187
1.83109772 75.43012238 -1.55595124
1.75009513 75.43012238 -1.53664708
2.04419923 75.43012238 -1.51651371
1.97439909 75.43012238 -1.51375747
2.04606032 75.43012238 -1.45265067
2.09750915 75.43012238 -1.38899839
2.10856676 75.43012238 -1.29673779
2.12170863 75.43012238 -1.17223871
2.12862372 75.43012238 -1.08887184
2.08990860 75.43012238 -0.99900830
2.08741283 75.43012238 -0.84032345
2.10775948 75.43012238 -0.66934782
2.11184144 75.43012238 -0.41197491
2.12527585 75.43012238 -0.47103801
2.10826683 75.43012238 -0.33426970
2.09701753 75.43012238 -0.22227763
2.08407736 75.43012238 -0.16226713
2.07998013 75.43012238 -0.09742764
2.00826979 75.43012238 0.14108010
1.96656728 75.43012238 0.23337662
1.83563125 75.43012238 0.37594292
1.78679681 75.43012238 0.42589015
1.66960096 75.43012238 0.45418981
1.51463985 75.43012238 0.49261391
1.41074491 75.43012238 0.51265055
1.31930876 75.43012238 0.52492583
0.41737634 75.43012238 0.50354642
-0.17225049 75.43012238 -0.88236314
-0.04047685 75.43012238 -1.40194893
1.28455937 75.43012238 -1.55115092
1.90553641 75.43012238 -1.54527712
2.10746312 75.43012238 -0.73292291
2.12080002 75.43012238 -0.56073087
2.05079222 75.43012238 0.08913209
