0.19740689 82.97995758 -1.57526875
-0.24447422 82.97995758 -1.01101482
2.10300469 82.97995758 -0.18614398
2.17919850 82.97995758 -0.58744103
2.08769846 82.97995758 -1.08013046
2.05157804 82.97995758 -1.27527654
0.18962522 82.97995758 0.28271717
0.53912914 82.96996307 -1.62389016
0.36726475 82.96996307 -1.60323286
0.09280026 82.96996307 -1.56785178
-0.06083569 82.96996307 -1.56660891
-0.11925802 82.96996307 -1.54388833
-0.17906164 82.96996307 -1.40190208
-0.20248595 82.96996307 -1.21350944
-0.22801554 82.96996307 -1.09153283
-0.26484418 82.96996307 -0.92607176
-0.27200922 82.96996307 -0.72970223
-0.18553874 82.96996307 -0.62704968
-0.14338468 82.96996307 -0.42224243
-0.09551130 82.96996307 -0.29517457
-0.14665245 82.96996307 -0.14207183
0.66346514 82.96996307 -1.62319303
0.27357572 82.96996307 -1.58085978
-0.21443731 82.96996307 -1.32241380
-0.27385855 82.96996307 -0.82331902
-0.15229672 82.96996307 -0.35712111
0.93961006 82.96996307 0.63082606
1.06220675 82.96996307 0.59582329
1.17182624 82.96996307 0.59151745
1.27278793 82.96996307 0.61169410
1.40068996 82.96996307 0.62271351
1.47459459 82.96996307 0.61373442
1.57776725 82.96996307 0.60327536
1.64614272 82.96996307 0.58593494
1.71394944 82.96996307 0.57532805
1.92836976 82.96996307 0.57156336
2.01375937 82.96996307 0.51997834
2.02616596 82.96996307 0.35655907
2.04522014 82.96996307 0.21705514
2.06820536 82.96996307 0.06149108
2.07344985 82.96996307 -0.05873614
2.08291817 82.96996307 -0.12021275
2.11700559 82.96996307 -0.24617331
2.11379886 82.96996307 -0.34498671
2.14552355 82.96996307 -0.46038750
2.18486238 82.96996307 -0.64776236
2.17639279 82.96996307 -0.80955797
2.17157388 82.96996307 -0.88367492
2.16709876 82.96996307 -0.94397944
2.12374115 82.96996307 -1.00676334
2.07003117 82.96996307 -1.13842845
2.02997565 82.96996307 -1.33197892
1.96021247 82.96996307 -1.39442670
1.95757473 82.96996307 -1.52397370
1.84341216 82.96996307 -1.55330360
1.69088924 82.96996307 -1.58730435
1.56840909 82.96996307 -1.59658504
1.47226131 82.96996307 -1.59863508
1.40327919 82.96996307 -1.60203695
1.30670416 82.96996307 -1.51882136
1.22224593 82.96996307 -1.51890647
1.16981530 82.96996307 -1.60906136
1.09887695 82.96996307 -1.61119080
1.02062917 82.96996307 -1.61351383
0.85808146 82.96996307 -1.61890268
0.78153598 82.96996307 -1.62162387
-0.04794603 82.96996307 -0.07661191
0.02341439 82.96996307 0.10033187
0.04436269 82.96996307 0.16749910
0.14203627 82.96996307 0.24494885
0.26788855 82.96996307 0.37735361
0.42752761 82.96996307 0.47548333
0.61964488 82.96996307 0.56191188
0.68958861 82.96996307 0.58901310
0.81105393 82.96996307 0.61794001
