2.23590064 -74.57671356 0.33287308
1.29193592 -74.58670807 0.65670031
1.36868703 -74.58670807 0.65339923
1.43396616 -74.58670807 0.66558933
1.50834537 -74.58670807 0.66978872
1.58816433 -74.58670807 0.68731737
1.65807235 -74.58670807 0.71169227
1.74946380 -74.58670807 0.70085925
1.82267189 -74.58670807 0.71089250
1.91741645 -74.58670807 0.68347073
2.06678176 -74.58670807 0.58225852
2.12265587 -74.58670807 0.54278922
2.16769576 -74.58670807 0.47816998
2.20036674 -74.58670807 0.41576853
2.26124024 -74.58670807 0.27861327
2.31358123 -74.58670807 0.21655305
2.36063981 -74.58670807 0.11862832
2.42114329 -74.58670807 0.01910910
2.48927808 -74.58670807 -0.06192860
2.62956643 -74.58670807 -0.25123978
2.65557027 -74.58670807 -0.39845622
2.67531466 -74.58670807 -0.54262567
2.67950535 -74.58670807 -0.69641179
2.68461919 -74.58670807 -0.86057460
2.65810871 -74.58670807 -1.01034796
2.60128713 -74.58670807 -1.17341268
2.42378950 -74.58670807 -1.33015609
2.36651182 -74.58670807 -1.37229693
2.21054244 -74.58670807 -1.39292789
2.04235029 -74.58670807 -1.42123973
1.87549698 -74.58670807 -1.43210030
1.71316278 -74.58670807 -1.42062104
1.59563184 -74.58670807 -1.42925441
1.47448075 -74.58670807 -1.43249273
1.26353383 -74.58670807 -1.43310499
1.19469440 -74.58670807 -1.42769730
0.98336512 -74.58670807 -1.40856683
0.86600596 -74.58670807 -1.40510368
0.74112803 -74.58670807 -1.39574850
0.57547277 -74.58670807 -1.38204980
0.40901184 -74.58670807 -1.37730575
0.23841508 -74.58670807 -1.36105502
0.08068912 -74.58670807 -1.31366670
-0.06593797 -74.58670807 -1.24877763
-0.16462368 -74.58670807 -1.18130803
-0.31651905 -74.58670807 -1.02805126
-0.35928687 -74.58670807 -0.97463530
-0.31692460 -74.58670807 -0.84296560
-0.27601713 -74.58670807 -0.65492845
-0.24826111 -74.58670807 -0.48456985
-0.23560992 -74.58670807 -0.33647934
-0.17732510 -74.58670807 -0.19625935
-0.03444343 -74.58670807 -0.06184150
0.01028232 -74.58670807 0.06616583
0.05003854 -74.58670807 0.16357537
0.08672632 -74.58670807 0.26268452
0.16255091 -74.58670807 0.34355283
0.22872032 -74.58670807 0.43661746
0.30137250 -74.58670807 0.59430814
0.61562449 -74.58670807 0.59689587
0.68705064 -74.58670807 0.62094802
0.76073426 -74.58670807 0.63580239
0.87843645 -74.58670807 0.58264059
0.95078588 -74.58670807 0.60168558
1.03161800 -74.58670807 0.60293239
1.15063429 -74.58670807 0.62570047
1.23016238 -74.58670807 0.65558827
0.48662150 -74.58670807 0.59460175
