0.16954939 -51.69719696 0.48204297
0.15173180 -51.69719696 -1.16556799
1.85005653 -51.69719696 0.66541576
0.92592156 -51.70719147 0.80485338
0.85278785 -51.70719147 0.78341681
0.73614490 -51.70719147 0.77732390
0.63121998 -51.70719147 0.78333271
0.56675452 -51.70719147 0.78826725
0.33387259 -51.70719147 0.69009221
0.27473611 -51.70719147 0.62639165
0.23908018 -51.70719147 0.54370058
0.13292013 -51.70719147 0.42548764
0.03050043 -51.70719147 0.29818675
0.02601491 -51.70719147 0.23185912
0.03568823 -51.70719147 0.12340392
0.01776573 -51.70719147 -0.00103377
0.00394291 -51.70719147 -0.08071241
-0.00836374 -51.70719147 -0.17873174
-0.02908219 -51.70719147 -0.28837529
-0.05870185 -51.70719147 -0.38603485
-0.07729471 -51.70719147 -0.48816261
-0.10535450 -51.70719147 -0.59808326
-0.10680798 -51.70719147 -0.72450233
-0.08764488 -51.70719147 -0.80369920
-0.04336142 -51.70719147 -0.90430486
-0.00184932 -51.70719147 -0.98794818
-0.05905607 -51.70719147 -0.96300960
0.10988252 -51.70719147 -1.10928988
0.16867326 -51.70719147 -1.22775936
0.24160770 -51.70719147 -1.34326816
0.36044934 -51.70719147 -1.40376282
0.46442240 -51.70719147 -1.41074038
0.53707653 -51.70719147 -1.41099751
0.77347308 -51.70719147 -1.43111026
0.70740741 -51.70719147 -1.42770171
0.91361958 -51.70719147 -1.43972015
0.98778665 -51.70719147 -1.43972588
1.18332744 -51.70719147 -1.44374454
1.31316209 -51.70719147 -1.44486129
1.43828106 -51.70719147 -1.43885350
1.56969380 -51.70719147 -1.42466414
1.74199235 -51.70719147 -1.41724205
1.90811694 -51.70719147 -1.40931475
2.11035156 -51.70719147 -1.40999258
2.30151248 -51.70719147 -1.40229142
2.48985672 -51.70719147 -1.30712402
2.43051076 -51.70719147 -1.03626204
2.41161418 -51.70719147 -0.95512360
2.34287572 -51.70719147 -0.79418695
2.27349734 -51.70719147 -0.58978021
2.23738384 -51.70719147 -0.46454957
2.23683882 -51.70719147 -0.33970353
2.17428279 -51.70719147 -0.19807456
2.18991947 -51.70719147 -0.01268566
2.14128041 -51.70719147 0.10891627
2.05938578 -51.70719147 0.29118067
1.93095350 -51.70719147 0.59264725
1.78904653 -51.70719147 0.67011219
1.54755282 -51.70719147 0.66990584
1.45429921 -51.70719147 0.70869607
1.38277376 -51.70719147 0.73263431
1.24395669 -51.70719147 0.78750360
1.18414354 -51.70719147 0.80696064
1.01229882 -51.70719147 0.82425076
0.49188575 -51.70719147 0.76436561
0.40021577 -51.70719147 0.73577911
0.07655022 -51.70719147 0.38527828
0.27098459 -51.70719147 -1.41309357
0.61844623 -51.70719147 -1.41714942
2.01826763 -51.70719147 0.41573066
1.91834617 -51.70719147 0.65866947
1.62279212 -51.70719147 0.63885230
1.08617902 -51.70719147 0.83766413
