2.21160722 37.22092438 0.25840017
1.99022961 37.21092987 0.76263416
2.12478995 37.21092987 0.59786773
2.13047051 37.21092987 0.45765692
2.13290739 37.21092987 0.39117262
2.20889974 37.21092987 0.19921103
2.21108603 37.21092987 0.13483608
2.21107221 37.21092987 0.01914180
2.21299601 37.21092987 -0.05186517
2.30638266 37.21092987 -0.22233596
2.32343411 37.21092987 -0.31787023
2.32600451 37.21092987 -0.41684309
2.39341784 37.21092987 -0.52805376
2.38812542 37.21092987 -0.59652400
2.38194466 37.21092987 -0.70712858
2.36803484 37.21092987 -0.77506036
2.36192584 37.21092987 -0.86621261
2.38964725 37.21092987 -0.95896262
2.38089037 37.21092987 -1.11116886
2.38102865 37.21092987 -1.19774640
2.37667894 37.21092987 -1.36876726
2.19580126 37.21092987 -1.38829064
2.10626602 37.21092987 -1.47679865
1.93627775 37.21092987 -1.48379517
1.86326468 37.21092987 -1.49616206
1.74210048 37.21092987 -1.51292729
1.67712200 37.21092987 -1.51788998
1.47393715 37.21092987 -1.48632276
1.31003499 37.21092987 -1.47887838
1.16049278 37.21092987 -1.47682166
0.99267030 37.21092987 -1.49452102
0.89001906 37.21092987 -1.49710977
0.75396615 37.21092987 -1.49955714
0.63432366 37.21092987 -1.49124396
0.38321579 37.21092987 -1.47689450
0.23627812 37.21092987 -1.47327602
0.17108186 37.21092987 -0.95586997
0.16600357 37.21092987 -0.78674150
0.11961528 37.21092987 -0.71999311
0.12782261 37.21092987 -0.57262373
0.11056371 37.21092987 -0.50554353
0.05323942 37.21092987 -0.39516291
0.06074679 37.21092987 -0.30571154
0.05536070 37.21092987 -0.24225850
0.04787159 37.21092987 -0.17883074
0.04445853 37.21092987 -0.11627673
0.02680083 37.21092987 -0.01166913
0.02769801 37.21092987 0.05997504
0.02225447 37.21092987 0.13798402
0.00869651 37.21092987 0.25473893
0.00303830 37.21092987 0.32481226
0.07413775 37.21092987 0.40812060
0.09041160 37.21092987 0.49478000
0.11710751 37.21092987 0.56186903
0.14226434 37.21092987 0.63668412
0.17038307 37.21092987 0.71021986
0.21207318 37.21092987 0.75521415
0.33160180 37.21092987 0.76295495
0.41275111 37.21092987 0.79342222
0.51692104 37.21092987 0.81123602
0.62789911 37.21092987 0.81699806
0.73089319 37.21092987 0.83180660
1.05424023 37.21092987 0.84787518
2.11964655 37.21092987 0.75074822
0.19889452 37.21092987 -1.17399752
