2.39916635 59.58045197 -0.63694954
2.50686693 59.58045197 -1.07519341
-0.02723796 59.58045197 0.10371628
2.31085014 59.58045197 -0.34229916
2.10995173 59.57045746 0.28349453
2.14379239 59.57045746 0.21278735
2.16813254 59.57045746 0.15577899
2.16729307 59.57045746 0.00881023
2.17662907 59.57045746 -0.05979592
2.19258118 59.57045746 -0.13150734
2.22305942 59.57045746 -0.23083578
2.25815845 59.57045746 -0.31350607
2.33963013 59.57045746 -0.40694523
2.37583423 59.57045746 -0.45827931
2.41961336 59.57045746 -0.55471390
2.42051101 59.57045746 -0.69329512
2.43379641 59.57045746 -0.75658780
2.46336675 59.57045746 -0.81602520
2.50628853 59.57045746 -0.87067395
2.51080847 59.57045746 -1.00119615
2.46354699 59.57045746 -1.12007809
2.44439006 59.57045746 -1.18316162
2.42335033 59.57045746 -1.23958349
2.38384938 59.57045746 -1.29509556
2.34032083 59.57045746 -1.33763885
2.25341392 59.57045746 -1.41264749
2.14410019 59.57045746 -1.46384513
1.99109530 59.57045746 -1.47521901
1.89789450 59.57045746 -1.46988893
1.80433846 59.57045746 -1.47621369
1.74184620 59.57045746 -1.48535383
1.55045760 59.57045746 -1.49754155
1.44797313 59.57045746 -1.48311007
1.37131453 59.57045746 -1.49402678
1.28509212 59.57045746 -1.49349737
1.18398488 59.57045746 -1.49373376
1.11424029 59.57045746 -1.49065006
1.04973459 59.57045746 -1.48772252
0.92917591 59.57045746 -1.47510266
0.83247477 59.57045746 -1.48639584
0.74711651 59.57045746 -1.49009013
0.65542001 59.57045746 -1.48925948
0.55800325 59.57045746 -1.48521674
0.45452312 59.57045746 -1.47875452
0.33449951 59.57045746 -1.46565819
0.20252760 59.57045746 -1.44920444
0.06111773 59.57045746 -1.42578125
-0.06745849 59.57045746 -1.37938404
-0.14112405 59.57045746 -1.21494460
-0.18337037 59.57045746 -1.10594940
-0.19939882 59.57045746 -1.01209044
-0.20326880 59.57045746 -0.94804245
-0.18592121 59.57045746 -0.83372921
-0.18473415 59.57045746 -0.63518161
-0.22347829 59.57045746 -0.48870564
-0.22149067 59.57045746 -0.42382157
-0.17859606 59.57045746 -0.27512985
-0.16960759 59.57045746 -0.12813486
-0.06209644 59.57045746 0.04816690
-0.04136128 59.57045746 0.23031832
0.00292254 59.57045746 0.34936973
0.07047977 59.57045746 0.50857693
0.23601542 59.57045746 0.55974191
0.27260888 59.57045746 0.60810202
0.37027210 59.57045746 0.64706481
0.58768851 59.57045746 0.66937447
0.77382082 59.57045746 0.71159494
0.91608870 59.57045746 0.63803709
0.99463034 59.57045746 0.64953607
1.06758785 59.57045746 0.66717112
1.16548717 59.57045746 0.65659755
1.23677516 59.57045746 0.62144864
1.35917258 59.57045746 0.60533714
1.42027438 59.57045746 0.57449633
1.50604749 59.57045746 0.58199352
1.60648417 59.57045746 0.52308935
1.72921300 59.57045746 0.50068718
1.84765446 59.57045746 0.46871129
2.02586961 59.57045746 0.41126686
2.53560448 59.57045746 -0.93896753
1.64542460 59.57045746 -1.50398231
0.63684541 59.57045746 0.71024555
