0.27038080 -58.71704865 0.13414465
0.02305317 -58.71704865 -0.43027833
-0.05894393 -58.71704865 -0.59653634
-0.00621933 -58.71704865 -1.01630437
2.38397598 -58.71704865 -0.50473452
1.07983458 -58.71704865 0.48912093
1.01749098 -58.72704315 0.48826540
0.68442214 -58.72704315 0.54328591
0.57144505 -58.72704315 0.54799443
0.43737176 -58.72704315 0.53025520
0.30354267 -58.72704315 0.21860442
0.24595992 -58.72704315 0.05673082
0.19962230 -58.72704315 -0.03346268
0.15528101 -58.72704315 -0.13014075
0.10962314 -58.72704315 -0.23372856
0.07266873 -58.72704315 -0.31756857
0.00072888 -58.72704315 -0.49263853
-0.03857734 -58.72704315 -0.85332650
-0.02513877 -58.72704315 -0.92596555
0.01681552 -58.72704315 -1.07389736
0.04736352 -58.72704315 -1.21669459
0.08848441 -58.72704315 -1.26968145
0.24600865 -58.72704315 -1.34072304
0.32057616 -58.72704315 -1.37070358
0.44345337 -58.72704315 -1.38828957
0.57828045 -58.72704315 -1.39612198
0.73271441 -58.72704315 -1.42339909
0.84521794 -58.72704315 -1.43095112
1.02955544 -58.72704315 -1.44814146
0.96663135 -58.72704315 -1.44298267
1.22332966 -58.72704315 -1.47102952
1.32230210 -58.72704315 -1.48499560
1.47138619 -58.72704315 -1.47913349
1.68051434 -58.72704315 -1.45384502
1.74165356 -58.72704315 -1.44833767
1.82632124 -58.72704315 -1.44290483
1.97223318 -58.72704315 -1.43498755
2.21703577 -58.72704315 -1.38455856
2.30165601 -58.72704315 -1.30043554
2.36320305 -58.72704315 -1.21085358
2.32628417 -58.72704315 -0.99862981
2.35523868 -58.72704315 -0.87107176
2.41118598 -58.72704315 -0.75319552
2.36947274 -58.72704315 -0.60494494
2.39487529 -58.72704315 -0.44371834
2.40227079 -58.72704315 -0.37433925
2.40230513 -58.72704315 -0.23975487
2.43117261 -58.72704315 -0.15261549
0.77119440 -58.72704315 0.55304486
0.83114707 -58.72704315 0.57085901
0.38200051 -58.72704315 0.43281356
0.29542628 -58.72704315 0.31870741
-0.07255482 -58.72704315 -0.65998155
0.13396928 -58.72704315 -1.32722819
1.38863981 -58.72704315 -1.48906648
2.13406801 -58.72704315 -1.41957951
2.44181991 -58.72704315 -0.07797647
1.16443706 -58.72704315 0.50226581
0.93262058 -58.72704315 0.53519356
2.45025277 -58.72704315 -0.01643674
2.43634915 -58.72704315 0.05449541
2.41049433 -58.72704315 0.15641230
2.38252592 -58.72704315 0.26036966
2.36183691 -58.72704315 0.32287002
2.30113912 -58.72704315 0.41143948
2.20399690 -58.72704315 0.48268428
2.07503772 -58.72704315 0.53222883
1.90324652 -58.72704315 0.50086153
1.81069100 -58.72704315 0.49007723
1.72696376 -58.72704315 0.49634773
1.63703156 -58.72704315 0.51022333
1.52138007 -58.72704315 0.50116128
1.45566297 -58.72704315 0.50306290
1.37463164 -58.72704315 0.58328921
1.26294577 -58.72704315 0.52478546
