0.42867118 -30.37764740 0.23224179
0.31466037 -30.37764740 -0.10322414
0.28917968 -30.37764740 -0.46618295
0.30311772 -30.37764740 -0.85344362
0.27380207 -30.37764740 -1.00256741
0.30669919 -30.37764740 -1.19362390
0.58461607 -30.37764740 -1.47623789
0.82701212 -30.37764740 -1.46483660
1.03118229 -30.37764740 -1.46307874
1.22490811 -30.37764740 -1.44938815
1.48045194 -30.37764740 -1.44256306
2.02066135 -30.37764740 0.61107498
3.34276533 -30.37764740 -1.34158766
2.42050123 -30.38764191 -1.46104729
2.32253003 -30.38764191 -1.47394681
2.20895815 -30.38764191 -1.47941017
2.06982899 -30.38764191 -1.43810785
1.96031475 -30.38764191 -1.43901742
1.76856744 -30.38764191 -1.44405985
1.64843500 -30.38764191 -1.42344069
1.39988375 -30.38764191 -1.44291210
1.30891705 -30.38764191 -1.44315982
1.09801197 -30.38764191 -1.46486998
0.91642869 -30.38764191 -1.46056712
0.64891708 -30.38764191 -1.47750664
0.38836426 -30.38764191 -1.45170951
0.32251137 -30.38764191 -1.25451183
0.26372334 -30.38764191 -1.06971335
0.30189011 -30.38764191 -0.93459713
0.27823001 -30.38764191 -0.74502897
0.27008289 -30.38764191 -0.62076807
0.29820973 -30.38764191 -0.32413292
0.33104068 -30.38764191 -0.01904893
0.38629580 -30.38764191 0.16851342
0.47109821 -30.38764191 0.28487185
0.56407773 -30.38764191 0.38578901
0.73383451 -30.38764191 0.50753903
1.55612040 -30.38764191 -1.44249654
1.85774815 -30.38764191 -1.43955100
2.50683212 -30.38764191 -1.45633185
2.09193563 -30.38764191 0.59229749
1.92809296 -30.38764191 0.70568007
1.69193840 -30.38764191 0.69449061
1.78781700 -30.38764191 0.66195858
1.56314039 -30.38764191 0.76273447
1.49957871 -30.38764191 0.74328589
1.26255727 -30.38764191 0.63866729
1.37257183 -30.38764191 0.65831697
1.12031806 -30.38764191 0.61896104
0.99264592 -30.38764191 0.57818532
0.86011058 -30.38764191 0.58938789
2.61063528 -30.38764191 -1.49259996
2.74328876 -30.38764191 -1.44935167
3.03066921 -30.38764191 -1.43162060
3.18707252 -30.38764191 -1.40080833
3.35360026 -30.38764191 -1.40087819
3.46583676 -30.38764191 -1.11038053
3.52948356 -30.38764191 -1.02444696
3.56218719 -30.38764191 -0.85876292
3.61123729 -30.38764191 -0.68177700
3.59435105 -30.38764191 -0.41028929
3.60579443 -30.38764191 -0.27710849
3.61612988 -30.38764191 -0.16515926
3.62335467 -30.38764191 0.01092018
3.63114166 -30.38764191 0.10748404
3.62699461 -30.38764191 0.21357283
3.41771102 -30.38764191 0.28899926
3.28919101 -30.38764191 0.34066638
3.15420794 -30.38764191 0.40048978
2.94448233 -30.38764191 0.48295730
2.87668300 -30.38764191 0.51508236
2.66738462 -30.38764191 0.58252889
2.58727193 -30.38764191 0.59309691
2.49083495 -30.38764191 0.61472166
2.31804681 -30.38764191 0.64526081
2.21861601 -30.38764191 0.66054118
3.59331274 -30.38764191 -0.62259710
