1.97906697 -84.71649933 1.10311878
2.45003462 -84.71649933 1.01751781
2.78895044 -84.71649933 1.02169049
0.55870509 -84.71649933 0.97456443
1.06865680 -84.71649933 1.23360205
2.20518970 -84.72649384 1.03141928
2.26926446 -84.72649384 1.00888264
2.37669182 -84.72649384 0.99901527
2.58780003 -84.72649384 1.04545009
2.73225379 -84.72649384 1.04316866
2.95573044 -84.72649384 0.91514117
3.04866815 -84.72649384 0.83018458
3.21685719 -84.72649384 0.70499873
3.28307390 -84.72649384 0.66318458
3.40919352 -84.72649384 0.61497962
3.53341889 -84.72649384 0.44128093
3.56120777 -84.72649384 0.36489674
3.63487864 -84.72649384 0.08001397
3.65550280 -84.72649384 0.01901204
3.66588688 -84.72649384 -0.04047488
3.72528148 -84.72649384 -0.11418816
3.89322782 -84.72649384 -0.31173688
3.91966057 -84.72649384 -0.37608704
3.89697361 -84.72649384 -0.61347157
3.86468577 -84.72649384 -0.69844049
3.76758456 -84.72649384 -0.84566063
3.68740320 -84.72649384 -0.92701238
3.64273834 -84.72649384 -0.98317760
3.55325317 -84.72649384 -1.05525088
3.48494267 -84.72649384 -1.11266935
3.38259506 -84.72649384 -1.19134200
3.32423544 -84.72649384 -1.22509944
3.25265598 -84.72649384 -1.25874615
3.19605637 -84.72649384 -1.29527688
3.13714910 -84.72649384 -1.35246980
3.07696390 -84.72649384 -1.38125932
2.99548650 -84.72649384 -1.41050363
2.92101622 -84.72649384 -1.42253363
2.76113462 -84.72649384 -1.45607507
2.69120312 -84.72649384 -1.46416521
2.61700058 -84.72649384 -1.47060037
2.55123711 -84.72649384 -1.47426915
2.48135877 -84.72649384 -1.47691226
2.41852379 -84.72649384 -1.48294270
2.30857897 -84.72649384 -1.48834336
2.20161462 -84.72649384 -1.49974859
2.13493419 -84.72649384 -1.51056612
2.02598238 -84.72649384 -1.52807581
1.84984744 -84.72649384 -1.53003395
1.76239324 -84.72649384 -1.52938128
1.68889534 -84.72649384 -1.53138161
1.55602419 -84.72649384 -1.54041779
1.45716381 -84.72649384 -1.54377079
1.39426696 -84.72649384 -1.54483068
1.28245842 -84.72649384 -1.54674494
1.20573103 -84.72649384 -1.54057908
1.14245331 -84.72649384 -1.52701497
1.07288229 -84.72649384 -1.51981056
1.00331986 -84.72649384 -1.52219760
0.91736448 -84.72649384 -1.52376390
0.84459096 -84.72649384 -1.51872551
0.75517458 -84.72649384 -1.51198912
0.66939110 -84.72649384 -1.51430249
0.55438954 -84.72649384 -1.51342237
0.44129321 -84.72649384 -1.52082443
0.30327809 -84.72649384 -1.52492714
0.19048499 -84.72649384 -1.51401138
0.09392013 -84.72649384 -1.35498965
0.09500112 -84.72649384 -1.24618888
0.09539769 -84.72649384 -1.16218925
0.03922422 -84.72649384 -0.99563420
0.03971142 -84.72649384 -0.92015344
0.01775320 -84.72649384 -0.79073352
0.02484079 -84.72649384 -0.60200435
0.01538223 -84.72649384 -0.53318912
-0.00942347 -84.72649384 -0.43580231
-0.02942689 -84.72649384 -0.37369183
-0.05681601 -84.72649384 -0.30763003
-0.05648424 -84.72649384 -0.13517706
-0.06258725 -84.72649384 -0.05974551
-0.03098082 -84.72649384 0.01313827
0.03379936 -84.72649384 0.13276246
0.06393339 -84.72649384 0.19881921
0.16467886 -84.72649384 0.34926715
0.22518091 -84.72649384 0.43282482
0.30650637 -84.72649384 0.52300543
0.33522642 -84.72649384 0.62626344
0.43114689 -84.72649384 0.79990566
0.44966170 -84.72649384 0.85810375
0.50133753 -84.72649384 0.92095512
0.63528246 -84.72649384 1.07382584
0.69770277 -84.72649384 1.10081840
0.82958877 -84.72649384 1.20743084
0.88432062 -84.72649384 1.24875188
0.99710459 -84.72649384 1.20847356
1.20144618 -84.72649384 1.24675882
1.27195990 -84.72649384 1.22536457
1.36984921 -84.72649384 1.20787406
1.52944231 -84.72649384 1.19649613
1.60056674 -84.72649384 1.16795039
1.72172415 -84.72649384 1.16618419
1.83457386 -84.72649384 1.14975762
1.92483878 -84.72649384 1.13086104
2.06596184 -84.72649384 1.07125914
2.89381051 -84.72649384 0.99002522
3.47684264 -84.72649384 0.56035513
3.58459640 -84.72649384 0.27907404
3.99081111 -84.72649384 -0.51823193
2.83780956 -84.72649384 -1.44240713
1.93979514 -84.72649384 -1.53069413
0.09740398 -84.72649384 -1.49166310
0.09547432 -84.72649384 0.28782994
0.77043855 -84.72649384 1.16566324
