-0.07095166 72.06018829 0.86700577
1.90895224 72.06018829 0.32499805
-0.13498130 72.05019379 0.21889782
-0.12800099 72.05019379 0.31692576
-0.10498630 72.05019379 0.51129234
-0.12331049 72.05019379 0.66953415
-0.13223092 72.05019379 0.80959797
0.02895880 72.05019379 0.88098168
-0.10822161 72.05019379 0.10338639
-0.11406894 72.05019379 0.41557536
0.16408189 72.05019379 0.83176327
1.76073372 72.05019379 0.67629957
1.85347629 72.05019379 0.65843618
1.85124624 72.05019379 0.59165573
1.85292077 72.05019379 0.45523509
1.88964844 72.05019379 0.38540310
1.92244995 72.05019379 0.26573965
1.95617390 72.05019379 0.15131599
1.96227264 72.05019379 0.07508334
1.98287296 72.05019379 -0.06561523
2.03332949 72.05019379 -0.19486077
2.06252360 72.05019379 -0.30365875
2.10800695 72.05019379 -0.42548609
2.10815740 72.05019379 -0.50480682
2.15201020 72.05019379 -0.57221603
2.20296049 72.05019379 -0.67437446
2.18579483 72.05019379 -0.81065255
2.17621231 72.05019379 -0.96200407
2.18023634 72.05019379 -1.07497072
2.18004560 72.05019379 -1.14278483
2.18636298 72.05019379 -1.26933753
2.18550634 72.05019379 -1.35116041
2.19034934 72.05019379 -1.44073892
2.09842134 72.05019379 -1.47321272
2.04579306 72.05019379 -1.50409281
1.91670334 72.05019379 -1.52789629
1.75584424 72.05019379 -1.56396317
1.59921122 72.05019379 -1.56793427
1.42696512 72.05019379 -1.54673433
1.27969623 72.05019379 -1.55209422
1.12103391 72.05019379 -1.55795610
1.00253773 72.05019379 -1.56883526
0.80051166 72.05019379 -1.56109917
0.70126092 72.05019379 -1.56244957
0.51965153 72.05019379 -1.55963981
0.40863532 72.05019379 -1.55028164
0.26992902 72.05019379 -1.53428364
0.20741749 72.05019379 -1.52465081
0.12457825 72.05019379 -1.46346390
0.04414719 72.05019379 -1.34726596
0.06110259 72.05019379 -1.15427732
0.07643910 72.05019379 -0.96659154
0.05976949 72.05019379 -0.84297824
0.06826823 72.05019379 -0.70981228
0.01813688 72.05019379 -0.58589971
-0.03162449 72.05019379 -0.47840676
-0.05375173 72.05019379 -0.42205575
-0.05180364 72.05019379 -0.30503577
-0.02588808 72.05019379 -0.15337327
-0.07324485 72.05019379 -0.06478249
-0.09003793 72.05019379 0.02526992
0.30217215 72.05019379 0.82451302
0.41568106 72.05019379 0.81161600
0.52311909 72.05019379 0.78623849
0.61960310 72.05019379 0.77540910
0.69713193 72.05019379 0.76282078
0.82331502 72.05019379 0.75327456
0.89922601 72.05019379 0.76384372
1.05568695 72.05019379 0.73883277
1.23124087 72.05019379 0.71844774
1.29390538 72.05019379 0.72731513
1.41262352 72.05019379 0.72003758
1.49945700 72.05019379 0.71421689
1.57022047 72.05019379 0.67080623
1.14652061 72.05019379 0.72037023
