1.56682467 37.74091339 -1.50449491
1.41099036 37.74091339 -1.49290681
0.03007320 37.74091339 -1.27209473
-0.04686567 37.74091339 -1.02642238
-0.00980934 37.74091339 -0.77955127
0.01195459 37.74091339 -0.51233590
1.90936744 37.73091888 -1.48668897
1.68625832 37.73091888 -1.51968396
1.50013816 37.73091888 -1.49583304
1.31193435 37.73091888 -1.48934245
1.16046917 37.73091888 -1.48546231
1.00702786 37.73091888 -1.48790181
0.86735421 37.73091888 -1.50305820
0.73274726 37.73091888 -1.50735486
0.57164162 37.73091888 -1.49547482
0.35765851 37.73091888 -1.49264574
0.19043927 37.73091888 -1.45529997
0.08101735 37.73091888 -1.30700588
-0.05908457 37.73091888 -1.12233961
-0.01908930 37.73091888 -0.84655219
0.00916067 37.73091888 -0.66363275
-0.01532319 37.73091888 -0.57582062
0.06470238 37.73091888 -0.40348792
0.02325641 37.73091888 -0.29330555
0.02373796 37.73091888 -0.22346005
0.03466686 37.73091888 -0.15850446
0.05627020 37.73091888 -0.02399088
0.05551451 37.73091888 0.05942805
0.08201785 37.73091888 0.13287482
0.04660938 37.73091888 0.30758712
0.12074488 37.73091888 0.40893674
0.17385499 37.73091888 0.53830576
0.21821249 37.73091888 0.63291031
0.23503920 37.73091888 0.74218118
0.33045816 37.73091888 0.80034864
0.48070458 37.73091888 0.75423366
1.99306262 37.73091888 -1.46530104
-0.10524801 37.73091888 -1.28434181
0.08972378 37.73091888 -0.08590171
0.11383940 37.73091888 0.20286554
0.13446859 37.73091888 0.47160569
0.55823231 37.73091888 0.84325618
1.85420537 37.73091888 0.40769997
1.90521705 37.73091888 0.30852175
1.93396246 37.73091888 0.24698156
2.09292316 37.73091888 0.19369501
2.35864472 37.73091888 -0.04646817
2.35643792 37.73091888 -0.21896774
2.34209681 37.73091888 -0.39173454
2.24353075 37.73091888 -0.52863097
2.24397874 37.73091888 -0.66340417
2.30164504 37.73091888 -0.82146496
2.19722867 37.73091888 -1.04495549
2.18842649 37.73091888 -1.26148427
2.08728027 37.73091888 -1.44147789
0.69667041 37.73091888 0.81002605
0.77811116 37.73091888 0.83114475
0.83512849 37.73091888 0.73122698
1.65087712 37.73091888 0.50019544
