2.24216938 -73.01674652 -0.05215798
2.39670897 -73.01674652 -0.59147668
0.05781663 -73.01674652 -0.87906080
1.03317976 -73.02674103 0.53197122
1.12121105 -73.02674103 0.58146381
1.19522512 -73.02674103 0.61024421
1.29314172 -73.02674103 0.62032175
1.37745881 -73.02674103 0.62909281
1.45432174 -73.02674103 0.63178974
1.53924274 -73.02674103 0.61750048
1.60832679 -73.02674103 0.60549659
1.69333851 -73.02674103 0.58652657
1.82518816 -73.02674103 0.57069403
1.90113556 -73.02674103 0.55987418
1.96087217 -73.02674103 0.53060824
2.07451034 -73.02674103 0.54311597
2.08956432 -73.02674103 0.46797171
2.12235975 -73.02674103 0.35886911
2.16553831 -73.02674103 0.30507737
2.21744013 -73.02674103 0.07141709
2.25135326 -73.02674103 -0.11560838
2.27938485 -73.02674103 -0.23755671
2.29459810 -73.02674103 -0.35416925
2.32377124 -73.02674103 -0.44286665
2.34342647 -73.02674103 -0.50088114
2.42264771 -73.02674103 -0.64617109
2.43643856 -73.02674103 -0.74104804
2.46001172 -73.02674103 -0.79906267
2.50422263 -73.02674103 -0.97186625
2.49426126 -73.02674103 -1.07765293
2.50384665 -73.02674103 -1.14126945
2.49770641 -73.02674103 -1.27393544
2.49501753 -73.02674103 -1.34419680
2.42938328 -73.02674103 -1.37942779
2.27887058 -73.02674103 -1.41548014
2.10620666 -73.02674103 -1.43542111
1.92600787 -73.02674103 -1.44194722
1.75793600 -73.02674103 -1.44406772
1.58338630 -73.02674103 -1.44388211
1.51974809 -73.02674103 -1.45200741
1.45194304 -73.02674103 -1.45642209
1.35669756 -73.02674103 -1.45625269
1.25048041 -73.02674103 -1.45648921
1.12788522 -73.02674103 -1.43137562
1.01347470 -73.02674103 -1.43849039
0.90674031 -73.02674103 -1.43711030
0.73871285 -73.02674103 -1.42097342
0.63020569 -73.02674103 -1.40986919
0.55745292 -73.02674103 -1.40750217
0.48643914 -73.02674103 -1.40547776
0.41289738 -73.02674103 -1.40065372
0.32719544 -73.02674103 -1.38564014
0.27078867 -73.02674103 -1.34088397
0.25361544 -73.02674103 -1.23957682
0.22725682 -73.02674103 -1.14597356
0.19834791 -73.02674103 -1.08959377
0.11116124 -73.02674103 -1.01031756
0.08873767 -73.02674103 -0.93033159
0.06378913 -73.02674103 -0.80388623
0.02482975 -73.02674103 -0.70800716
0.01756183 -73.02674103 -0.62267697
0.03126204 -73.02674103 -0.52573222
0.02568352 -73.02674103 -0.39172405
0.02745905 -73.02674103 -0.30245233
0.05240635 -73.02674103 -0.16354215
0.07225113 -73.02674103 -0.09231368
0.07071333 -73.02674103 -0.00951888
0.10414352 -73.02674103 0.06219002
0.17642796 -73.02674103 0.14595391
0.20614193 -73.02674103 0.23358618
0.27568328 -73.02674103 0.31750053
0.32960123 -73.02674103 0.38009036
0.38631997 -73.02674103 0.39999166
0.46676150 -73.02674103 0.43203655
0.56502932 -73.02674103 0.44381547
0.64731687 -73.02674103 0.43172348
0.73896766 -73.02674103 0.45556897
0.90798634 -73.02674103 0.49582279
0.96718031 -73.02674103 0.51210219
0.80999827 -73.02674103 0.47542983
2.20181346 -73.02674103 0.19068147
