1.50320423 65.82032013 0.76383072
0.26452973 65.82032013 -1.49362946
1.96814978 65.82032013 -0.50918072
1.92055511 65.82032013 -0.14941852
1.82061934 65.82032013 0.30464751
1.71442962 65.82032013 0.82474631
1.38227856 65.82032013 0.74939930
0.63958728 65.82032013 0.61085576
0.46442705 65.82032013 0.52193940
0.30648279 65.82032013 0.48045635
0.17095849 65.82032013 0.43712211
-0.00704067 65.82032013 0.34099302
-0.12723182 65.82032013 0.25641933
-0.22213449 65.82032013 -0.04649998
1.30324030 65.81032562 0.73404163
0.92678070 65.81032562 0.70554131
0.99209309 65.81032562 0.71309495
0.71922112 65.81032562 0.64242595
0.58152014 65.81032562 0.58599305
0.51794338 65.81032562 0.56104785
0.40060097 65.81032562 0.52882057
0.23897274 65.81032562 0.47351289
0.10312411 65.81032562 0.43530515
0.03733936 65.81032562 0.40413123
-0.06241127 65.81032562 0.30703309
-0.17740919 65.81032562 0.03860994
-0.17929377 65.81032562 0.12636907
-0.23816720 65.81032562 -0.10435025
-0.25901109 65.81032562 -0.19151744
-0.27742851 65.81032562 -0.39480054
-0.30149582 65.81032562 -0.46668071
-0.36490053 65.81032562 -0.61845738
-0.28791770 65.81032562 -0.94509077
-0.26636520 65.81032562 -1.02398837
-0.22193523 65.81032562 -1.11948073
0.02624125 65.81032562 -1.36990583
-0.00330350 65.81032562 -1.31577718
0.10505870 65.81032562 -1.38215911
0.11421850 65.81032562 -1.46621060
0.20162025 65.81032562 -1.48728681
0.32314336 65.81032562 -1.50251675
0.44240993 65.81032562 -1.50247335
0.55554521 65.81032562 -1.50386155
0.65496570 65.81032562 -1.50998926
0.74465233 65.81032562 -1.50935423
0.88805246 65.81032562 -1.50457370
0.99143600 65.81032562 -1.51449943
1.05683911 65.81032562 -1.51062930
1.17053664 65.81032562 -1.51774764
1.26002169 65.81032562 -1.51631129
1.37188923 65.81032562 -1.50552332
1.49277532 65.81032562 -1.53968871
1.63878345 65.81032562 -1.52737677
1.76699889 65.81032562 -1.50504398
1.94508314 65.81032562 -1.51385105
2.08192873 65.81032562 -1.47661734
2.08875489 65.81032562 -1.41514003
2.08508301 65.81032562 -1.30524337
2.05035806 65.81032562 -1.12300944
1.95814276 65.81032562 -0.88100594
1.97048628 65.81032562 -0.73447359
1.99914753 65.81032562 -0.63725269
1.96855986 65.81032562 -0.44428110
1.90501666 65.81032562 -0.08495373
1.85720456 65.81032562 0.01876480
1.82092321 65.81032562 0.11730008
1.84413290 65.81032562 0.43326849
1.80818892 65.81032562 0.56493926
-0.35236683 65.81032562 -0.53393555
-0.34220842 65.81032562 -0.80432367
-0.17818914 65.81032562 -1.20500708
-0.09474667 65.81032562 -1.30646861
1.97679651 65.81032562 -0.98781431
1.94018006 65.81032562 -0.36417043
1.93923748 65.81032562 -0.24749947
1.80850577 65.81032562 0.22125022
1.77371275 65.81032562 0.84317261
1.44368184 65.81032562 0.76192296
1.20034587 65.81032562 0.72291517
1.09323299 65.81032562 0.71707308
0.82727826 65.81032562 0.68925768
-0.15691479 65.81032562 0.19957589
-0.23611365 65.81032562 -0.27148512
