1.59882617 -11.39804840 -1.39256060
0.92089736 -11.40804291 0.43341082
0.74960935 -11.40804291 0.41382214
0.64359170 -11.40804291 0.38945353
0.56817585 -11.40804291 0.35463184
0.47209048 -11.40804291 0.28975123
0.33427888 -11.40804291 0.18569079
0.28823280 -11.40804291 0.13694386
0.26609138 -11.40804291 0.03283165
0.22719422 -11.40804291 -0.01617815
0.21786343 -11.40804291 -0.12759244
0.13844447 -11.40804291 -0.23568946
0.07867435 -11.40804291 -0.34882462
0.09419435 -11.40804291 -0.44800726
0.10834681 -11.40804291 -0.51316869
0.11999182 -11.40804291 -0.59488851
0.12311944 -11.40804291 -0.65981513
0.12743972 -11.40804291 -0.75388050
0.11136444 -11.40804291 -0.90226579
0.10157675 -11.40804291 -0.84306514
0.12857325 -11.40804291 -0.97955650
0.16414249 -11.40804291 -1.04906189
0.23749416 -11.40804291 -1.26282942
0.23713830 -11.40804291 -1.33447802
0.35771069 -11.40804291 -1.36038363
0.47088742 -11.40804291 -1.37028706
0.53140008 -11.40804291 -1.37734509
0.61894482 -11.40804291 -1.38049018
0.72131228 -11.40804291 -1.38091004
0.80007219 -11.40804291 -1.38358164
0.88684607 -11.40804291 -1.38760924
0.98727202 -11.40804291 -1.39564168
1.08125651 -11.40804291 -1.39012587
1.17029965 -11.40804291 -1.38767612
1.23218739 -11.40804291 -1.38810861
1.32268715 -11.40804291 -1.39456379
1.40552807 -11.40804291 -1.40455675
1.49590862 -11.40804291 -1.39267135
1.65940320 -11.40804291 -1.40030897
1.78431726 -11.40804291 -1.40743625
1.99174142 -11.40804291 -1.40601802
1.92729878 -11.40804291 -1.40444577
2.15799952 -11.40804291 -1.40156806
2.07901287 -11.40804291 -1.39823604
2.30499625 -11.40804291 -1.35827422
2.24057484 -11.40804291 -1.37400806
2.41895127 -11.40804291 -1.34843850
2.55591512 -11.40804291 -1.26388514
2.51837349 -11.40804291 -1.31727314
2.58638597 -11.40804291 -1.03715670
2.58322287 -11.40804291 -0.80049974
2.59595871 -11.40804291 -0.87337303
2.57964349 -11.40804291 -0.63403875
2.58182979 -11.40804291 -0.47337946
2.53348470 -11.40804291 -0.30329010
2.46989560 -11.40804291 0.00486361
2.48730183 -11.40804291 -0.07046509
2.44042921 -11.40804291 0.06387667
2.27677703 -11.40804291 0.26303071
2.20045447 -11.40804291 0.34985483
2.06765175 -11.40804291 0.38165224
1.94923854 -11.40804291 0.41492870
1.82132339 -11.40804291 0.47873747
1.71492398 -11.40804291 0.52084988
1.55947471 -11.40804291 0.53529519
1.26263690 -11.40804291 0.49442562
1.08921456 -11.40804291 0.47540158
1.01619339 -11.40804291 0.46326634
0.41373581 -11.40804291 0.26303300
0.06165789 -11.40804291 -0.27769315
0.13940705 -11.40804291 -1.17649043
2.57388043 -11.40804291 -0.38836730
2.51122761 -11.40804291 -0.12911198
2.39292932 -11.40804291 0.14577939
1.45163226 -11.40804291 0.53102964
1.36430991 -11.40804291 0.51717091
1.19086707 -11.40804291 0.49715984
0.83783507 -11.40804291 0.42837143
