0.12682413 -35.83753204 0.12066337
0.09004837 -35.83753204 -0.23180868
0.04388229 -35.83753204 -0.72216308
0.11724595 -35.83753204 -1.28170681
1.67623675 -35.83753204 -1.45143306
2.69971418 -35.83753204 -0.15512060
2.04788685 -35.83753204 0.70705146
1.87213588 -35.83753204 0.72068048
1.41913068 -35.83753204 0.74465990
0.51409960 -35.83753204 0.55240905
0.69196928 -35.84752655 0.63734072
0.44932312 -35.84752655 0.52357769
0.20027542 -35.84752655 0.34618396
0.15209913 -35.84752655 0.27403888
0.12390584 -35.84752655 0.05706932
0.13682875 -35.84752655 -0.08273339
0.06436048 -35.84752655 -0.31210884
0.01747140 -35.84752655 -0.41479060
0.01338220 -35.84752655 -0.48897851
0.05368550 -35.84752655 -0.78620714
0.04834830 -35.84752655 -0.86561733
0.09170427 -35.84752655 -1.04379559
0.11225970 -35.84752655 -1.18188751
0.11813951 -35.84752655 -1.34945273
0.17933166 -35.84752655 -1.49159431
0.35714239 -35.84752655 -1.50200284
0.54545313 -35.84752655 -1.48848653
0.71569824 -35.84752655 -1.46374154
0.84029096 -35.84752655 -1.47599363
1.03711760 -35.84752655 -1.48994112
1.17872477 -35.84752655 -1.45798028
1.24564338 -35.84752655 -1.46716487
1.33144760 -35.84752655 -1.47292304
1.43279612 -35.84752655 -1.47313046
1.59376836 -35.84752655 -1.46519411
1.74600673 -35.84752655 -1.43932879
1.84252465 -35.84752655 -1.44189501
1.93835258 -35.84752655 -1.43856716
2.03774548 -35.84752655 -1.43919265
2.16033387 -35.84752655 -1.42584503
2.27866769 -35.84752655 -1.40984654
2.37806058 -35.84752655 -1.37988865
2.45124054 -35.84752655 -1.25097907
2.56184554 -35.84752655 -1.06454158
2.61628556 -35.84752655 -0.95231915
2.63664913 -35.84752655 -0.88805795
2.69244742 -35.84752655 -0.68912137
2.71127057 -35.84752655 -0.57989007
2.76205039 -35.84752655 -0.40355834
2.74922585 -35.84752655 -0.32288450
2.73236632 -35.84752655 -0.24691151
2.66007090 -35.84752655 -0.04519327
2.61323786 -35.84752655 0.06117849
2.59450054 -35.84752655 0.17986336
2.57587337 -35.84752655 0.29973280
2.45317054 -35.84752655 0.58979779
2.34963346 -35.84752655 0.66102797
2.24010873 -35.84752655 0.68206751
2.13181233 -35.84752655 0.70895648
1.97536564 -35.84752655 0.69745618
1.63222039 -35.84752655 0.76263082
1.54875767 -35.84752655 0.74208045
1.35807025 -35.84752655 0.74260986
1.22825515 -35.84752655 0.73312962
1.14304388 -35.84752655 0.71975100
0.90672433 -35.84752655 0.71114260
0.13014692 -35.84752655 0.21603671
0.02158440 -35.84752655 -0.59435600
0.12004174 -35.84752655 -1.46273065
0.94864357 -35.84752655 -1.48557079
1.52108026 -35.84752655 -1.47060037
2.51331568 -35.84752655 -1.15349162
2.75139928 -35.84752655 -0.47720191
2.55591869 -35.84752655 0.44867969
2.49307346 -35.84752655 0.53901851
1.77050757 -35.84752655 0.75894135
1.02758431 -35.84752655 0.70399112
0.79073679 -35.84752655 0.68362528
0.62151974 -35.84752655 0.63194197
