1.53743231 -76.65666962 0.87425411
0.69922733 -76.66666412 0.84001774
0.82193571 -76.66666412 0.87687701
0.61523193 -76.66666412 0.81877917
0.51360464 -76.66666412 0.77994174
0.46358025 -76.66666412 0.73603785
0.35800830 -76.66666412 0.70105541
0.23171011 -76.66666412 0.67897803
0.10882851 -76.66666412 0.64550322
0.01745417 -76.66666412 0.56646115
-0.09208597 -76.66666412 0.51976490
-0.11503100 -76.66666412 0.19031994
-0.08740425 -76.66666412 0.37604302
-0.17061862 -76.66666412 0.13056412
-0.28128895 -76.66666412 -0.04818902
-0.31012976 -76.66666412 -0.12514122
-0.35357726 -76.66666412 -0.29916820
-0.39936778 -76.66666412 -0.45539358
-0.43787360 -76.66666412 -0.74251598
-0.44068503 -76.66666412 -0.60870773
-0.38278705 -76.66666412 -0.89450324
-0.35981622 -76.66666412 -0.95656615
-0.19469768 -76.66666412 -1.12380934
-0.29183012 -76.66666412 -1.02799892
-0.06352259 -76.66666412 -1.20807207
0.06343208 -76.66666412 -1.30525935
0.31002352 -76.66666412 -1.40457249
0.17665400 -76.66666412 -1.36334741
0.45892498 -76.66666412 -1.42065632
0.60188758 -76.66666412 -1.41194439
0.71674049 -76.66666412 -1.42138469
0.83344173 -76.66666412 -1.43156624
0.94812626 -76.66666412 -1.44022119
1.16447103 -76.66666412 -1.45182157
1.39941633 -76.66666412 -1.44710147
1.51982665 -76.66666412 -1.44441843
1.64779115 -76.66666412 -1.43167269
1.77645087 -76.66666412 -1.44755352
1.92854297 -76.66666412 -1.44130254
2.08263516 -76.66666412 -1.42393064
2.24791622 -76.66666412 -1.40408635
2.39235950 -76.66666412 -1.34521556
2.47985339 -76.66666412 -1.22533095
2.44459701 -76.66666412 -1.31347322
2.55251479 -76.66666412 -1.06177199
2.67634535 -76.66666412 -0.87291855
2.70591140 -76.66666412 -0.68129575
2.68841457 -76.66666412 -0.80475003
2.87373924 -76.66666412 -0.42344978
2.94263434 -76.66666412 -0.27723327
2.92566371 -76.66666412 -0.15777893
3.04136562 -76.66666412 -0.01319918
3.17301083 -76.66666412 0.20815264
3.27683640 -76.66666412 0.43223593
3.30195713 -76.66666412 0.49474534
3.13757396 -76.66666412 0.59917355
2.82795119 -76.66666412 0.64684206
3.06432676 -76.66666412 0.61270761
2.60074854 -76.66666412 0.70191950
2.75481749 -76.66666412 0.66044694
2.34707952 -76.66666412 0.73920214
2.49136043 -76.66666412 0.71357369
2.19921637 -76.66666412 0.80150205
1.96895349 -76.66666412 0.88650382
2.02464581 -76.66666412 0.84266287
1.88556600 -76.66666412 0.92099547
1.82702947 -76.66666412 0.89269966
1.62512124 -76.66666412 0.92026675
1.71611261 -76.66666412 0.92505431
1.47654784 -76.66666412 0.87349749
1.31955516 -76.66666412 0.85622078
1.22454822 -76.66666412 0.88393718
1.10866618 -76.66666412 0.90746111
1.01680553 -76.66666412 0.90938580
0.90786761 -76.66666412 0.88756067
