1.95920694 11.74146271 0.22021927
2.42213583 11.74146271 -0.49303904
0.63088340 11.74146271 0.64238495
1.64845836 11.73146820 0.45295092
1.74513292 11.73146820 0.39718589
1.90561402 11.73146820 0.24915479
1.99357724 11.73146820 0.14060518
2.12990475 11.73146820 -0.05706124
2.26761222 11.73146820 -0.21166760
2.38110733 11.73146820 -0.41483584
2.68837070 11.73146820 -0.97938645
2.68726301 11.73146820 -1.04941225
2.72295141 11.73146820 -1.25346386
2.55805516 11.73146820 -1.33015013
2.49676156 11.73146820 -1.34390461
2.22842860 11.73146820 -1.38404906
1.99515665 11.73146820 -1.41177368
1.80395293 11.73146820 -1.41841125
1.64922142 11.73146820 -1.41640437
1.54630816 11.73146820 -1.40498531
1.44267404 11.73146820 -1.43756771
1.38078249 11.73146820 -1.43708074
1.30763376 11.73146820 -1.42410612
1.22369719 11.73146820 -1.43936980
1.13378930 11.73146820 -1.43017578
1.05863738 11.73146820 -1.41315234
0.97349197 11.73146820 -1.42208982
0.91034156 11.73146820 -1.42026734
0.83274752 11.73146820 -1.41663861
0.76488274 11.73146820 -1.41535711
0.69518864 11.73146820 -1.41121221
0.63653660 11.73146820 -1.39592481
0.57567883 11.73146820 -1.39332104
0.42103842 11.73146820 -1.38084781
0.32058409 11.73146820 -1.38557041
0.21431187 11.73146820 -1.36340606
0.13756765 11.73146820 -1.33831632
0.02888187 11.73146820 -1.28661895
0.02019830 11.73146820 -1.18974113
0.00960379 11.73146820 -1.06573415
-0.03268336 11.73146820 -0.95048118
-0.05934129 11.73146820 -0.87397033
-0.07180599 11.73146820 -0.77652043
-0.09531051 11.73146820 -0.71360880
-0.15774767 11.73146820 -0.56179786
-0.15715897 11.73146820 -0.48664346
-0.11037987 11.73146820 -0.36832893
-0.03084645 11.73146820 -0.19560057
-0.00636698 11.73146820 -0.14041261
0.01145808 11.73146820 -0.04893268
0.03157779 11.73146820 0.08457378
0.03417408 11.73146820 0.24116063
0.04924462 11.73146820 0.43801430
0.28423527 11.73146820 0.60945892
0.44645110 11.73146820 0.61657882
0.57137799 11.73146820 0.63251060
0.81483376 11.73146820 0.66117668
0.88044035 11.73146820 0.66791004
0.98624349 11.73146820 0.64881432
1.21348011 11.73146820 0.62162799
1.44688523 11.73146820 0.62024456
1.48968816 11.73146820 0.53102636
2.21725059 11.73146820 -0.16201656
2.74077892 11.73146820 -1.18456662
0.50119776 11.73146820 -1.37937093
0.11364426 11.73146820 0.58248723
0.18437214 11.73146820 0.61239535
1.36923623 11.73146820 0.61554062
