0.11224124 67.64028168 0.47986922
0.50357336 67.64028168 0.51663250
1.05906546 67.63028717 -1.51073194
0.88474208 67.63028717 -1.49314964
0.81263548 67.63028717 -1.50162482
0.73475444 67.63028717 -1.50512695
0.61597663 67.63028717 -1.50646448
0.52926332 67.63028717 -1.50164008
0.45620689 67.63028717 -1.50007689
0.37701154 67.63028717 -1.49590123
0.29361039 67.63028717 -1.48679221
0.21262400 67.63028717 -1.47121263
0.04497054 67.63028717 -1.43569624
-0.01723353 67.63028717 -1.39794099
-0.07219632 67.63028717 -1.31025994
-0.09495791 67.63028717 -1.22837174
-0.12387900 67.63028717 -1.15207624
-0.09561832 67.63028717 -1.04613459
-0.08102895 67.63028717 -0.96325845
-0.11682874 67.63028717 -0.83341277
-0.14710867 67.63028717 -0.76619720
-0.17629166 67.63028717 -0.70538735
-0.18879883 67.63028717 -0.56367964
-0.20379485 67.63028717 -0.49711466
-0.19106986 67.63028717 -0.40406939
-0.21793509 67.63028717 -0.30453566
-0.23033533 67.63028717 -0.20516297
-0.23257734 67.63028717 -0.00558344
-0.21216671 67.63028717 0.11947124
-0.22306958 67.63028717 0.28524539
-0.17766169 67.63028717 0.40945375
0.05328816 67.63028717 0.46844912
0.18245059 67.63028717 0.48387915
0.29272455 67.63028717 0.50122076
0.40762794 67.63028717 0.51125729
0.57058793 67.63028717 0.52142680
0.65583128 67.63028717 0.52276820
0.81418526 67.63028717 0.52844083
0.91316527 67.63028717 0.54478651
1.03918421 67.63028717 0.53515279
0.13350253 67.63028717 -1.46361613
-0.18549329 67.63028717 -0.62731040
-0.24962470 67.63028717 -0.08407047
-0.04628235 67.63028717 0.45905203
1.10646594 67.63028717 0.54406482
1.83939779 67.63028717 0.05850313
1.82252014 67.63028717 -0.08985557
1.85241425 67.63028717 -0.22086446
1.86987054 67.63028717 -0.33176550
1.94290340 67.63028717 -0.50586361
1.96934748 67.63028717 -0.62401986
1.98425305 67.63028717 -0.70967191
2.01190209 67.63028717 -0.86420894
2.06377649 67.63028717 -1.01064491
2.07410359 67.63028717 -1.15078688
2.07497573 67.63028717 -1.22263968
2.05569315 67.63028717 -1.34746456
1.99220836 67.63028717 -1.40632248
1.84379494 67.63028717 -1.46674252
1.67222559 67.63028717 -1.49016953
1.52336168 67.63028717 -1.50517702
1.36631095 67.63028717 -1.49167001
1.26463556 67.63028717 -1.51069784
1.14432955 67.63028717 -1.50806272
1.26979268 67.63028717 0.53220302
1.44253838 67.63028717 0.57020080
1.51954079 67.63028717 0.62323576
1.67485225 67.63028717 0.49054778
1.71463954 67.63028717 0.44541487
1.79065919 67.63028717 0.27951726
1.80827534 67.63028717 0.18342412
0.96972662 67.63464355 -1.50732398
