1.78846061 80.38001251 0.45465335
2.31022811 80.38001251 -0.55827737
0.49117461 80.38001251 -1.59303081
1.46812177 80.37001801 0.52231574
1.54451239 80.37001801 0.50208241
1.62247026 80.37001801 0.47425988
1.72881484 80.37001801 0.44856077
1.88607967 80.37001801 0.41600344
2.00413656 80.37001801 0.31236890
2.01944780 80.37001801 0.23539475
2.05241394 80.37001801 0.15098092
2.08914590 80.37001801 0.01267118
2.11436963 80.37001801 -0.07909448
2.10983896 80.37001801 -0.15680960
2.14280510 80.37001801 -0.22454594
2.24890184 80.37001801 -0.33450446
2.27827811 80.37001801 -0.43067229
2.33407259 80.37001801 -0.49311110
2.35835314 80.37001801 -0.71684283
2.37955332 80.37001801 -0.83215666
2.43505192 80.37001801 -1.04323518
2.45426536 80.37001801 -1.11049569
2.46334243 80.37001801 -1.18282545
2.41363215 80.37001801 -1.23818517
2.35587955 80.37001801 -1.30382895
2.27264452 80.37001801 -1.37948644
2.22102761 80.37001801 -1.41395307
2.12797523 80.37001801 -1.45237899
2.07361960 80.37001801 -1.54514647
2.03843331 80.37001801 -1.61874855
1.95542610 80.37001801 -1.62266421
1.86538839 80.37001801 -1.61914110
1.75096142 80.37001801 -1.62559569
1.68419790 80.37001801 -1.62706518
1.56914079 80.37001801 -1.63137507
1.47985768 80.37001801 -1.63463664
1.29590571 80.37001801 -1.62653661
1.19397914 80.37001801 -1.62211609
1.12648118 80.37001801 -1.61896694
1.02070534 80.37001801 -1.61419177
0.95511937 80.37001801 -1.60866344
0.88231218 80.37001801 -1.60231507
0.71720594 80.37001801 -1.61238956
0.61161125 80.37001801 -1.60248196
0.43307155 80.37001801 -1.58001029
0.32073963 80.37001801 -1.57650769
0.24023440 80.37001801 -1.55776525
0.10016876 80.37001801 -1.38253450
0.06669107 80.37001801 -1.23622680
0.00307612 80.37001801 -1.06450975
0.03515117 80.37001801 -0.96641701
0.06934176 80.37001801 -0.84975225
-0.04904271 80.37001801 -0.66516674
-0.06294002 80.37001801 -0.60480171
-0.02463165 80.37001801 -0.43415090
-0.01757248 80.37001801 -0.37379801
-0.08084755 80.37001801 -0.28101423
-0.14552987 80.37001801 -0.21031950
-0.09705781 80.37001801 -0.12097982
0.00449341 80.37001801 -0.06028966
0.07048497 80.37001801 0.01309544
0.18190992 80.37001801 0.18533207
0.24116524 80.37001801 0.30037495
0.27325195 80.37001801 0.36783180
0.36090255 80.37001801 0.47633275
0.41522160 80.37001801 0.56356388
0.49017286 80.37001801 0.59836632
0.58709693 80.37001801 0.63302171
0.68664676 80.37001801 0.64579278
0.81362754 80.37001801 0.65961695
0.90240031 80.37001801 0.63886350
1.00910223 80.37001801 0.61743164
1.11247301 80.37001801 0.59328490
1.21627474 80.37001801 0.57209682
1.33078146 80.37001801 0.55731934
1.40196252 80.37001801 0.54697937
0.10890595 80.37001801 0.06597325
2.40135431 80.37001801 -0.93427217
2.33046460 80.37001801 -0.61433220
2.19992971 80.37001801 -0.25581345
