0.84954888 51.78061676 0.44710663
0.18790247 51.78061676 0.07222105
0.10020740 51.78061676 -0.15915111
0.57507032 51.78061676 -1.45524633
1.01132512 51.77062225 0.54242074
1.07745004 51.77062225 0.55853570
1.21165955 51.77062225 0.57838666
1.27540696 51.77062225 0.61705494
1.34796643 51.77062225 0.60216790
1.45122087 51.77062225 0.57624954
1.51906669 51.77062225 0.57216281
1.61596334 51.77062225 0.53183174
1.23260009 51.77062225 -1.46806359
1.13197005 51.77062225 -1.47012842
0.92706221 51.77062225 -1.46337903
0.81091142 51.77062225 -1.46212137
0.66552448 51.77062225 -1.45485842
0.43464798 51.77062225 -1.45527172
0.32003060 51.77062225 -1.45144677
0.17463079 51.77062225 -1.42062056
0.01182296 51.77062225 -1.36542249
-0.00714173 51.77062225 -1.23959708
-0.05387497 51.77062225 -1.10474646
-0.09781514 51.77062225 -0.98919916
-0.09244468 51.77062225 -0.84956652
-0.07521642 51.77062225 -0.72188932
-0.03469220 51.77062225 -0.58487588
0.00424930 51.77062225 -0.47457546
0.01265396 51.77062225 -0.35998887
0.06701152 51.77062225 -0.20899935
0.17204891 51.77062225 -0.06832007
0.21578023 51.77062225 0.16018835
0.21627228 51.77062225 0.23623537
0.23148727 51.77062225 0.33733091
0.34929734 51.77062225 0.40247297
0.42989963 51.77062225 0.42208293
0.51074189 51.77062225 0.42851990
0.60324693 51.77062225 0.41413668
0.72998893 51.77062225 0.43175253
0.79075646 51.77062225 0.43880937
0.93968982 51.77062225 0.49580699
0.66316092 51.77062225 0.42718771
0.16450509 51.77062225 0.01379438
0.03480750 51.77062225 -0.28327057
1.69127977 51.77062225 0.51340258
1.77627730 51.77062225 0.50280672
1.36693859 51.77062225 -1.46816647
1.46780002 51.77062225 -1.47234225
1.60509443 51.77062225 -1.48001289
1.73755872 51.77062225 -1.46245933
1.90444005 51.77062225 -1.44824004
2.03249049 51.77062225 -1.42688823
2.09913564 51.77062225 -1.39069343
2.20007348 51.77062225 -1.24334323
2.22829342 51.77062225 -1.03876042
2.21322012 51.77062225 -1.17633247
2.23866534 51.77062225 -0.87972742
2.25501966 51.77062225 -0.76610738
2.25972152 51.77062225 -0.60352743
2.23156404 51.77062225 -0.50974441
2.21983314 51.77062225 -0.38626212
2.20745850 51.77062225 -0.28753915
2.17104459 51.77062225 -0.13853472
2.15780210 51.77062225 -0.07629152
2.11577535 51.77062225 0.21363440
2.18344569 51.77062225 0.35169935
2.06935263 51.77062225 0.52524120
2.12166476 51.77062225 0.11163592
