3.66115952 -84.19651031 0.13097091
1.05366468 -84.19651031 -1.52295339
0.88084209 -84.19651031 -1.51664710
1.72462940 -84.20650482 1.15147543
1.78691137 -84.20650482 1.13359261
1.90962636 -84.20650482 1.13382006
1.99741626 -84.20650482 1.11394835
2.06776309 -84.20650482 1.10225379
2.18685341 -84.20650482 1.11695743
2.29083657 -84.20650482 1.10866082
2.36876893 -84.20650482 1.13375044
2.49940610 -84.20650482 1.09377968
2.63109374 -84.20650482 1.06527483
2.69817758 -84.20650482 1.04775476
2.80999970 -84.20650482 1.00727499
2.89523005 -84.20650482 0.99220830
2.99102378 -84.20650482 0.95460314
3.13594747 -84.20650482 0.86868989
3.20574951 -84.20650482 0.81267422
3.27422667 -84.20650482 0.79279190
3.39001274 -84.20650482 0.71602654
3.47522950 -84.20650482 0.60307544
3.50910807 -84.20650482 0.53003329
3.55507278 -84.20650482 0.44583282
3.58679724 -84.20650482 0.37339187
3.61775994 -84.20650482 0.26377383
3.63787079 -84.20650482 0.18739869
3.75392747 -84.20650482 0.00157147
3.78814292 -84.20650482 -0.10442374
3.83038735 -84.20650482 -0.18812707
3.91880703 -84.20650482 -0.29383206
3.96133542 -84.20650482 -0.37842283
3.99750304 -84.20650482 -0.45342994
3.99864316 -84.20650482 -0.51951921
3.95078206 -84.20650482 -0.57203954
3.89269114 -84.20650482 -0.65224540
3.83494353 -84.20650482 -0.73877621
3.79462218 -84.20650482 -0.80997026
3.73730063 -84.20650482 -0.89002752
3.68852091 -84.20650482 -0.95330620
3.62211061 -84.20650482 -1.03044724
3.57271934 -84.20650482 -1.08404982
3.45719600 -84.20650482 -1.15695441
3.36260915 -84.20650482 -1.24385881
3.30575800 -84.20650482 -1.28144479
3.22373796 -84.20650482 -1.32557809
3.16170454 -84.20650482 -1.34544432
3.06487441 -84.20650482 -1.37838995
2.99939275 -84.20650482 -1.39116418
2.86622977 -84.20650482 -1.41929960
2.73175740 -84.20650482 -1.44537926
2.61502361 -84.20650482 -1.45904696
2.50272632 -84.20650482 -1.46195734
2.39814496 -84.20650482 -1.47006810
2.29916310 -84.20650482 -1.47827232
2.21200991 -84.20650482 -1.49004006
2.06507850 -84.20650482 -1.51002252
1.99095428 -84.20650482 -1.51599646
1.86499262 -84.20650482 -1.51656270
1.78570843 -84.20650482 -1.51776445
1.70376468 -84.20650482 -1.51330137
1.60294700 -84.20650482 -1.52912962
1.50064301 -84.20650482 -1.53898013
1.39041054 -84.20650482 -1.53866577
1.26622868 -84.20650482 -1.53382516
1.17285705 -84.20650482 -1.53389060
0.98991019 -84.20650482 -1.52055085
0.81933188 -84.20650482 -1.51531851
0.68612272 -84.20650482 -1.50371170
0.62246048 -84.20650482 -1.49847853
0.44882935 -84.20650482 -1.49084783
0.37344518 -84.20650482 -1.48330092
0.27898654 -84.20650482 -1.44544947
0.23861805 -84.20650482 -1.39987111
0.14295749 -84.20650482 -1.34193325
0.13885596 -84.20650482 -1.26619148
0.09573131 -84.20650482 -1.20639706
0.03661339 -84.20650482 -1.02279425
0.00785668 -84.20650482 -0.95530641
-0.01359010 -84.20650482 -0.89812917
-0.04059078 -84.20650482 -0.69468284
-0.05803905 -84.20650482 -0.58400196
-0.11230406 -84.20650482 -0.50869852
-0.12992741 -84.20650482 -0.44591388
-0.12169424 -84.20650482 -0.37874454
-0.11144002 -84.20650482 -0.29354736
-0.06484311 -84.20650482 -0.09687022
-0.04988459 -84.20650482 -0.01790566
-0.04400796 -84.20650482 0.07746168
0.00622710 -84.20650482 0.12142809
0.05290033 -84.20650482 0.19441968
0.10250791 -84.20650482 0.30653581
0.17934237 -84.20650482 0.42391592
0.21801759 -84.20650482 0.49146196
0.29027939 -84.20650482 0.57485187
0.33847240 -84.20650482 0.62308002
0.41309330 -84.20650482 0.72196156
0.49096450 -84.20650482 0.82964504
0.60760140 -84.20650482 0.96492499
0.70652658 -84.20650482 1.01809514
0.79681200 -84.20650482 1.06912088
0.86505139 -84.20650482 1.11508787
0.94616127 -84.20650482 1.12046778
1.05125225 -84.20650482 1.12172794
1.14704108 -84.20650482 1.13359416
1.24541426 -84.20650482 1.13231587
1.35898602 -84.20650482 1.14412177
1.49902189 -84.20650482 1.16544449
1.55980885 -84.20650482 1.16317713
1.64461327 -84.20650482 1.14086902
