1.55683482 -19.97786713 0.83006328
0.95307857 -19.98786163 0.84436113
1.01611722 -19.98786163 0.85534191
0.88311565 -19.98786163 0.81051201
0.71125090 -19.98786163 0.71814996
0.80023754 -19.98786163 0.75090235
0.57141215 -19.98786163 0.69504416
0.63287330 -19.98786163 0.69757682
0.37990394 -19.98786163 0.73207694
0.49139830 -19.98786163 0.70134205
0.17861676 -19.98786163 0.70152956
0.27604002 -19.98786163 0.71298057
0.11280122 -19.98786163 0.67239875
0.06333616 -19.98786163 0.54298997
0.04020962 -19.98786163 0.33644941
0.04747774 -19.98786163 0.41554338
0.03189630 -19.98786163 0.24193315
0.03516597 -19.98786163 0.12515736
0.03382108 -19.98786163 0.01740932
0.02690087 -19.98786163 -0.08405391
0.04740426 -19.98786163 -0.23935227
0.05680402 -19.98786163 -0.18001460
0.03498309 -19.98786163 -0.31580469
0.01914166 -19.98786163 -0.41751543
0.02091628 -19.98786163 -0.51336050
0.01388763 -19.98786163 -0.60716814
0.01775176 -19.98786163 -0.72082376
0.01833862 -19.98786163 -0.82253397
-0.01479864 -19.98786163 -0.95954990
-0.02267928 -19.98786163 -0.89733237
-0.05604304 -19.98786163 -1.11442530
-0.02110404 -19.98786163 -1.02740991
-0.06231485 -19.98786163 -1.18253744
-0.03000037 -19.98786163 -1.27762592
-0.00308049 -19.98786163 -1.33916545
0.09959800 -19.98786163 -1.38919961
0.31934363 -19.98786163 -1.40319645
0.25018731 -19.98786163 -1.39274049
0.39184806 -19.98786163 -1.37264252
0.50511086 -19.98786163 -1.38010252
0.61284459 -19.98786163 -1.39559710
0.74604332 -19.98786163 -1.40941119
0.85154903 -19.98786163 -1.41610694
0.96000046 -19.98786163 -1.41974831
1.13110137 -19.98786163 -1.44913650
1.24542403 -19.98786163 -1.45825708
1.34383810 -19.98786163 -1.46238613
1.46285009 -19.98786163 -1.46473396
1.53935432 -19.98786163 -1.45679879
1.71542680 -19.98786163 -1.45935929
1.85336876 -19.98786163 -1.45052469
1.99597347 -19.98786163 -1.43183398
2.13974023 -19.98786163 -1.40738487
2.29256082 -19.98786163 -1.28305399
2.31020689 -19.98786163 -1.18100035
2.30307651 -19.98786163 -1.02655506
2.30981398 -19.98786163 -0.92132658
2.23997140 -19.98786163 -0.71585470
2.20575023 -19.98786163 -0.63594913
2.23734975 -19.98786163 -0.46248975
2.25389004 -19.98786163 -0.38529345
2.25730157 -19.98786163 -0.28507259
2.25421238 -19.98786163 -0.09368762
2.24691749 -19.98786163 0.01258247
2.25003552 -19.98786163 0.08882146
2.18333888 -19.98786163 0.22537769
2.15513468 -19.98786163 0.31023440
2.11832881 -19.98786163 0.44534320
2.08551598 -19.98786163 0.57613158
2.03177762 -19.98786163 0.68754464
1.77940738 -19.98786163 0.79055160
1.94878006 -19.98786163 0.76587546
1.49633801 -19.98786163 0.84017223
1.42681384 -19.98786163 0.85802394
1.34540582 -19.98786163 0.88018012
1.21595430 -19.98786163 0.91153520
1.10103822 -19.98786163 0.88491356
2.24561310 -19.98786163 -0.79737002
2.21563959 -19.98786163 -0.56219840
2.25784469 -19.98786163 -0.17098659
1.70599103 -19.98786163 0.79127711
1.64010119 -19.98786163 0.80764014
1.28830147 -19.98786163 0.91077161
