0.14255245 49.96065521 -0.64153612
0.18306598 49.96065521 -0.89668977
2.66231990 49.96065521 -1.43734419
1.70435834 49.96065521 0.66241461
2.12537289 49.95066071 0.53533763
2.24252486 49.95066071 0.51309556
2.45009494 49.95066071 0.43873847
2.79421306 49.95066071 -0.89150625
2.75045633 49.95066071 -1.07466137
2.69634080 49.95066071 -1.23894227
2.67122126 49.95066071 -1.37691927
2.61128807 49.95066071 -1.50960302
2.44174695 49.95066071 -1.52392900
2.27923036 49.95066071 -1.50872982
2.13883805 49.95066071 -1.49695683
1.99962938 49.95066071 -1.47808123
1.90017486 49.95066071 -1.46105552
1.80638659 49.95066071 -1.47125530
1.70837593 49.95066071 -1.48135912
1.62823474 49.95066071 -1.47947049
1.47765970 49.95066071 -1.45666790
1.30508745 49.95066071 -1.45764160
1.21499848 49.95066071 -1.45815074
1.11460614 49.95066071 -1.45705402
1.01299906 49.95066071 -1.45584977
0.89633185 49.95066071 -1.46164155
0.77125126 49.95066071 -1.45809567
0.59525979 49.95066071 -1.51396847
0.47066173 49.95066071 -1.44581127
0.31981105 49.95066071 -1.42519164
0.21651188 49.95066071 -1.37501037
0.27567366 49.95066071 -1.29575419
0.17537071 49.95066071 -0.96435529
0.14668888 49.95066071 -0.71202809
0.15430534 49.95066071 -0.35954833
0.16962346 49.95066071 -0.24588072
0.18087085 49.95066071 -0.10517852
0.18899350 49.95066071 0.01785109
0.20977148 49.95066071 0.16585302
0.31528708 49.95066071 0.53035539
0.44407657 49.95066071 0.60169584
0.59924811 49.95066071 0.63212979
0.77585578 49.95066071 0.59293354
0.90820843 49.95066071 0.64850432
1.13614511 49.95066071 0.58102149
1.32047915 49.95066071 0.59914124
1.51642621 49.95066071 0.68763429
1.60161650 49.95066071 0.68656558
1.81503999 49.95066071 0.62722313
1.92842758 49.95066071 0.60909104
2.02966928 49.95066071 0.59854311
1.40301681 49.95066071 0.66321373
1.03681493 49.95066071 0.65600342
0.34043753 49.95066071 0.60359293
0.24151500 49.95066071 0.27708372
0.15779094 49.95066071 -0.48732510
0.19812235 49.95066071 -1.18125057
1.40624261 49.95066071 -1.46045721
2.74933338 49.95066071 -0.99468482
2.85126519 49.95066071 -0.70419532
2.54492044 49.95066071 0.39785877
2.32130098 49.95066071 0.50442600
2.87717772 49.95066071 -0.56907040
2.88626480 49.95066071 -0.43238375
2.89840126 49.95066071 -0.29864702
2.86798286 49.95066071 -0.05136615
2.87054753 49.95066071 0.08466231
2.87122226 49.95066071 0.16348015
2.79965925 49.95066071 0.22070228
2.70481086 49.95066071 0.30276528
