1.21402442 -65.47690582 0.71751386
0.48176789 -65.47690582 -0.18541721
1.83354771 -65.48690033 0.59620064
1.89883649 -65.48690033 0.58451563
1.98079908 -65.48690033 0.57472748
2.18492985 -65.48690033 0.47526103
2.27974558 -65.48690033 0.44375563
2.37488580 -65.48690033 0.39443162
2.48318577 -65.48690033 0.23502116
2.49411964 -65.48690033 0.15640979
2.50588703 -65.48690033 0.03778245
2.49402046 -65.48690033 -0.11916994
2.49523044 -65.48690033 -0.22348036
2.48248720 -65.48690033 -0.36441201
2.45686555 -65.48690033 -0.46641889
2.42559314 -65.48690033 -0.59682095
2.45269608 -65.48690033 -0.89028889
2.46465874 -65.48690033 -1.06894326
2.42664218 -65.48690033 -1.24885070
2.32036519 -65.48690033 -1.39514995
2.09852576 -65.48690033 -1.44955778
1.93622661 -65.48690033 -1.47326410
1.81993496 -65.48690033 -1.47559738
1.66145003 -65.48690033 -1.48743403
1.56616724 -65.48690033 -1.49421668
1.48868215 -65.48690033 -1.49613428
1.31262708 -65.48690033 -1.49831796
1.23510039 -65.48690033 -1.49877322
1.17484140 -65.48690033 -1.48898518
0.98601216 -65.48690033 -1.46667814
0.92527056 -65.48690033 -1.45973468
0.84967828 -65.48690033 -1.44443965
0.67346722 -65.48690033 -1.40703177
0.59913886 -65.48690033 -1.38086498
0.53996879 -65.48690033 -1.35359633
0.44544086 -65.48690033 -1.29519832
0.45032826 -65.48690033 -1.06345582
0.46770680 -65.48690033 -0.97692156
0.46157962 -65.48690033 -0.73267204
0.46143243 -65.48690033 -0.65720117
0.46192312 -65.48690033 -0.57013094
0.45222268 -65.48690033 -0.41399238
0.49219623 -65.48690033 -0.26137257
0.43836433 -65.48690033 -0.07525129
0.51684743 -65.48690033 0.08135940
0.55938464 -65.48690033 0.16892065
0.59458131 -65.48690033 0.24080001
0.64123529 -65.48690033 0.31762785
0.67491376 -65.48690033 0.40544760
0.70585102 -65.48690033 0.45979863
0.82852387 -65.48690033 0.56257993
0.84737319 -65.48690033 0.63689518
0.93553060 -65.48690033 0.65380460
1.00708282 -65.48690033 0.67908490
1.11605012 -65.48690033 0.69123024
1.27508509 -65.48690033 0.73801821
1.48177099 -65.48690033 0.72500414
1.59427762 -65.48690033 0.65312427
1.53823686 -65.48690033 0.70139599
1.41430914 -65.48690033 0.75498748
0.43669057 -65.48690033 0.00150042
0.44191024 -65.48690033 -0.34813485
0.45855427 -65.48690033 -0.82786089
0.40631637 -65.48690033 -1.23752773
1.06231046 -65.48690033 -1.46808851
2.24127555 -65.48690033 -1.41154623
2.41597176 -65.48690033 -0.68585074
2.47459650 -65.48690033 0.32934594
2.12918711 -65.48690033 0.52942407
2.05671048 -65.48690033 0.56300622
1.76442766 -65.48690033 0.61462295
1.69371533 -65.48690033 0.62268496
