1.15714264 -73.79673004 0.61352229
1.42585254 -73.79673004 0.64504057
1.58323574 -73.79673004 0.66756171
1.89859486 -73.79673004 0.57074469
-0.10149526 -73.79673004 -0.91411251
0.45898232 -73.79673004 0.48423040
0.60390323 -73.79673004 0.52523559
1.32854891 -73.80672455 0.60821849
1.51596153 -73.80672455 0.68113440
1.65286601 -73.80672455 0.64986467
1.76343179 -73.80672455 0.62831831
1.99653053 -73.80672455 0.50219250
2.10306334 -73.80672455 0.39542550
2.16720843 -73.80672455 0.32963228
2.22049737 -73.80672455 0.21147943
2.22123837 -73.80672455 0.09626823
2.21383429 -73.80672455 -0.04555078
2.29232621 -73.80672455 -0.28293523
2.35429931 -73.80672455 -0.41614652
2.38257456 -73.80672455 -0.55521232
2.42204118 -73.80672455 -0.70429283
2.44469047 -73.80672455 -0.78906679
2.39097381 -73.80672455 -0.95997387
2.36967444 -73.80672455 -1.04001784
2.40281558 -73.80672455 -1.21034145
2.36119151 -73.80672455 -1.33419359
2.31188107 -73.80672455 -1.37239957
2.18610120 -73.80672455 -1.40839744
2.10836625 -73.80672455 -1.42121589
1.91950858 -73.80672455 -1.43398643
1.72552943 -73.80672455 -1.43675625
1.59350884 -73.80672455 -1.43610513
1.53188753 -73.80672455 -1.44017601
1.33816350 -73.80672455 -1.44453406
1.27343178 -73.80672455 -1.43730879
1.14681506 -73.80672455 -1.42942977
1.08473849 -73.80672455 -1.42309058
0.98089564 -73.80672455 -1.42540014
0.87892824 -73.80672455 -1.42234445
0.80432701 -73.80672455 -1.41467559
0.67484128 -73.80672455 -1.40298712
0.56522912 -73.80672455 -1.40287244
0.45158720 -73.80672455 -1.39729834
0.38966963 -73.80672455 -1.39262629
0.16194579 -73.80672455 -1.35712862
0.08998075 -73.80672455 -1.25040400
0.05491623 -73.80672455 -1.15145636
-0.02451541 -73.80672455 -1.08442891
-0.08114669 -73.80672455 -0.97258657
-0.11639743 -73.80672455 -0.84600997
-0.13765985 -73.80672455 -0.74941510
-0.17985640 -73.80672455 -0.64591235
-0.19730799 -73.80672455 -0.55762184
-0.21446946 -73.80672455 -0.49732491
-0.22854984 -73.80672455 -0.43607008
-0.21460092 -73.80672455 -0.37104866
-0.17310967 -73.80672455 -0.22305416
-0.14426246 -73.80672455 -0.07470194
-0.16187309 -73.80672455 0.02966192
0.00229109 -73.80672455 0.08056948
0.10291748 -73.80672455 0.18999274
0.18383840 -73.80672455 0.22164431
0.25899008 -73.80672455 0.29811591
0.32588723 -73.80672455 0.40372717
0.54254335 -73.80672455 0.48541570
0.83015025 -73.80672455 0.60229796
1.04649770 -73.80672455 0.61561269
0.94895303 -73.80672455 0.62383401
1.84487224 -73.80672455 0.60766459
1.43933380 -73.80672455 -1.44464290
0.28268278 -73.80672455 -1.39665186
-0.05685530 -73.80672455 -1.03257322
-0.16929239 -73.80672455 -0.15410180
-0.05474940 -73.80672455 0.05330667
0.05795892 -73.80672455 0.14049314
0.38573137 -73.80672455 0.46610165
0.69048500 -73.80672455 0.57649630
0.76239789 -73.80672455 0.60195392
