2.68323684 -32.45760345 -1.36493099
1.50632286 -32.45760345 0.67449921
0.82492703 -32.45760345 0.50765169
0.40552375 -32.45760345 0.07386740
0.43053126 -32.45760345 -0.64891815
2.38750553 -32.45760345 -1.31618726
3.41588378 -32.45760345 0.69589335
3.13860154 -32.45760345 0.85213041
2.81629467 -32.45760345 0.90550917
1.98318326 -32.46759796 0.90152335
2.04106832 -32.46759796 0.92591125
2.11349058 -32.46759796 0.93700022
2.27180243 -32.46759796 0.91638005
2.33176160 -32.46759796 0.89158124
2.44819784 -32.46759796 0.92884958
2.63791418 -32.46759796 0.90974522
2.75529647 -32.46759796 0.89309514
2.97585511 -32.46759796 0.90411597
3.06755042 -32.46759796 0.85625029
3.25345755 -32.46759796 0.81675524
3.41696930 -32.46759796 0.59924191
3.48208094 -32.46759796 0.41512799
3.56509233 -32.46759796 0.18558507
3.67018795 -32.46759796 -0.08423415
3.64849877 -32.46759796 -0.24552478
3.63338256 -32.46759796 -0.33942917
3.58188558 -32.46759796 -0.55987746
3.57185912 -32.46759796 -0.63155931
3.49856472 -32.46759796 -0.82800961
3.45617938 -32.46759796 -0.93545407
3.37174726 -32.46759796 -1.11195242
3.34348321 -32.46759796 -1.17791998
3.32271838 -32.46759796 -1.34531963
3.28472662 -32.46759796 -1.43483913
2.59021831 -32.46759796 -1.35055542
0.52497995 -32.46759796 -1.01015413
0.39490381 -32.46759796 -0.99584991
0.41607347 -32.46759796 -0.90988076
0.43593282 -32.46759796 -0.83881462
0.43138131 -32.46759796 -0.71841168
0.43777990 -32.46759796 -0.53492820
0.43584952 -32.46759796 -0.47470704
0.40738866 -32.46759796 -0.38191104
0.39476663 -32.46759796 -0.31892478
0.37714550 -32.46759796 -0.17046379
0.37069920 -32.46759796 -0.07880178
0.38463426 -32.46759796 0.01729810
0.46820864 -32.46759796 0.15209292
0.52825320 -32.46759796 0.27652106
0.60128319 -32.46759796 0.34151575
0.75184578 -32.46759796 0.50266832
1.20357728 -32.46759796 0.51017457
1.45109630 -32.46759796 0.63669109
1.90253747 -32.46759796 0.91469783
1.81190550 -32.46759796 0.88496149
0.68230623 -32.46759796 0.48958471
3.63166475 -32.46759796 -0.40846676
3.66010380 -32.46759796 0.06519717
3.37488890 -32.46759796 0.75583583
2.54811502 -32.46759796 0.93096286
2.19401813 -32.46759796 0.94033945
