0.28502795 27.34113312 0.32414252
0.15613464 27.33113861 0.23461367
0.05516040 27.33113861 0.04894855
-0.01701497 27.33113861 -0.09988033
-0.05488519 27.33113861 -0.31137088
0.02146962 27.33113861 -0.57365900
-0.03828501 27.33113861 -0.67197138
-0.01655094 27.33113861 -0.79508919
0.01598601 27.33113861 -0.97817278
0.06250676 27.33113861 -1.07704687
0.06485054 27.33113861 -1.14130914
0.29011804 27.33113861 -1.40523756
0.44045839 27.33113861 -1.41423130
0.23599356 27.33113861 0.29038918
0.06361173 27.33113861 0.10953186
-0.09413129 27.33113861 -0.36712626
-0.07505188 27.33113861 -0.42721108
0.09795106 27.33113861 -1.28396988
0.08612920 27.33113861 -1.36951947
0.52221274 27.33113861 -1.41790867
1.22197831 27.33113861 0.54242253
1.08756161 27.33113861 0.53168845
0.91660124 27.33113861 0.53022259
0.82451183 27.33113861 0.52878571
0.72396702 27.33113861 0.50559443
0.54039526 27.33113861 0.51628822
0.46599865 27.33113861 0.47478572
0.33990687 27.33113861 0.37862450
0.65849316 27.33113861 -1.42912245
0.73701966 27.33113861 -1.43139219
0.81261849 27.33113861 -1.43309486
0.88419539 27.33113861 -1.43497026
1.01166570 27.33113861 -1.42832506
0.94443423 27.33113861 -1.43852961
1.14433122 27.33113861 -1.42957532
1.24535573 27.33113861 -1.43550491
1.35341918 27.33113861 -1.43532622
1.48301733 27.33113861 -1.42701745
1.75767577 27.33113861 -1.47973049
1.85746729 27.33113861 -1.47002769
1.96340573 27.33113861 -1.46302664
2.08934188 27.33113861 -1.43664241
2.24965191 27.33113861 -1.42362893
2.40972757 27.33113861 -1.37382722
2.42393589 27.33113861 -1.24939549
2.39229918 27.33113861 -1.08491218
2.37097144 27.33113861 -1.01818323
2.35454750 27.33113861 -0.82395554
2.36788082 27.33113861 -0.72289658
2.36224818 27.33113861 -0.62786269
2.35151672 27.33113861 -0.55365133
2.30325413 27.33113861 -0.31307489
2.31331825 27.33113861 -0.40544263
2.30341578 27.33113861 -0.21575566
2.25877595 27.33113861 -0.08013229
2.22479510 27.33113861 0.04042788
2.15674305 27.33113861 0.15038873
2.11343527 27.33113861 0.27768964
1.82426560 27.33113861 0.53191704
2.03758121 27.33113861 0.42026040
1.65833724 27.33113861 0.60167611
1.28410244 27.33113861 0.53229338
1.50644255 27.33113861 0.56624401
1.65079331 27.33113861 -1.47266054
