2.46503878 -43.11737823 0.01619375
2.50552940 -43.11737823 -0.19680017
2.53808141 -43.11737823 -0.35561001
2.53361583 -43.11737823 -0.48262212
2.54967165 -43.11737823 -0.61874634
2.59046841 -43.11737823 -1.01390433
0.20584750 -43.11737823 0.23926064
1.22710943 -43.12737274 0.66612005
1.28462255 -43.12737274 0.64660835
1.47909164 -43.12737274 0.61857527
1.58032000 -43.12737274 0.60119450
1.79866576 -43.12737274 0.68821007
1.94864404 -43.12737274 0.69446224
2.32772112 -43.12737274 0.71045446
2.28474212 -43.12737274 0.62690127
2.36754489 -43.12737274 0.50577176
2.41816187 -43.12737274 0.24324469
2.44015455 -43.12737274 0.13981561
2.47645974 -43.12737274 -0.06401956
2.51653481 -43.12737274 -0.27150750
2.54884744 -43.12737274 -0.41419801
2.51674318 -43.12737274 -0.55147725
2.58925104 -43.12737274 -0.70855951
2.63026476 -43.12737274 -0.84127992
2.60729003 -43.12737274 -0.94697869
2.55830431 -43.12737274 -1.13395095
2.51404572 -43.12737274 -1.39978933
2.35725427 -43.12737274 -1.40899146
2.13705683 -43.12737274 -1.41510141
1.93848741 -43.12737274 -1.41257381
1.78208971 -43.12737274 -1.41802597
1.67123473 -43.12737274 -1.42370987
1.52831745 -43.12737274 -1.43159878
1.41679871 -43.12737274 -1.44458091
1.31446004 -43.12737274 -1.45204151
1.21038520 -43.12737274 -1.45089579
0.95931494 -43.12737274 -1.44999635
0.84951693 -43.12737274 -1.44618893
0.74434495 -43.12737274 -1.44229519
0.63538110 -43.12737274 -1.43845320
0.42801154 -43.12737274 -1.44469190
0.29103601 -43.12737274 -1.43995953
0.18124491 -43.12737274 -1.43383312
0.09832971 -43.12737274 -1.39534163
0.09504961 -43.12737274 -1.29000032
0.09011111 -43.12737274 -1.16990745
0.03039386 -43.12737274 -0.96031749
-0.03194100 -43.12737274 -0.84605747
-0.01030143 -43.12737274 -0.77078795
0.03270914 -43.12737274 -0.57827842
0.05916077 -43.12737274 -0.47797769
0.07316949 -43.12737274 -0.38684770
0.10720092 -43.12737274 -0.21167234
0.14104995 -43.12737274 -0.15443563
0.13385288 -43.12737274 -0.00666137
0.16198923 -43.12737274 0.18952256
0.26613370 -43.12737274 0.30955404
0.36124253 -43.12737274 0.39501035
0.47386214 -43.12737274 0.43180907
0.57920992 -43.12737274 0.51535034
0.67326218 -43.12737274 0.54103619
0.77288425 -43.12737274 0.56693703
0.87528133 -43.12737274 0.61685550
0.97877443 -43.12737274 0.65573615
1.12391484 -43.12737274 0.67854279
1.38401127 -43.12737274 0.63146651
2.55473185 -43.12737274 -1.19860852
1.13144541 -43.12737274 -1.44023442
0.55013585 -43.12737274 -1.44219255
0.05893251 -43.12737274 -1.05986750
0.00762640 -43.12737274 -0.66014260
0.08950492 -43.12737274 -0.28628343
0.10081858 -43.12737274 0.10841414
0.31454074 -43.12737274 0.35442781
0.53197527 -43.12737274 0.45730531
2.10351610 -43.12421036 0.70141602
