-0.14002550 69.72023773 -0.01306325
0.31067035 69.72023773 -1.52797115
0.08733838 69.72023773 -1.30743694
-0.07958120 69.72023773 -0.89973664
-0.14187329 69.72023773 -0.41694516
1.34402978 69.72023773 -1.54663289
0.49459031 69.71024323 -1.54520905
0.36975247 69.71024323 -1.54137838
0.24132435 69.71024323 -1.50936866
0.13321902 69.71024323 -1.42589450
0.02104512 69.71024323 -1.13257432
-0.07039136 69.71024323 -1.00283742
-0.08842708 69.71024323 -0.78050959
-0.09673962 69.71024323 -0.65945256
-0.11800355 69.71024323 -0.55501992
-0.15403232 69.71024323 -0.47502008
-0.13285823 69.71024323 -0.35626179
-0.13055041 69.71024323 -0.20307101
-0.14007401 69.71024323 -0.13976474
-0.12353116 69.71024323 0.06516799
-0.12822872 69.71024323 0.14625660
-0.13790122 69.71024323 0.25930017
-0.15003984 69.71024323 0.32378486
-0.12540343 69.71024323 0.45870978
-0.12057176 69.71024323 -0.26906669
-0.13717481 69.71024323 -0.07251851
-0.13032417 69.71024323 0.54309702
0.75959015 69.71024323 0.75394219
0.85804725 69.71024323 0.74411786
0.93176383 69.71024323 0.72135872
1.01093161 69.71024323 0.70417434
1.07974839 69.71024323 0.69367802
1.13232934 69.71024323 0.66441441
1.23655546 69.71024323 0.66188276
1.52321196 69.71024323 0.59033674
1.60548556 69.71024323 0.55195844
1.68959332 69.71024323 0.51486683
1.75752568 69.71024323 0.45490584
1.78904307 69.71024323 0.35187241
1.81624174 69.71024323 0.20972191
1.82246804 69.71024323 0.14783594
1.85082734 69.71024323 0.07824937
1.88171911 69.71024323 -0.01941103
1.92588973 69.71024323 -0.09198584
1.94251144 69.71024323 -0.25579947
1.94474196 69.71024323 -0.32424280
1.94013965 69.71024323 -0.46832272
1.94190919 69.71024323 -0.54433364
1.93039870 69.71024323 -0.61921412
1.92913353 69.71024323 -0.70925242
1.92195225 69.71024323 -0.79557705
1.95160639 69.71024323 -0.90562332
1.93047500 69.71024323 -0.98955536
1.90892756 69.71024323 -1.08110535
1.92050958 69.71024323 -1.20725429
1.89857709 69.71024323 -1.30172074
1.87491083 69.71024323 -1.42133141
1.86195076 69.71024323 -1.48837221
1.77917051 69.71024323 -1.51882148
1.72169578 69.71024323 -1.53837299
1.56321800 69.71024323 -1.55290496
1.47738147 69.71024323 -1.55588281
1.28144670 69.71024323 -1.54625320
1.09303129 69.71024323 -1.54972565
0.98962575 69.71024323 -1.55297899
0.80400193 69.71024323 -1.54799986
0.67809445 69.71024323 -1.54711950
-0.13051426 69.71024323 0.64561975
-0.07790250 69.71024323 0.70023996
0.01481498 69.71024323 0.72056627
0.10975094 69.71024323 0.70059735
0.18796185 69.71024323 0.69703287
0.25983804 69.71024323 0.68995184
0.36769879 69.71024323 0.69740903
0.42937043 69.71024323 0.71210533
0.49104986 69.71024323 0.71802247
0.61948144 69.71024323 0.72695303
0.68764341 69.71024323 0.75186735
