0.32501066 -6.97814178 -1.31658924
1.92183840 -6.97814178 0.29361224
2.35020781 -6.97814178 0.29873195
1.61061454 -6.97814178 -1.41214597
1.18846345 -6.97814178 0.31878269
0.49791166 -6.98813629 0.37527740
0.40543082 -6.98813629 0.37722504
0.35335672 -6.98813629 0.34418982
0.31642532 -6.98813629 0.23259914
0.24616088 -6.98813629 0.17085209
0.28549060 -6.98813629 0.08125999
0.26986009 -6.98813629 0.01785076
0.23872849 -6.98813629 -0.08816487
0.16479357 -6.98813629 -0.22415070
0.21354844 -6.98813629 -0.15614937
0.15975043 -6.98813629 -0.36685896
0.11009870 -6.98813629 -0.43481645
0.14139856 -6.98813629 -0.59434646
0.13069640 -6.98813629 -0.50311363
0.13813627 -6.98813629 -0.78528774
0.09066232 -6.98813629 -0.99418259
0.12169650 -6.98813629 -0.90325141
0.13511921 -6.98813629 -1.05521894
0.09485319 -6.98813629 -1.30365551
0.12083632 -6.98813629 -1.20400465
0.26582462 -6.98813629 -1.31900573
0.17396244 -6.98813629 -1.31230986
0.41547194 -6.98813629 -1.31027234
0.56807542 -6.98813629 -1.34683418
0.67943889 -6.98813629 -1.35845196
0.78527468 -6.98813629 -1.36911142
0.89132053 -6.98813629 -1.37332010
1.10989237 -6.98813629 -1.39450622
1.03180933 -6.98813629 -1.37684274
1.21761262 -6.98813629 -1.40391111
1.32142878 -6.98813629 -1.41060126
1.42868578 -6.98813629 -1.40790772
1.50498354 -6.98813629 -1.40844679
1.67017496 -6.98813629 -1.41506016
1.73910880 -6.98813629 -1.41373742
1.89435959 -6.98813629 -1.41382349
1.83079946 -6.98813629 -1.41272855
1.98629248 -6.98813629 -1.41303968
2.13412309 -6.98813629 -1.37782884
2.18510318 -6.98813629 -1.32613373
2.23118353 -6.98813629 -1.12498820
2.23570776 -6.98813629 -1.19219673
2.30125833 -6.98813629 -0.88757604
2.34595728 -6.98813629 -0.71556735
2.37651205 -6.98813629 -0.58550662
2.38342333 -6.98813629 -0.38313037
2.36559319 -6.98813629 -0.44244710
2.34686399 -6.98813629 -0.30638421
2.34242988 -6.98813629 -0.16761924
2.36232162 -6.98813629 0.00850654
2.36152387 -6.98813629 0.07816164
2.35131907 -6.98813629 0.21088205
2.30277348 -6.98813629 0.34312987
1.74140012 -6.98813629 0.26611936
1.85530424 -6.98813629 0.28883156
1.12362695 -6.98813629 0.32750508
2.38784504 -6.98813629 -0.64684713
2.28795934 -6.98813629 -0.98013496
0.15649644 -6.98813629 -0.72491938
0.20331720 -6.98813629 -0.29887787
0.28186092 -6.98813629 0.29555157
0.68642497 -6.98813629 0.26417568
