-0.10769115 -83.93651581 -0.32908061
3.56714845 -83.93651581 -1.07720137
1.99366355 -83.94651031 1.11412120
2.08030605 -83.94651031 1.09934855
1.77395904 -83.94651031 1.12604117
1.92911994 -83.94651031 1.12583947
1.59023094 -83.94651031 1.17393017
1.70001018 -83.94651031 1.14490867
1.47861147 -83.94651031 1.17397785
1.22633338 -83.94651031 1.12680256
1.37851214 -83.94651031 1.14227092
1.02242839 -83.94651031 1.13333535
1.15551043 -83.94651031 1.15055943
0.92796159 -83.94651031 1.13836014
0.82465947 -83.94651031 1.10136294
0.52116382 -83.94651031 0.92232323
0.67329872 -83.94651031 1.00615120
0.49601343 -83.94651031 0.85970283
0.25419652 -83.94651031 0.55173463
0.34094161 -83.94651031 0.63885969
0.13205926 -83.94651031 0.35504535
0.20454806 -83.94651031 0.48127764
0.08389819 -83.94651031 0.28514805
0.05676237 -83.94651031 0.22764881
-0.04916705 -83.94651031 0.03619074
-0.08567376 -83.94651031 -0.15764137
-0.10384598 -83.94651031 -0.38820899
-0.06158931 -83.94651031 -0.53887910
-0.04877261 -83.94651031 -0.60454512
-0.00611232 -83.94651031 -0.89112961
0.09109585 -83.94651031 -1.11628175
0.23593868 -83.94651031 -1.32956481
0.25106072 -83.94651031 -1.39776278
0.58306980 -83.94651031 -1.49612725
0.37289378 -83.94651031 -1.47493792
0.78823954 -83.94651031 -1.51241827
0.96260971 -83.94651031 -1.51743710
1.13674772 -83.94651031 -1.52404881
1.37203956 -83.94651031 -1.53815591
1.45437121 -83.94651031 -1.53741217
1.57193577 -83.94651031 -1.52801645
1.64721012 -83.94651031 -1.50783741
1.74458516 -83.94651031 -1.51227069
1.81420887 -83.94651031 -1.50952351
1.90192235 -83.94651031 -1.50903380
2.02762914 -83.94651031 -1.50416124
2.10153389 -83.94651031 -1.49142671
2.18352342 -83.94651031 -1.48637605
2.28293061 -83.94651031 -1.47111428
2.37110233 -83.94651031 -1.45939565
2.44021416 -83.94651031 -1.45425236
2.54003644 -83.94651031 -1.45470881
2.65748668 -83.94651031 -1.44039583
2.79101276 -83.94651031 -1.42819512
2.93594909 -83.94651031 -1.40914512
3.10723138 -83.94651031 -1.37944901
3.26074100 -83.94651031 -1.32543993
3.39991808 -83.94651031 -1.23208928
3.52887368 -83.94651031 -1.12528658
3.64069748 -83.94651031 -0.99836195
3.71221495 -83.94651031 -0.90512085
3.81511950 -83.94651031 -0.75624269
3.75845194 -83.94651031 -0.85616046
3.92687678 -83.94651031 -0.58850110
3.84929371 -83.94651031 -0.69559932
3.97782683 -83.94651031 -0.52161926
3.96207809 -83.94651031 -0.39428246
3.78269243 -83.94651031 -0.18741097
3.89272213 -83.94651031 -0.31890741
3.69734693 -83.94651031 0.05653197
3.73840308 -83.94651031 -0.07203970
3.67266703 -83.94651031 0.11851038
3.60102105 -83.94651031 0.36253941
3.63698459 -83.94651031 0.23571077
3.53402805 -83.94651031 0.50509727
3.50553560 -83.94651031 0.57317716
3.38818145 -83.94651031 0.72046131
3.46706271 -83.94651031 0.62412494
3.23902702 -83.94651031 0.78886783
3.31405711 -83.94651031 0.76708704
3.04134274 -83.94651031 0.90977764
3.18415499 -83.94651031 0.83335519
2.97361183 -83.94651031 0.92782974
2.74374771 -83.94651031 1.01025975
2.86964488 -83.94651031 0.96477997
2.56439257 -83.94651031 1.06580102
2.67714500 -83.94651031 1.02816856
2.44174027 -83.94651031 1.08583331
2.36165285 -83.94651031 1.09185266
2.14336920 -83.94651031 1.11692905
2.26871061 -83.94651031 1.10707319
1.26053011 -83.94651031 -1.53902984
