2.03980470 46.06073761 -1.50388527
0.03746036 46.06073761 -0.19455586
0.11644224 46.06073761 -0.01999446
1.75727642 46.05074310 0.56223494
1.83390749 46.05074310 0.60074079
1.94757986 46.05074310 0.55492812
2.01644492 46.05074310 0.58672339
2.11194491 46.05074310 0.59985316
2.22821379 46.05074310 0.59562516
2.36868310 46.05074310 0.48956531
2.41829681 46.05074310 0.45333099
2.43692088 46.05074310 0.36443484
2.49969125 46.05074310 0.23024887
2.56158757 46.05074310 0.09553634
2.60416245 46.05074310 0.05231680
2.63522863 46.05074310 -0.02644118
2.63990879 46.05074310 -0.14280230
2.64183402 46.05074310 -0.24498907
2.63502502 46.05074310 -0.32447466
2.63924623 46.05074310 -0.47986987
2.63731027 46.05074310 -0.54576308
2.64478660 46.05074310 -0.61068398
2.66595507 46.05074310 -0.69627053
2.66548848 46.05074310 -0.76434493
2.67870927 46.05074310 -0.86167771
2.67625475 46.05074310 -0.93908834
2.66776776 46.05074310 -1.02962852
2.66601324 46.05074310 -1.12389052
2.64486504 46.05074310 -1.24019897
2.57590508 46.05074310 -1.28941786
2.51222563 46.05074310 -1.33228862
2.37727880 46.05074310 -1.48287618
2.26181078 46.05074310 -1.52351058
2.19730878 46.05074310 -1.53085232
2.10939050 46.05074310 -1.51792240
1.98074079 46.05074310 -1.51307499
1.84236062 46.05074310 -1.52654266
1.76676238 46.05074310 -1.53416979
1.64754963 46.05074310 -1.54490852
1.53367496 46.05074310 -1.52059937
1.44405746 46.05074310 -1.51072848
1.29231596 46.05074310 -1.51199734
1.16284823 46.05074310 -1.51237071
1.04386210 46.05074310 -1.50512266
0.85712057 46.05074310 -1.50477517
0.68729877 46.05074310 -1.50569332
0.50197911 46.05074310 -1.49918675
0.29274583 46.05074310 -1.50051916
0.22964108 46.05074310 -1.47399926
0.16921617 46.05074310 -1.30478454
0.12926194 46.05074310 -1.18143296
0.03640019 46.05074310 -0.93825442
0.01446912 46.05074310 -0.85818785
-0.14014758 46.05074310 -0.74027622
-0.14627051 46.05074310 -0.57781380
-0.09987809 46.05074310 -0.39474538
0.01151572 46.05074310 -0.24989675
0.09939976 46.05074310 -0.07806525
0.17445959 46.05074310 0.07664512
0.24423794 46.05074310 0.22823182
0.29292795 46.05074310 0.31718165
0.37363347 46.05074310 0.38407156
0.47522199 46.05074310 0.49185368
0.61258829 46.05074310 0.61408442
0.67319787 46.05074310 0.67312425
0.80684489 46.05074310 0.65365803
0.87906861 46.05074310 0.63331306
0.95283937 46.05074310 0.63861829
1.07223260 46.05074310 0.64496660
1.16097522 46.05074310 0.64345258
1.22567058 46.05074310 0.63558978
1.37529171 46.05074310 0.62727320
1.44104254 46.05074310 0.63645375
1.60388184 46.05074310 0.62672305
1.67821336 46.05074310 0.60011154
1.30093002 46.05074310 0.63257647
0.51420093 46.05074310 0.56017458
2.54172087 46.05074310 0.17013973
2.29227924 46.05074310 0.56838566
1.50836194 46.05074310 0.64569807
