1.19272709 -17.63791656 0.79860371
1.13322771 -17.64791107 0.78041220
1.28358114 -17.64791107 0.80700469
1.35274422 -17.64791107 0.82379854
1.45639861 -17.64791107 0.83274472
1.56368685 -17.64791107 0.83956057
1.65123880 -17.64791107 0.81206799
1.82337379 -17.64791107 0.77581078
1.90545642 -17.64791107 0.74259615
1.98248267 -17.64791107 0.73504996
2.07225227 -17.64791107 0.74112421
2.12895608 -17.64791107 0.69324857
2.38869548 -17.64791107 0.50092548
2.46516752 -17.64791107 0.46574321
2.54054475 -17.64791107 0.30209377
2.58811307 -17.64791107 0.22387318
2.62849474 -17.64791107 0.09001313
2.64411974 -17.64791107 0.00963707
2.65652657 -17.64791107 -0.05782590
2.64035892 -17.64791107 -0.16926914
2.68148708 -17.64791107 -0.32706997
2.70036817 -17.64791107 -0.43834206
2.69652009 -17.64791107 -0.50376600
2.67353368 -17.64791107 -0.56589198
2.61119795 -17.64791107 -0.65807843
2.60487771 -17.64791107 -0.73447514
2.56962562 -17.64791107 -0.91740996
2.57800102 -17.64791107 -1.07149351
2.60371900 -17.64791107 -1.23944688
2.54295802 -17.64791107 -1.32432568
2.48794746 -17.64791107 -1.36616433
2.40550017 -17.64791107 -1.40824795
2.25112748 -17.64791107 -1.43789077
2.14869928 -17.64791107 -1.44314981
2.08635640 -17.64791107 -1.43939638
1.94540012 -17.64791107 -1.43453300
1.82724953 -17.64791107 -1.43496454
1.72040296 -17.64791107 -1.43724751
1.61748528 -17.64791107 -1.42400706
1.52821732 -17.64791107 -1.43142474
1.43766057 -17.64791107 -1.43466783
1.35853910 -17.64791107 -1.43394995
1.29115665 -17.64791107 -1.43208790
1.20309484 -17.64791107 -1.43201900
1.12934697 -17.64791107 -1.42477942
1.01984894 -17.64791107 -1.43683660
0.93013251 -17.64791107 -1.44555700
0.83583856 -17.64791107 -1.44352973
0.73815501 -17.64791107 -1.43619549
0.65168732 -17.64791107 -1.42684436
0.55185354 -17.64791107 -1.40103960
0.48715788 -17.64791107 -1.39774883
0.41881141 -17.64791107 -1.40818441
0.30720109 -17.64791107 -1.41774774
0.23130277 -17.64791107 -1.42357516
0.06511571 -17.64791107 -1.41120517
0.00761723 -17.64791107 -1.35708916
-0.05481188 -17.64791107 -1.31801379
-0.06784210 -17.64791107 -1.21938026
-0.05932745 -17.64791107 -1.11656678
-0.07522334 -17.64791107 -0.99974042
-0.06414053 -17.64791107 -0.90385139
-0.01746271 -17.64791107 -0.81525463
-0.00648210 -17.64791107 -0.72525114
0.02319012 -17.64791107 -0.65118462
0.03026983 -17.64791107 -0.54680997
0.06629558 -17.64791107 -0.36880296
0.07443893 -17.64791107 -0.29797477
0.13343339 -17.64791107 -0.24547789
0.12197324 -17.64791107 -0.14026088
0.13064635 -17.64791107 -0.04232085
0.17422459 -17.64791107 0.02993547
0.18871336 -17.64791107 0.09457356
0.20199175 -17.64791107 0.16453889
0.22218753 -17.64791107 0.22211488
0.24088754 -17.64791107 0.28831121
0.27358261 -17.64791107 0.39444569
0.31804174 -17.64791107 0.49325630
0.39581522 -17.64791107 0.57300961
0.50406837 -17.64791107 0.61166489
0.56066990 -17.64791107 0.65141225
0.65743035 -17.64791107 0.66149384
0.73770487 -17.64791107 0.71040338
0.81350678 -17.64791107 0.73235303
0.89712209 -17.64791107 0.76294041
1.01884723 -17.64791107 0.78434658
2.51096940 -17.64791107 0.40783975
2.58391619 -17.64791107 -1.15969086
