1.24336684 -30.11765289 0.62045103
1.05621350 -30.11765289 0.57397360
0.40684998 -30.11765289 0.28502053
0.37029126 -30.11765289 0.11217485
0.40120190 -30.11765289 -0.05596919
0.34863573 -30.11765289 -0.79214197
0.72640693 -30.11765289 -1.46043348
0.92539966 -30.11765289 -1.46412194
1.13441479 -30.11765289 -1.43930638
1.72500694 -30.12764740 0.66754323
1.62793541 -30.12764740 0.67749751
1.50591099 -30.12764740 0.67022741
1.39440298 -30.12764740 0.63558245
1.17847633 -30.12764740 0.60336888
0.99031991 -30.12764740 0.56198007
0.82965302 -30.12764740 0.52250046
0.73396873 -30.12764740 0.45550361
0.57913637 -30.12764740 0.42617917
0.52020627 -30.12764740 0.38598838
0.37787127 -30.12764740 0.21990164
0.35767531 -30.12764740 0.05226784
0.39732188 -30.12764740 -0.13292710
0.33679479 -30.12764740 -0.36795935
0.32778537 -30.12764740 -0.54750943
0.33173621 -30.12764740 -0.48583117
0.34105736 -30.12764740 -0.69258535
0.35458097 -30.12764740 -0.85337228
0.34432873 -30.12764740 -0.94465953
0.33724242 -30.12764740 -1.14446044
0.36261860 -30.12764740 -1.22517443
0.52198577 -30.12764740 -1.46896458
0.79378659 -30.12764740 -1.45843959
0.98715341 -30.12764740 -1.46657026
1.22921574 -30.12764740 -1.42314625
1.33491731 -30.12764740 -1.44078338
1.47332144 -30.12764740 -1.44196761
1.56619596 -30.12764740 -1.44015074
2.10176635 -30.12764740 0.58024651
2.01295114 -30.12764740 0.61769682
1.91653121 -30.12764740 0.65204966
1.84088922 -30.12764740 0.67010307
0.40289077 -30.12764740 0.40229148
0.37805516 -30.12764740 -1.36634791
0.38571769 -30.12764740 -1.42906570
1.73133373 -30.12764740 -1.43150401
2.36427307 -30.12764740 0.56267875
2.19038534 -30.12764740 0.59630907
1.80181026 -30.12764740 -1.43597221
1.94398606 -30.12764740 -1.43479502
2.03934240 -30.12764740 -1.43501234
2.18314171 -30.12764740 -1.42975390
2.26983309 -30.12764740 -1.46607375
2.33383060 -30.12764740 -1.45895231
2.39246130 -30.12764740 -1.42956007
2.52802205 -30.12764740 -1.36625993
2.68941879 -30.12764740 -1.27988172
2.82373762 -30.12764740 -1.15822184
2.94150829 -30.12764740 -1.07337165
2.99731088 -30.12764740 -1.02114642
3.09993410 -30.12764740 -0.91942686
3.23250747 -30.12764740 -0.78073096
3.19443130 -30.12764740 -0.66304553
3.17910552 -30.12764740 -0.56781483
3.16296935 -30.12764740 -0.43479848
3.12429118 -30.12764740 -0.34719482
3.02223849 -30.12764740 -0.23798622
2.99131083 -30.12764740 -0.10068596
2.93181396 -30.12764740 0.05995335
2.87593842 -30.12764740 0.17309251
2.79376769 -30.12764740 0.22044078
2.74201059 -30.12764740 0.30399612
2.63659930 -30.12764740 0.38925579
2.58227444 -30.12764740 0.45106629
2.42605901 -30.12764740 0.54128319
2.74563694 -30.12764740 -1.25831556
2.92452550 -30.12764740 0.12922435
2.28247094 -30.12482071 0.56079102
