0.27088982 -54.03714752 -0.31694400
0.24899696 -54.03714752 0.07690540
0.24783312 -54.03714752 0.24712005
0.29409382 -54.03714752 0.42907688
0.41578528 -54.03714752 0.59872305
0.59341210 -54.03714752 0.73445576
0.84703761 -54.03714752 0.84467310
1.87087619 -54.03714752 0.77012557
2.39840651 -54.04714203 -0.24249704
2.37961411 -54.04714203 -0.46538764
2.37439680 -54.04714203 -0.56267887
2.44951701 -54.04714203 -0.73385757
2.45920825 -54.04714203 -0.79600495
2.43700981 -54.04714203 -0.93051213
2.45848775 -54.04714203 -1.04069006
2.47653079 -54.04714203 -1.15117455
2.36737847 -54.04714203 -1.34978485
2.24471641 -54.04714203 -1.37147045
2.10015440 -54.04714203 -1.38674772
1.99415672 -54.04714203 -1.40151954
1.88432848 -54.04714203 -1.40059114
1.72778189 -54.04714203 -1.41235399
1.65268886 -54.04714203 -1.41691899
1.41070151 -54.04714203 -1.43844724
1.31249666 -54.04714203 -1.43990481
1.14961541 -54.04714203 -1.44555104
1.08539128 -54.04714203 -1.43657136
0.92794389 -54.04714203 -1.42473078
0.84105647 -54.04714203 -1.41485012
0.68055499 -54.04714203 -1.39069974
0.55750465 -54.04714203 -1.37885571
0.44423997 -54.04714203 -1.34387922
0.35884827 -54.04714203 -1.31701601
0.23218337 -54.04714203 -1.28109157
0.21040280 -54.04714203 -1.18071365
0.18628345 -54.04714203 -1.06546998
0.18453486 -54.04714203 -0.94673777
0.18254893 -54.04714203 -0.85062182
0.19988547 -54.04714203 -0.74950755
0.24991055 -54.04714203 -0.49467102
0.27452731 -54.04714203 -0.37672964
0.25077158 -54.04714203 -0.13207410
0.25196704 -54.04714203 0.00176638
0.24258119 -54.04714203 0.18722533
0.24474117 -54.04714203 0.35756931
0.32991001 -54.04714203 0.52648938
0.53194726 -54.04714203 0.68898177
0.64869171 -54.04714203 0.78147799
0.91292983 -54.04714203 0.86258012
1.12425077 -54.04714203 0.87145782
1.28271699 -54.04714203 0.85490131
1.44016659 -54.04714203 0.84997970
1.59911156 -54.04714203 0.80893523
2.40996575 -54.04714203 -0.11790797
2.46865678 -54.04714203 -1.28883207
1.80913615 -54.04714203 -1.40651476
1.58270252 -54.04714203 -1.41722822
1.47537172 -54.04714203 -1.43803787
1.21207321 -54.04714203 -1.44317472
1.01130700 -54.04714203 -1.42821634
0.77756226 -54.04714203 -1.40653110
0.23799275 -54.04714203 -0.59410143
0.24957295 -54.04714203 -0.23335725
0.97357464 -54.04714203 0.87444812
1.81028998 -54.04714203 0.78743124
2.34534764 -54.04714203 0.49451396
2.34910417 -54.04714203 0.31544733
2.37335110 -54.04714203 0.15922841
2.40301466 -54.04714203 0.02876810
