-0.07074749 45.54074860 -0.20535013
-0.01666942 45.54074860 -0.09131459
0.27160406 45.54074860 0.37179184
1.64718211 45.53075409 0.53365701
1.72853744 45.53075409 0.53645813
1.81179035 45.53075409 0.52349949
1.86840880 45.53075409 0.50116360
1.93853307 45.53075409 0.45786542
2.02497125 45.53075409 0.45628998
2.10777974 45.53075409 0.39293596
2.22363544 45.53075409 0.35225388
2.26923919 45.53075409 0.24122959
2.33055854 45.53075409 0.16690639
2.40870643 45.53075409 0.04647056
2.45031142 45.53075409 -0.05231887
2.52382231 45.53075409 -0.12691247
2.56523490 45.53075409 -0.27235571
2.60572529 45.53075409 -0.42857131
2.63407183 45.53075409 -0.55413431
2.64578295 45.53075409 -0.68314409
2.64526653 45.53075409 -0.81964463
2.65265775 45.53075409 -0.96357089
2.63309169 45.53075409 -1.12115490
2.68806601 45.53075409 -1.25849235
2.64179397 45.53075409 -1.31023359
2.50673437 45.53075409 -1.39077234
2.38111091 45.53075409 -1.42206633
2.32115340 45.53075409 -1.46118796
2.14611006 45.53075409 -1.52069855
2.01188684 45.53075409 -1.51855290
1.85793340 45.53075409 -1.52640641
1.74546313 45.53075409 -1.54267073
1.62893796 45.53075409 -1.55591500
1.51944363 45.53075409 -1.53459775
1.43652630 45.53075409 -1.52678704
1.32600331 45.53075409 -1.52987576
1.22260034 45.53075409 -1.52785611
1.08864832 45.53075409 -1.51104164
0.94804084 45.53075409 -1.52830267
0.88552237 45.53075409 -1.52881885
0.80949038 45.53075409 -1.52335906
0.68788832 45.53075409 -1.52004111
0.59228194 45.53075409 -1.51997292
0.51263434 45.53075409 -1.52193856
0.44674775 45.53075409 -1.52052248
0.36162376 45.53075409 -1.51293325
0.27665710 45.53075409 -1.50850427
0.17148656 45.53075409 -1.40797043
0.06602854 45.53075409 -1.35811949
0.02512678 45.53075409 -1.28845680
0.01634965 45.53075409 -1.22023475
-0.07668156 45.53075409 -1.09367776
-0.11828079 45.53075409 -1.03683245
-0.10744542 45.53075409 -0.96781564
-0.15726849 45.53075409 -0.88837880
-0.19076039 45.53075409 -0.76041448
-0.19519533 45.53075409 -0.60493785
-0.17219499 45.53075409 -0.52375335
-0.15314282 45.53075409 -0.46545324
-0.13168085 45.53075409 -0.39164072
-0.10476568 45.53075409 -0.33686277
-0.09596394 45.53075409 -0.25983232
-0.05118139 45.53075409 -0.14163731
0.08007687 45.53075409 0.01395181
0.14285596 45.53075409 0.09828873
0.14104453 45.53075409 0.18439233
0.16446742 45.53075409 0.26031873
0.22494105 45.53075409 0.33101574
0.29709384 45.53075409 0.42922303
0.37713206 45.53075409 0.45458564
0.45739797 45.53075409 0.45770010
0.69912255 45.53075409 0.54410857
0.76115996 45.53075409 0.55235136
0.84996200 45.53075409 0.56310350
0.94477242 45.53075409 0.59025669
1.13274741 45.53075409 0.58277529
1.22690558 45.53075409 0.61581111
1.26614296 45.53075409 0.55204755
1.32878542 45.53075409 0.55385518
1.39737833 45.53075409 0.55489492
1.48734379 45.53075409 0.56218755
1.55293405 45.53075409 0.55733567
0.18607983 45.53075409 -1.46720946
-0.21443790 45.53075409 -0.69298607
0.54006374 45.53075409 0.50007176
1.00812674 45.53075409 0.59947348
