0.04609573 -5.94815826 -1.29761672
-0.11708578 -5.94815826 -1.27948558
-0.12464847 -5.94815826 -1.21479011
-0.08750579 -5.94815826 -0.86200404
-0.02925269 -5.94815826 -0.69470078
-0.01840274 -5.94815826 -0.57602620
0.13755782 -5.94815826 -1.29939556
0.88270956 -5.94815826 0.59809035
0.79550827 -5.94815826 0.60979623
0.67224431 -5.94815826 0.55981702
0.59796739 -5.94815826 0.50095016
0.48069829 -5.94815826 0.44527751
0.29804599 -5.94815826 0.35206529
0.21879910 -5.94815826 0.24301571
0.15141420 -5.94815826 0.03542291
0.09584258 -5.94815826 -0.01029777
0.09848113 -5.94815826 -0.16400775
0.02268315 -5.94815826 -0.28873259
0.01240635 -5.94815826 -0.38008055
0.25667229 -5.94815826 -1.30187225
0.43680489 -5.94815826 -1.30146253
0.56896710 -5.94815826 -1.33228052
0.73045665 -5.94815826 -1.35340524
0.85491651 -5.94815826 -1.36514688
0.97481924 -5.94815826 -1.35576439
1.04476118 -5.94815826 -1.36547053
1.16947722 -5.94815826 -1.38649666
1.29059184 -5.94815826 -1.39324176
1.46132886 -5.94815826 -1.38617694
1.35626709 -5.94815826 -1.39145708
1.64760590 -5.94815826 -1.38779938
1.82352698 -5.94815826 -1.39202321
1.71558988 -5.94815826 -1.39057708
1.94468045 -5.94815826 -1.39177489
2.04425216 -5.94815826 -1.38232684
2.16736054 -5.94815826 -1.36303008
2.18817163 -5.94815826 -1.28383899
2.20938897 -5.94815826 -1.20235276
2.25896287 -5.94815826 -0.95465696
2.21741557 -5.94815826 -1.11480093
2.23046875 -5.94815826 -0.84339583
2.23835731 -5.94815826 -0.77943796
2.27390456 -5.94815826 -0.70999330
2.29130363 -5.94815826 -0.61311483
2.30970597 -5.94815826 -0.53818923
2.35410905 -5.94815826 -0.40548253
2.40903449 -5.94815826 -0.30750176
2.42739344 -5.94815826 -0.21216254
2.35736632 -5.94815826 -0.02858355
2.39808178 -5.94815826 -0.11263185
2.29177356 -5.94815826 0.12009132
2.15069127 -5.94815826 0.21601479
2.07113504 -5.94815826 0.33910260
1.97059965 -5.94815826 0.41951501
1.73992479 -5.94815826 0.43926379
1.83465576 -5.94815826 0.41484019
1.66685867 -5.94815826 0.49014205
1.60691428 -5.94815826 0.51433474
1.53468454 -5.94815826 0.49391609
1.44996619 -5.94815826 0.49349377
2.32850933 -5.94815826 0.03336225
-0.13208009 -5.94317579 -1.03515601
