2.37599373 2.64165497 -1.34257150
0.26395604 2.64165497 -1.08850408
0.62938088 2.64165497 0.26746517
1.33089900 2.63166046 0.61582720
1.39476728 2.63166046 0.64753187
1.48699284 2.63166046 0.68033540
1.63691521 2.63166046 0.65880060
1.75599921 2.63166046 0.65844733
1.81481659 2.63166046 0.64625490
1.88928711 2.63166046 0.62232327
1.96613359 2.63166046 0.59793055
2.07364130 2.63166046 0.57510531
2.16098857 2.63166046 0.55499786
2.22173047 2.63166046 0.55335116
2.28902149 2.63166046 0.51623386
2.38291478 2.63166046 0.45208955
2.47319627 2.63166046 0.25595012
2.50001621 2.63166046 0.14662065
2.47490382 2.63166046 0.05890837
2.49439931 2.63166046 -0.02490662
2.51006269 2.63166046 -0.11751673
2.53835630 2.63166046 -0.18335241
2.57649064 2.63166046 -0.28159463
2.57765222 2.63166046 -0.36804819
2.57108450 2.63166046 -0.44881296
2.55643559 2.63166046 -0.54894525
2.55209732 2.63166046 -0.66747642
2.54954243 2.63166046 -0.76225418
2.56288147 2.63166046 -0.85931396
2.56842256 2.63166046 -0.92571318
2.53178787 2.63166046 -0.98507673
2.50442815 2.63166046 -1.12017441
2.48573947 2.63166046 -1.23900759
2.45968890 2.63166046 -1.34740710
2.31736326 2.63166046 -1.35070348
2.21158004 2.63166046 -1.36658847
2.10005689 2.63166046 -1.35904992
2.01337123 2.63166046 -1.36248386
1.92805254 2.63166046 -1.36399055
1.84528267 2.63166046 -1.36388481
1.76516759 2.63166046 -1.35877752
1.68564034 2.63166046 -1.35499251
1.59698761 2.63166046 -1.34320712
1.49043143 2.63166046 -1.35874093
1.38631201 2.63166046 -1.36296880
1.29849935 2.63166046 -1.36239541
1.19121909 2.63166046 -1.35899138
1.09595931 2.63166046 -1.35303617
0.97304600 2.63166046 -1.37842298
0.86000711 2.63166046 -1.36638427
0.73535466 2.63166046 -1.35289645
0.57486725 2.63166046 -1.34862912
0.39401162 2.63166046 -1.33776104
0.26831678 2.63166046 -1.30614924
0.25508526 2.63166046 -1.15200710
0.26020417 2.63166046 -0.98026991
0.26040655 2.63166046 -0.91216195
0.26526305 2.63166046 -0.84530985
0.26566669 2.63166046 -0.76135093
0.26617405 2.63166046 -0.59526461
0.29146701 2.63166046 -0.50985968
0.33483002 2.63166046 -0.43008077
0.28591830 2.63166046 -0.31027612
0.34670129 2.63166046 -0.23186354
0.43993744 2.63166046 -0.14859597
0.52453107 2.63166046 0.00642370
0.56429422 2.63166046 0.06939962
0.57535219 2.63166046 0.14421429
0.58578300 2.63166046 0.22212361
0.68634129 2.63166046 0.32843029
0.76313472 2.63166046 0.40959820
0.82456112 2.63166046 0.45725551
0.87255824 2.63166046 0.49609339
1.05268884 2.63166046 0.59110940
1.55142403 2.63166046 0.67847133
2.44181752 2.63166046 0.37780663
0.97612637 2.63166046 0.53995097
1.12985361 2.63166046 0.62409562
