0.14183918 81.67998505 -1.16234624
0.04206125 81.67998505 -0.90318173
0.19519405 81.67998505 0.26112762
0.88669235 81.66999054 0.56140625
0.95196211 81.66999054 0.57393348
1.03766680 81.66999054 0.53497708
1.13463092 81.66999054 0.52932185
1.20071292 81.66999054 0.52398384
1.36505461 81.66999054 0.49116737
1.46392739 81.66999054 0.53257382
1.54769838 81.66999054 0.53594625
1.72790337 81.66999054 0.47917420
1.85254681 81.66999054 0.47682878
1.94786310 81.66999054 0.39627507
2.02762794 81.66999054 0.37373558
2.10098290 81.66999054 0.19031088
2.15236187 81.66999054 0.08901236
2.16714001 81.66999054 -0.01363242
2.16812086 81.66999054 -0.11985329
2.16309428 81.66999054 -0.31036252
2.15967560 81.66999054 -0.45320931
2.13850260 81.66999054 -0.68492681
2.20223618 81.66999054 -0.91471785
2.25516582 81.66999054 -1.10626912
2.20793080 81.66999054 -1.23202777
2.15501642 81.66999054 -1.39928031
2.13939047 81.66999054 -1.46315563
2.08022571 81.66999054 -1.53515220
1.92419696 81.66999054 -1.59622252
1.83281708 81.66999054 -1.60448790
1.50199294 81.66999054 -1.62013793
1.24150836 81.66999054 -1.61542571
0.85560411 81.66999054 -1.61816514
0.62034214 81.66999054 -1.62773561
0.29393959 81.66999054 -1.59296489
0.17203365 81.66999054 -1.58959961
0.13126895 81.66999054 -1.48054361
0.12141208 81.66999054 -1.35944498
0.15860975 81.66999054 -1.22259343
0.13280252 81.66999054 -1.09322810
0.11897975 81.66999054 -1.03445315
0.06157963 81.66999054 -0.96488816
0.01468813 81.66999054 -0.81273311
0.02102262 81.66999054 -0.64167070
0.00260353 81.66999054 -0.57520306
0.00094581 81.66999054 -0.49095565
0.01140279 81.66999054 -0.36541191
0.00787303 81.66999054 -0.29625452
0.06788497 81.66999054 -0.13702881
0.09372181 81.66999054 -0.00875982
0.12158200 81.66999054 0.07069967
0.25294557 81.66999054 0.35046440
0.25905758 81.66999054 0.42863664
0.31945139 81.66999054 0.47844863
0.41105208 81.66999054 0.53827918
0.50795829 81.66999054 0.55927628
0.62618148 81.66999054 0.59625953
0.69084698 81.66999054 0.59363812
0.77645427 81.66999054 0.57484120
1.65058947 81.66999054 0.49015972
2.07363391 81.66999054 0.32124469
2.15010190 81.66999054 0.15200467
2.16759372 81.66999054 -0.19227163
2.16398215 81.66999054 -0.54393953
2.15925479 81.66999054 -0.76991987
2.01247764 81.66999054 -1.54788458
1.59973335 81.66999054 -1.61542106
1.10994637 81.66999054 -1.61610866
1.01147556 81.66999054 -1.61423385
0.49600390 81.66999054 -1.62928915
0.43172154 81.66999054 -1.60442352
0.02489462 81.66999054 -0.74190724
0.02860759 81.66999054 -0.21649836
0.17108761 81.66999054 0.19763620
1.29894483 81.66999054 0.47402027
