2.22588825 -39.47745514 0.70604557
1.14647686 -39.47745514 0.69085008
2.53776598 -39.47745514 -0.31962913
1.32673061 -39.48744965 0.73833072
1.39152849 -39.48744965 0.74509007
1.48130989 -39.48744965 0.74968916
1.56803286 -39.48744965 0.76107734
1.70042801 -39.48744965 0.80325925
1.79555130 -39.48744965 0.80216616
1.89130902 -39.48744965 0.78718817
2.00722480 -39.48744965 0.79286534
2.06476712 -39.48744965 0.81150144
2.14202309 -39.48744965 0.79801881
2.28404713 -39.48744965 0.68655002
2.41398692 -39.48744965 0.64235568
2.44901466 -39.48744965 0.58979344
2.49100900 -39.48744965 0.45833150
2.51282072 -39.48744965 0.34871522
2.57648182 -39.48744965 0.23916095
2.56299686 -39.48744965 0.15155584
2.55924177 -39.48744965 0.04001939
2.50665164 -39.48744965 -0.07342575
2.54019499 -39.48744965 -0.20727640
2.53813314 -39.48744965 -0.38261753
2.53396225 -39.48744965 -0.49585491
2.51317406 -39.48744965 -0.58432221
2.45959139 -39.48744965 -0.66204232
2.44706726 -39.48744965 -0.76642960
2.44221854 -39.48744965 -0.85933232
2.44675922 -39.48744965 -0.94097137
2.43292737 -39.48744965 -1.07412815
2.43248367 -39.48744965 -1.17104220
2.39501405 -39.48744965 -1.34154570
2.28559732 -39.48744965 -1.36772311
2.16352487 -39.48744965 -1.37726426
2.06116819 -39.48744965 -1.39086902
1.95667434 -39.48744965 -1.39891863
1.86059201 -39.48744965 -1.40477109
1.74420381 -39.48744965 -1.40525126
1.56987131 -39.48744965 -1.42680204
1.49432933 -39.48744965 -1.43307960
1.42444777 -39.48744965 -1.42921460
1.27309299 -39.48744965 -1.42485106
1.13948703 -39.48744965 -1.43120861
1.01245868 -39.48744965 -1.42969811
0.88985866 -39.48744965 -1.42285204
0.75233585 -39.48744965 -1.41465712
0.58983505 -39.48744965 -1.41379523
0.37659061 -39.48744965 -1.43799400
0.26860097 -39.48744965 -1.41374409
0.19551966 -39.48744965 -1.26418650
0.16829492 -39.48744965 -1.19398522
0.12420107 -39.48744965 -1.06338382
0.12611081 -39.48744965 -0.96049351
0.13378067 -39.48744965 -0.89257848
0.16764301 -39.48744965 -0.77483344
0.19489124 -39.48744965 -0.63436800
0.18046610 -39.48744965 -0.48728341
0.17543931 -39.48744965 -0.42700636
0.18627305 -39.48744965 -0.34389636
0.20995009 -39.48744965 -0.22236164
0.27410349 -39.48744965 0.01128758
0.32220376 -39.48744965 0.14630382
0.37254289 -39.48744965 0.26276723
0.34919676 -39.48744965 0.43006212
0.39073893 -39.48744965 0.48813295
0.47397935 -39.48744965 0.50363779
0.59269315 -39.48744965 0.54159248
0.74902427 -39.48744965 0.57602233
0.81236017 -39.48744965 0.60175455
0.92583585 -39.48744965 0.62312794
1.02502024 -39.48744965 0.65213341
1.09139752 -39.48744965 0.66499138
1.25027013 -39.48744965 0.67126161
2.19402766 -39.48744965 0.76230967
0.20708764 -39.48744965 -0.15481946
