0.48423585 -44.93733978 0.86341196
0.16155328 -44.93733978 0.71956939
0.07969909 -44.93733978 0.36727819
0.08830328 -44.93733978 0.04090130
-0.00465810 -44.93733978 -0.82045645
-0.01917627 -44.93733978 -0.98434162
2.28854775 -44.94733429 -0.00309822
2.35955024 -44.94733429 -0.19469969
2.40578055 -44.94733429 -0.30725729
2.39924192 -44.94733429 -0.39213324
2.40288758 -44.94733429 -0.52442384
2.39847493 -44.94733429 -0.61907434
2.37962866 -44.94733429 -0.69914585
2.37125921 -44.94733429 -0.76333040
2.37934518 -44.94733429 -0.91727316
2.40886998 -44.94733429 -1.10461938
2.44107866 -44.94733429 -1.28416133
2.27876663 -44.94733429 -1.39654660
2.11121368 -44.94733429 -1.41377950
1.99483860 -44.94733429 -1.40662324
1.81650949 -44.94733429 -1.40927792
1.68558526 -44.94733429 -1.41834342
1.49467492 -44.94733429 -1.45072293
1.39964652 -44.94733429 -1.44481719
1.23136532 -44.94733429 -1.45171213
1.09627306 -44.94733429 -1.44659698
1.01109028 -44.94733429 -1.43909943
0.94806397 -44.94733429 -1.43798041
0.86347151 -44.94733429 -1.44310892
0.69722998 -44.94733429 -1.44166052
0.59509641 -44.94733429 -1.43790257
0.50880152 -44.94733429 -1.44362283
0.34320989 -44.94733429 -1.46626616
0.17322914 -44.94733429 -1.45220768
0.01428856 -44.94733429 -1.43052292
-0.03047066 -44.94733429 -1.29610753
-0.05822724 -44.94733429 -1.19530511
-0.02449349 -44.94733429 -1.05207646
-0.01293368 -44.94733429 -0.88455009
-0.01904500 -44.94733429 -0.74603349
-0.04182642 -44.94733429 -0.61915648
-0.04341859 -44.94733429 -0.54344159
-0.02809246 -44.94733429 -0.46236113
-0.01478681 -44.94733429 -0.34701130
0.01688404 -44.94733429 -0.22340642
0.04407256 -44.94733429 -0.11393105
0.08154722 -44.94733429 -0.02500644
0.09655774 -44.94733429 0.13149197
0.10649229 -44.94733429 0.20742166
0.09383149 -44.94733429 0.30940604
0.05193201 -44.94733429 0.44813251
0.09397873 -44.94733429 0.60732812
0.13493265 -44.94733429 0.66568094
0.21601920 -44.94733429 0.80323482
0.30494615 -44.94733429 0.83869135
0.42186090 -44.94733429 0.87962341
0.60671318 -44.94733429 0.81214786
0.72491455 -44.94733429 0.80037171
0.78878868 -44.94733429 0.78753304
0.90760118 -44.94733429 0.81439829
1.01706231 -44.94733429 0.83477163
1.18154728 -44.94733429 0.84318709
1.29663837 -44.94733429 0.84464771
1.40911901 -44.94733429 0.83786100
1.57807887 -44.94733429 0.83595741
1.73389149 -44.94733429 0.79449970
1.91396093 -44.94733429 0.77429754
2.00491691 -44.94733429 0.72884798
2.08769226 -44.94733429 0.67204279
2.12689614 -44.94733429 0.60024559
2.17150974 -44.94733429 0.36452556
2.19303989 -44.94733429 0.29777238
2.19600201 -44.94733429 0.21017301
2.21534181 -44.94733429 0.14181714
0.04639066 -44.94733429 0.53369272
-0.06506424 -44.94733429 -1.37361467
2.41646004 -44.94733429 -1.34602726
2.33606601 -44.94733429 -0.05949227
2.14121222 -44.94733429 0.49237561
1.83521712 -44.94733429 0.77957720
1.49593461 -44.94733429 0.84334242
1.07763219 -44.94733429 0.84198612
