0.39516273 -58.45705414 0.65431416
-0.11719328 -58.45705414 -0.95757860
2.12277174 -58.45705414 0.55454791
1.94434810 -58.45705414 0.54331607
1.79817724 -58.45705414 0.52810931
0.80251229 -58.45705414 0.57131559
1.28370368 -58.46704865 0.53129375
0.59773898 -58.46704865 0.58699840
0.52274811 -58.46704865 0.59254360
0.37461936 -58.46704865 0.59727812
0.33055791 -58.46704865 0.50622356
0.30261999 -58.46704865 0.40014836
0.23817874 -58.46704865 0.28663954
0.17833674 -58.46704865 0.14351265
0.17837033 -58.46704865 0.04162371
0.09681071 -58.46704865 -0.05525496
0.04870169 -58.46704865 -0.14972197
0.00146758 -58.46704865 -0.26559082
-0.05531793 -58.46704865 -0.41684663
-0.03224343 -58.46704865 -0.36075708
-0.10673735 -58.46704865 -0.56711352
-0.07610407 -58.46704865 -0.51126748
-0.11669423 -58.46704865 -0.66571450
-0.13317268 -58.46704865 -0.87084556
-0.15085651 -58.46704865 -0.77158946
-0.09617839 -58.46704865 -1.02764249
-0.04985016 -58.46704865 -1.10216320
-0.01891845 -58.46704865 -1.20606589
0.06937514 -58.46704865 -1.32307041
0.20584260 -58.46704865 -1.36237705
0.13541156 -58.46704865 -1.35405433
0.37775734 -58.46704865 -1.38209367
0.30310234 -58.46704865 -1.37142062
0.47332278 -58.46704865 -1.39108002
0.68823820 -58.46704865 -1.42387331
0.62405586 -58.46704865 -1.41182113
0.75539905 -58.46704865 -1.42622519
0.89858431 -58.46704865 -1.43510854
1.10145199 -58.46704865 -1.45135617
1.01575935 -58.46704865 -1.44223821
1.20899010 -58.46704865 -1.47341084
1.33025074 -58.46704865 -1.48706102
1.46113455 -58.46704865 -1.48382699
1.61181808 -58.46704865 -1.46566391
1.53631532 -58.46704865 -1.47557247
1.72536850 -58.46704865 -1.44561803
1.87143695 -58.46704865 -1.43729997
2.00117850 -58.46704865 -1.42833757
2.15975666 -58.46704865 -1.39219773
2.25100827 -58.46704865 -1.28989375
2.32458806 -58.46704865 -1.12095213
2.33263135 -58.46704865 -0.97057432
2.37748551 -58.46704865 -0.82041860
2.38833880 -58.46704865 -0.72566336
2.35610509 -58.46704865 -0.58152890
2.40712786 -58.46704865 -0.28689921
2.43314695 -58.46704865 -0.09739969
2.44190145 -58.46704865 0.21244223
2.43136835 -58.46704865 0.32011223
2.41201115 -58.46704865 0.40005720
2.33493543 -58.46704865 0.52093893
2.20372605 -58.46704865 0.56677616
2.00674272 -58.46704865 0.53518540
1.88362837 -58.46704865 0.54626930
1.67976844 -58.46704865 0.51931888
1.61345255 -58.46704865 0.50959730
1.55052447 -58.46704865 0.50598377
1.37610149 -58.46704865 0.53387541
2.22378802 -58.46704865 -1.36095047
2.42813802 -58.46704865 -0.43328607
2.47296786 -58.46704865 0.00930950
2.38419795 -58.46704865 0.48229927
1.44280732 -58.46704865 0.52582401
