2.15370107 26.30115509 -0.06090371
1.73954964 26.30115509 -1.47063076
0.85312325 26.30115509 0.57101953
1.18079531 26.29116058 -1.44641316
1.11854315 26.29116058 -1.43975723
1.05034947 26.29116058 -1.43119693
0.90709710 26.29116058 -1.41732597
0.78265870 26.29116058 -1.42550766
0.68850654 26.29116058 -1.42827129
0.53806126 26.29116058 -1.42209387
0.41997686 26.29116058 -1.41777992
0.32933515 26.29116058 -1.40585470
0.07509743 26.29116058 -1.32702553
-0.00033915 26.29116058 -1.25800252
-0.10708361 26.29116058 -1.22596776
-0.10433037 26.29116058 -1.15321982
0.01214616 26.29116058 -0.95089269
0.01021521 26.29116058 -0.85076147
0.03575802 26.29116058 -0.75442934
0.05431263 26.29116058 -0.67034185
0.08270683 26.29116058 -0.53965759
0.07445443 26.29116058 -0.42618948
0.09464958 26.29116058 -0.24408950
0.11784397 26.29116058 -0.12403963
0.13405880 26.29116058 0.00170266
0.16781059 26.29116058 0.09136774
0.18316585 26.29116058 0.19948415
0.20248626 26.29116058 0.27627945
0.23676547 26.29116058 0.44588953
0.30468631 26.29116058 0.46673036
0.39419720 26.29116058 0.58480799
0.48772258 26.29116058 0.55147821
0.56298047 26.29116058 0.52178752
0.64252800 26.29116058 0.53664786
0.72616190 26.29116058 0.54240483
0.79708326 26.29116058 0.55115044
0.91172665 26.29116058 0.59196532
0.99063063 26.29116058 0.60183895
1.07478774 26.29116058 0.60158372
1.15265548 26.29116058 0.59318906
1.27872193 26.29116058 0.57970023
1.34795988 26.29116058 0.57331669
1.42634749 26.29116058 0.60291487
1.53830361 26.29116058 0.58967501
1.68333352 26.29116058 0.63448513
1.76642501 26.29116058 0.58651680
1.84093058 26.29116058 0.50084585
1.89519250 26.29116058 0.43630975
1.90074456 26.29116058 0.35679990
1.94062579 26.29116058 0.30076596
1.97181785 26.29116058 0.23725356
2.07718110 26.29116058 0.08764238
2.16795802 26.29116058 -0.12146943
2.19347501 26.29116058 -0.22633767
2.21943951 26.29116058 -0.31415039
2.24027228 26.29116058 -0.37391597
2.23763418 26.29116058 -0.46295136
2.23134017 26.29116058 -0.53662169
2.23188686 26.29116058 -0.68232882
2.22431874 26.29116058 -0.74295723
2.23459530 26.29116058 -0.82840532
2.23424959 26.29116058 -0.89185876
2.23080373 26.29116058 -0.97344726
2.23846483 26.29116058 -1.04684329
2.25389862 26.29116058 -1.10968757
2.24865437 26.29116058 -1.18618274
2.27086329 26.29116058 -1.30782199
2.23382497 26.29116058 -1.36857975
2.14577556 26.29116058 -1.40891433
2.07175922 26.29116058 -1.42737246
2.00178576 26.29116058 -1.43969595
1.87216139 26.29116058 -1.46470809
1.79871356 26.29116058 -1.47533333
1.66662562 26.29116058 -1.46757340
1.60329640 26.29116058 -1.44868863
1.48990786 26.29116058 -1.43430769
1.42221212 26.29116058 -1.44590926
1.36043894 26.29116058 -1.44948840
1.26510835 26.29116058 -1.44938278
2.14278150 26.29116058 -0.00058557
0.17707914 26.29116058 -1.38749027
0.08140627 26.29116058 -0.35546881
0.19139598 26.29116058 0.34790704
