1.88576102 10.96147919 -1.43938613
0.10319228 10.96147919 -1.23751473
0.07424331 10.96147919 0.05063589
0.10353209 10.96147919 0.19826590
0.14927074 10.96147919 0.32744119
2.10357380 10.95148468 -1.41632795
1.95752895 10.95148468 -1.43869805
1.82408702 10.95148468 -1.44061852
1.67972898 10.95148468 -1.44815493
1.59837723 10.95148468 -1.43530297
1.50739527 10.95148468 -1.41646695
1.41464400 10.95148468 -1.42571568
1.35458505 10.95148468 -1.43171537
1.28018522 10.95148468 -1.42519748
1.17378891 10.95148468 -1.42341304
1.10051727 10.95148468 -1.40371490
1.00472021 10.95148468 -1.41065478
0.94073105 10.95148468 -1.41830754
0.84477991 10.95148468 -1.41639078
0.75368315 10.95148468 -1.40770006
0.68650460 10.95148468 -1.40786123
0.58682060 10.95148468 -1.40146363
0.38483894 10.95148468 -1.39716709
0.28963128 10.95148468 -1.40205276
0.16129735 10.95148468 -1.35631216
0.11635380 10.95148468 -1.30017579
0.11428484 10.95148468 -1.16522384
0.11365989 10.95148468 -1.08973849
0.09984386 10.95148468 -0.93237895
0.08042102 10.95148468 -0.84174484
0.02329772 10.95148468 -0.65897828
0.03479635 10.95148468 -0.55905652
0.04039286 10.95148468 -0.46077412
0.05144616 10.95148468 -0.34652936
0.07736192 10.95148468 -0.24886352
0.07666539 10.95148468 -0.01443409
0.07849634 10.95148468 0.13971651
0.16928641 10.95148468 0.40519467
0.28745332 10.95148468 0.47827461
0.55884463 10.95148468 0.52550781
2.21667576 10.95148468 -1.41414297
0.51391971 10.95148468 -1.39707243
0.05285210 10.95148468 -0.73904002
0.05357864 10.95148468 -0.11295271
0.13778320 10.95148468 0.26672417
0.17922045 10.95148468 0.47427389
0.42383832 10.95148468 0.48505813
0.61988479 10.95148468 0.55146813
1.75081408 10.95148468 0.41142127
1.87635207 10.95148468 0.31078807
1.95104480 10.95148468 0.27650899
2.00292563 10.95148468 0.19666073
2.31881022 10.95148468 -0.17595756
2.43021822 10.95148468 -0.30408037
2.60409689 10.95148468 -0.41924527
2.66688085 10.95148468 -0.52889627
2.74446011 10.95148468 -0.68648142
2.80116677 10.95148468 -0.96010643
2.84304142 10.95148468 -1.04638362
2.79565239 10.95148468 -1.20753825
2.73187065 10.95148468 -1.27821553
2.57705212 10.95148468 -1.36626148
2.33719611 10.95148468 -1.41175056
0.71575165 10.95148468 0.59188360
0.77876306 10.95148468 0.60702461
0.96473372 10.95148468 0.62915879
1.07165956 10.95148468 0.60086179
1.21127093 10.95148468 0.53673381
1.33961821 10.95148468 0.51173759
1.41206908 10.95148468 0.50694811
1.58017313 10.95148468 0.47822258
1.65982246 10.95148468 0.46152237
