0.87089193 48.40068817 -1.45078290
1.42437744 48.40068817 0.80078930
2.46378851 48.40068817 0.62540269
0.39813611 48.39069366 0.26679659
0.37586284 48.39069366 0.13677934
0.40298563 48.39069366 0.05306207
0.43125924 48.39069366 -0.06354941
0.42808980 48.39069366 -0.23601519
0.42738223 48.39069366 -0.34264517
0.42639759 48.39069366 -0.42271650
0.42083007 48.39069366 -0.52604634
0.40137509 48.39069366 -0.64361537
0.39260632 48.39069366 -0.76787901
0.36142460 48.39069366 -0.91295123
0.31516451 48.39069366 -1.19286644
0.38716015 48.39069366 -1.05081081
0.29032964 48.39069366 -1.27579927
0.40146720 48.39069366 -1.42061663
0.48890662 48.39069366 -1.44134581
0.65515888 48.39069366 -1.45329630
0.81102818 48.39069366 -1.45266998
0.71646607 48.39069366 -1.44980121
0.94963092 48.39069366 -1.45242131
1.01456499 48.39069366 -1.45845544
1.21424007 48.39069366 -1.47966397
1.14195192 48.39069366 -1.47657382
1.30938923 48.39069366 -1.47982073
1.42949295 48.39069366 -1.47634852
1.63456023 48.39069366 -1.48503745
1.53505445 48.39069366 -1.48006797
1.73362482 48.39069366 -1.49275315
1.86219203 48.39069366 -1.48025537
1.79861510 48.39069366 -1.48670948
1.92193520 48.39069366 -1.47302854
2.03469968 48.39069366 -1.45903480
2.18618512 48.39069366 -1.49838424
2.11828470 48.39069366 -1.48266137
2.26640272 48.39069366 -1.49881494
2.40452695 48.39069366 -1.48493671
2.54441833 48.39069366 -1.44997966
2.54323649 48.39069366 -1.36958134
2.71735001 48.39069366 -1.15812576
2.74673033 48.39069366 -1.06151009
2.81006646 48.39069366 -0.84605753
2.77345562 48.39069366 -0.90245706
2.82754421 48.39069366 -0.74298203
2.74902892 48.39069366 -0.54030102
2.78764915 48.39069366 -0.59047389
2.72445393 48.39069366 -0.39350477
2.71633816 48.39069366 -0.45872441
2.69960403 48.39069366 -0.24998695
2.69670057 48.39069366 -0.31030375
2.68374705 48.39069366 -0.17459802
2.67822194 48.39069366 -0.06173500
2.66924930 48.39069366 0.01121561
2.65978575 48.39069366 0.13633272
2.63665271 48.39069366 0.22398144
2.57565928 48.39069366 0.30484438
2.49861097 48.39069366 0.52576029
2.53554630 48.39069366 0.47489917
2.42793250 48.39069366 0.67375124
2.32890582 48.39069366 0.66659766
2.20470047 48.39069366 0.68120623
2.12512970 48.39069366 0.64972085
2.03597999 48.39069366 0.67820978
1.79804826 48.39069366 0.72041380
1.70678854 48.39069366 0.73314607
1.62916756 48.39069366 0.74812800
1.51016378 48.39069366 0.78226292
1.36756337 48.39069366 0.82056516
1.13055027 48.39069366 0.81368297
1.03085351 48.39069366 0.79473156
0.93717700 48.39069366 0.77214032
0.82463700 48.39069366 0.73957300
0.69992161 48.39069366 0.71417350
0.58619761 48.39069366 0.59116095
0.62464720 48.39069366 0.66824090
0.52592212 48.39069366 0.50853771
0.42313379 48.39069366 0.38401562
1.96115923 48.39069366 0.69919878
1.23371458 48.39069366 0.80830467
0.38450789 48.39069366 0.32981160
0.33382693 48.39069366 -1.34725177
2.66397309 48.39069366 -1.36303246
2.71444654 48.39069366 -1.27074099
2.50785136 48.39069366 0.39063501
