0.95205349 69.45024872 0.70059276
1.02021313 69.45024872 0.70042253
1.08660579 69.45024872 0.71332312
1.14885521 69.45024872 0.68609375
1.19348240 69.45024872 0.62869465
1.26669073 69.45024872 0.59844714
1.37612700 69.45024872 0.57206720
1.51607907 69.45024872 0.57358408
1.57166874 69.45024872 0.54962683
1.63140488 69.45024872 0.53146976
1.69853806 69.45024872 0.45726234
1.77688420 69.45024872 0.36218563
1.78996074 69.45024872 0.28482163
1.81606650 69.45024872 0.19569147
1.84411573 69.45024872 0.09713683
1.89404869 69.45024872 -0.01449989
1.94527340 69.45024872 -0.08838163
1.99303532 69.45024872 -0.25127369
1.99544120 69.45024872 -0.31590825
1.98702037 69.45024872 -0.38105950
1.98882020 69.45024872 -0.45211414
1.97947991 69.45024872 -0.52165163
1.96802497 69.45024872 -0.58188790
1.95751989 69.45024872 -0.65033901
1.95792544 69.45024872 -0.73598713
1.95182335 69.45024872 -0.81341696
1.95023453 69.45024872 -0.90372062
1.94382441 69.45024872 -1.08425117
1.99026108 69.45024872 -1.26235580
1.85705781 69.45024872 -1.32770467
1.80953443 69.45024872 -1.47312689
1.75117588 69.45024872 -1.49364960
1.65561378 69.45024872 -1.51642883
1.56209576 69.45024872 -1.52388513
1.46552098 69.45024872 -1.52978933
1.39708185 69.45024872 -1.52434897
1.29689085 69.45024872 -1.51701891
1.19075203 69.45024872 -1.52060664
1.12515450 69.45024872 -1.52094269
1.01495159 69.45024872 -1.51761925
0.92493910 69.45024872 -1.51640642
0.74010611 69.45024872 -1.51009464
0.57445067 69.45024872 -1.51034498
0.46490604 69.45024872 -1.50667512
0.32175723 69.45024872 -1.58038080
0.17571831 69.45024872 -1.45871556
0.05514310 69.45024872 -1.17663491
0.03730105 69.45024872 -1.08993208
-0.03605348 69.45024872 -0.97684652
-0.08258070 69.45024872 -0.85891765
-0.11366678 69.45024872 -0.73535424
-0.14776319 69.45024872 -0.61709458
-0.16534282 69.45024872 -0.50816262
-0.14744398 69.45024872 -0.38362297
-0.16596921 69.45024872 -0.28004399
-0.17240699 69.45024872 -0.17990305
-0.17922702 69.45024872 -0.09821657
-0.18321474 69.45024872 -0.00469676
-0.15001191 69.45024872 0.08692035
-0.13596632 69.45024872 0.20233819
-0.11794816 69.45024872 0.26049909
-0.07524933 69.45024872 0.40870139
-0.07207542 69.45024872 0.50218868
-0.07139421 69.45024872 0.58186322
0.09100656 69.45024872 0.61041188
0.21069533 69.45024872 0.61411268
0.30123049 69.45024872 0.62443727
0.39825365 69.45024872 0.68476975
0.50615299 69.45024872 0.67247170
0.56621629 69.45024872 0.67970359
0.62677824 69.45024872 0.68726927
0.70790464 69.45024872 0.71846962
0.76245332 69.45024872 0.74585694
0.85768056 69.45024872 0.70764941
1.93339014 69.45024872 -0.97915536
