0.51240671 -25.95774078 0.63981664
2.31278968 -25.95774078 0.33921131
1.34016860 -25.96773529 0.72797674
1.43711817 -25.96773529 0.75314337
0.89305520 -25.96773529 0.72268236
1.05093670 -25.96773529 0.71220911
0.78623891 -25.96773529 0.71419269
0.69490421 -25.96773529 0.67833722
0.45954931 -25.96773529 0.60262424
0.36000773 -25.96773529 0.58742034
0.24728306 -25.96773529 0.56034958
0.11568529 -25.96773529 0.46188956
0.02994763 -25.96773529 0.34281498
0.03018203 -25.96773529 0.25109911
0.10993108 -25.96773529 0.03913135
0.09933381 -25.96773529 -0.08998913
0.09294000 -25.96773529 -0.23411050
0.10036774 -25.96773529 -0.53919911
0.15641761 -25.96773529 -0.46607360
0.06993566 -25.96773529 -0.65073562
0.08084124 -25.96773529 -0.79047000
0.09772819 -25.96773529 -1.02771640
0.10512864 -25.96773529 -0.94405395
0.09535121 -25.96773529 -1.17397141
0.06672017 -25.96773529 -1.30593693
0.06873878 -25.96773529 -1.37865090
0.23491187 -25.96773529 -1.45907629
0.12450339 -25.96773529 -1.41456211
0.38690260 -25.96773529 -1.47318244
0.54071778 -25.96773529 -1.45811665
0.66586846 -25.96773529 -1.44885349
0.76836073 -25.96773529 -1.44279134
0.85601223 -25.96773529 -1.44726276
0.93462276 -25.96773529 -1.44708514
1.00788856 -25.96773529 -1.45085227
1.08414531 -25.96773529 -1.44933522
1.14991307 -25.96773529 -1.43282592
1.24389601 -25.96773529 -1.43267620
1.32239687 -25.96773529 -1.43558311
1.45555341 -25.96773529 -1.43487298
1.38609111 -25.96773529 -1.43413985
1.53450775 -25.96773529 -1.43298292
1.62666857 -25.96773529 -1.42742038
1.77620816 -25.96773529 -1.42879307
1.85903502 -25.96773529 -1.42456102
1.98674476 -25.96773529 -1.41699564
2.13374448 -25.96773529 -1.42272675
2.28595328 -25.96773529 -1.41006577
2.44189405 -25.96773529 -1.37485242
2.52959466 -25.96773529 -1.33607054
2.64998555 -25.96773529 -1.23787212
2.63812685 -25.96773529 -1.14289391
2.60571337 -25.96773529 -1.01475537
2.63776708 -25.96773529 -0.93843460
2.62906218 -25.96773529 -0.79120213
2.63904190 -25.96773529 -0.87773412
2.55887365 -25.96773529 -0.59409600
2.52962899 -25.96773529 -0.44315237
2.53811407 -25.96773529 -0.51686656
2.53904796 -25.96773529 -0.36080667
2.58183169 -25.96773529 -0.22837634
2.54070449 -25.96773529 -0.10806771
2.50849819 -25.96773529 0.06151036
2.51771641 -25.96773529 -0.02875345
2.50584126 -25.96773529 0.16300289
2.43677068 -25.96773529 0.19780928
2.14467669 -25.96773529 0.47339043
2.24952841 -25.96773529 0.34386435
1.70409918 -25.96773529 0.76960802
1.61491692 -25.96773529 0.73968577
1.78659129 -25.96773529 0.76694626
2.06376386 -25.96773529 0.55826932
2.40255594 -25.96773529 0.25848520
