2.43597531 -69.11682892 -1.37442100
1.07509720 -69.11682892 0.96552634
1.49046075 -69.11682892 1.04894173
1.81103313 -69.11682892 1.01595724
2.17569685 -69.11682892 0.83121133
2.26737309 -69.11682892 0.74587077
1.63805282 -69.12682343 1.05354130
1.74725413 -69.12682343 1.05595767
1.95746624 -69.12682343 0.92896140
2.12016964 -69.12682343 0.86720914
2.22961020 -69.12682343 0.79484421
2.31232858 -69.12682343 0.65968698
2.33306837 -69.12682343 0.59948403
2.38084912 -69.12682343 0.45118845
2.45991731 -69.12682343 0.25131455
2.48674083 -69.12682343 0.18400370
2.56351805 -69.12682343 0.03361263
2.65319109 -69.12682343 -0.14488564
2.71583557 -69.12682343 -0.23794794
2.76474118 -69.12682343 -0.29171678
2.79667521 -69.12682343 -0.35400668
2.86238766 -69.12682343 -0.48292574
2.87131310 -69.12682343 -0.56248498
2.90182042 -69.12682343 -0.63439608
2.90207458 -69.12682343 -0.70641321
2.89857554 -69.12682343 -0.77686977
2.85629606 -69.12682343 -0.85614973
2.81533074 -69.12682343 -0.93897909
2.74968648 -69.12682343 -1.11267126
2.71665287 -69.12682343 -1.18314719
2.66096067 -69.12682343 -1.27698815
2.60052490 -69.12682343 -1.34065199
2.50307822 -69.12682343 -1.37151158
2.37481904 -69.12682343 -1.38546455
2.26616931 -69.12682343 -1.40605962
2.17703891 -69.12682343 -1.42507827
2.09942889 -69.12682343 -1.42543685
2.01842499 -69.12682343 -1.43141150
1.94212091 -69.12682343 -1.44151497
1.87681460 -69.12682343 -1.44427335
1.81317639 -69.12682343 -1.44616616
1.74203897 -69.12682343 -1.44661856
1.68339491 -69.12682343 -1.46156633
1.58929789 -69.12682343 -1.47742140
1.50361109 -69.12682343 -1.47430730
1.42104638 -69.12682343 -1.47551608
1.34005570 -69.12682343 -1.47638345
1.25048423 -69.12682343 -1.48049033
1.16776109 -69.12682343 -1.46580851
1.03375173 -69.12682343 -1.46239138
0.95799065 -69.12682343 -1.45127845
0.88571757 -69.12682343 -1.44307065
0.76997930 -69.12682343 -1.42056584
0.64400196 -69.12682343 -1.38608515
0.38403934 -69.12682343 -1.27260673
0.38110152 -69.12682343 -1.19834387
0.36350998 -69.12682343 -1.08551955
0.36099124 -69.12682343 -1.00850224
0.35590926 -69.12682343 -0.89018977
0.33142498 -69.12682343 -0.83477962
0.32149613 -69.12682343 -0.77161831
0.33415887 -69.12682343 -0.58395773
0.31743142 -69.12682343 -0.39043880
0.29480195 -69.12682343 -0.32642630
0.24613394 -69.12682343 -0.22659276
0.21586126 -69.12682343 -0.10309806
0.22317673 -69.12682343 -0.01867185
0.21571270 -69.12682343 0.05161968
0.23530824 -69.12682343 0.13081697
0.22671705 -69.12682343 0.21431552
0.24108250 -69.12682343 0.29859826
0.34629878 -69.12682343 0.39903718
0.36140379 -69.12682343 0.47415009
0.36658439 -69.12682343 0.58527434
0.40051052 -69.12682343 0.64724135
0.44304800 -69.12682343 0.73295552
0.48284933 -69.12682343 0.80489552
0.58228683 -69.12682343 0.86037838
0.70018178 -69.12682343 0.88916594
0.94806677 -69.12682343 0.95465010
1.02090347 -69.12682343 0.94038570
1.21374166 -69.12682343 0.98842353
1.34297287 -69.12682343 1.04324794
2.83397579 -69.12682343 -0.41707623
2.77976012 -69.12682343 -1.03529680
0.52003670 -69.12682343 -1.32325387
0.30653724 -69.12682343 -0.50139898
0.21584098 -69.12682343 -0.16328913
0.50290620 -69.12682343 0.86820626
0.78262109 -69.12682343 0.91108268
1.41045308 -69.12682343 1.05495572
2.02533650 -69.12682343 0.93534207
2.41005063 -69.12682343 0.37098721
