-0.15137483 70.76021576 -0.34400347
-0.09416801 70.76021576 -0.61777061
0.49175742 70.75022125 0.81316233
0.40391597 70.75022125 0.78510416
0.32977736 70.75022125 0.76126766
0.27102038 70.75022125 0.72667050
0.19257943 70.75022125 0.64109570
0.06681271 70.75022125 0.61139345
0.01112299 70.75022125 0.55668342
-0.06612054 70.75022125 0.46840283
-0.14913094 70.75022125 0.36712605
-0.17414561 70.75022125 0.26546541
-0.18236649 70.75022125 0.19805934
-0.18306299 70.75022125 0.10626385
-0.19246334 70.75022125 -0.00582226
-0.19071005 70.75022125 -0.11656801
-0.16905625 70.75022125 -0.18660754
-0.15398145 70.75022125 -0.27323306
-0.14048475 70.75022125 -0.40785444
-0.12924081 70.75022125 -0.55335498
-0.13339268 70.75022125 -0.48946026
-0.05607837 70.75022125 -0.66547334
0.00489841 70.75022125 -0.79933435
-0.01791503 70.75022125 -0.74189204
0.04274482 70.75022125 -1.00152385
0.02837371 70.75022125 -0.90344578
0.06167968 70.75022125 -1.18263638
0.03945966 70.75022125 -1.07153881
0.17447411 70.75022125 -1.45304596
0.12867218 70.75022125 -1.35767615
0.20025197 70.75022125 -1.50758064
0.29505962 70.75022125 -1.52575111
0.54478955 70.75022125 -1.53907311
0.47363424 70.75022125 -1.54089081
0.75936866 70.75022125 -1.54277956
0.64290255 70.75022125 -1.54058838
0.98830169 70.75022125 -1.56067932
0.92332488 70.75022125 -1.55506670
1.11829281 70.75022125 -1.55258167
1.05520821 70.75022125 -1.55535638
1.36847723 70.75022125 -1.54956746
1.29103065 70.75022125 -1.54889250
1.51718926 70.75022125 -1.55432391
1.78439784 70.75022125 -1.56956923
1.70123613 70.75022125 -1.54667032
1.95684671 70.75022125 -1.62628078
2.10783887 70.75022125 -1.63608932
2.18232369 70.75022125 -1.34894407
2.15246344 70.75022125 -1.41493523
2.19590068 70.75022125 -1.18518519
2.21275783 70.75022125 -1.25108910
2.10820174 70.75022125 -0.81399637
2.11964273 70.75022125 -0.87527353
2.11604142 70.75022125 -0.66057831
2.12429810 70.75022125 -0.48581037
2.10763955 70.75022125 -0.31328332
2.09970307 70.75022125 -0.17692578
2.08079362 70.75022125 -0.03716664
2.05266595 70.75022125 0.07442965
1.98212636 70.75022125 0.19385014
1.94801879 70.75022125 0.48319960
1.92291367 70.75022125 0.67349297
1.93089402 70.75022125 0.73635441
1.85543311 70.75022125 0.90405542
1.72399437 70.75022125 0.97834307
1.65545607 70.75022125 1.00650990
1.55780220 70.75022125 1.00881290
1.41065919 70.75022125 1.00376773
1.30297291 70.75022125 0.99026817
1.18194938 70.75022125 1.00937068
1.10600054 70.75022125 0.99905658
1.01551878 70.75022125 1.00576353
0.94112486 70.75022125 0.98656589
0.87059700 70.75022125 0.97247922
0.80451649 70.75022125 0.95011771
0.75213093 70.75022125 0.92029518
0.68348795 70.75022125 0.88139814
0.61078340 70.75022125 0.86574858
0.55268335 70.75022125 0.83843333
2.01252270 70.75022125 0.28835031
1.98633921 70.75022125 0.42692938
1.93454146 70.75022125 0.54938155
1.90560925 70.75022125 0.82837945
1.79834795 70.75022125 0.95557743
1.47153354 70.75022125 1.01332414
1.24304783 70.75022125 1.05524027
