1.95554209 -30.63764191 -1.44549692
1.64999104 -30.63764191 -1.44251406
1.13832891 -30.63764191 -1.42583334
0.76204067 -30.63764191 -1.46288967
0.19966817 -30.63764191 -1.12474275
0.16370063 -30.63764191 -0.72682536
0.24428688 -30.63764191 -0.52642512
0.30711281 -30.63764191 -0.30702409
3.08311462 -30.64763641 -1.51199830
2.72542238 -30.64763641 -1.48141921
2.43346620 -30.64763641 -1.44166648
2.32263780 -30.64763641 -1.44419634
2.21557260 -30.64763641 -1.44583678
2.04245114 -30.64763641 -1.44402182
1.87776732 -30.64763641 -1.44696176
1.71418214 -30.64763641 -1.44386411
1.55547071 -30.64763641 -1.44099665
1.44790697 -30.64763641 -1.44713104
1.19871998 -30.64763641 -1.40764034
0.99834853 -30.64763641 -1.46610558
0.82534230 -30.64763641 -1.45804715
0.57076752 -30.64763641 -1.47800612
0.37567908 -30.64763641 -1.46912730
0.31620488 -30.64763641 -1.39709830
0.22741331 -30.64763641 -1.20547867
0.13993807 -30.64763641 -0.80448085
0.19379547 -30.64763641 -0.62596947
0.30328530 -30.64763641 -0.42128164
0.30892089 -30.64763641 -0.21532410
0.33835143 -30.64763641 -0.14799038
0.39679483 -30.64763641 0.05074736
0.45202440 -30.64763641 0.18252368
0.53444231 -30.64763641 0.21653917
0.64422834 -30.64763641 0.32517707
3.16464901 -30.64763641 -1.50875759
2.90835738 -30.64763641 -1.51568913
2.58920956 -30.64763641 -1.48668492
2.14037180 -30.64763641 -1.44236755
1.30689836 -30.64763641 -1.44622612
0.10119390 -30.64763641 -0.94068825
0.71728379 -30.64763641 0.50153077
1.90265393 -30.64763641 0.73776740
1.98565340 -30.64763641 0.74567378
2.29035783 -30.64763641 0.76078045
2.38501334 -30.64763641 0.77642304
2.52009845 -30.64763641 0.78560746
2.66702557 -30.64763641 0.79145169
2.75516343 -30.64763641 0.73904222
3.36271429 -30.64763641 0.72518331
3.55180073 -30.64763641 0.69007647
3.64095116 -30.64763641 0.66829783
3.65890789 -30.64763641 0.54918563
3.69177938 -30.64763641 0.25675890
3.76717091 -30.64763641 0.21499772
3.69748688 -30.64763641 0.03319849
3.70307469 -30.64763641 -0.18201308
3.71779227 -30.64763641 -0.34525388
3.71280861 -30.64763641 -0.55306590
3.80824375 -30.64763641 -0.72352272
3.80551696 -30.64763641 -0.88454753
3.82284355 -30.64763641 -0.94958037
3.68848348 -30.64763641 -1.07095528
3.59306097 -30.64763641 -1.33737576
3.59599018 -30.64763641 -1.44685590
3.50053144 -30.64763641 -1.47639084
3.28526425 -30.64763641 -1.50332510
0.74088711 -30.64763641 0.55797297
0.73968637 -30.64763641 0.66495132
0.79427010 -30.64763641 0.69054681
0.99289709 -30.64763641 0.67495036
1.15966129 -30.64763641 0.67273283
1.29463112 -30.64763641 0.68045503
1.41541088 -30.64763641 0.69416243
1.52450383 -30.64763641 0.72772610
1.60281003 -30.64763641 0.71266514
1.74143243 -30.64763641 0.64028764
1.80587077 -30.64763641 0.73237169
2.10254717 -30.64763641 0.74752843
3.01736259 -30.64763641 0.79143387
