0.38118961 52.56060028 0.43634674
-0.01164303 52.56060028 -0.01595575
-0.08990098 52.56060028 -0.12620349
-0.16527405 52.56060028 -0.35433984
2.29543543 52.56060028 0.16417325
2.11669445 52.56060028 0.44639888
1.66520619 52.56060028 0.55477875
0.91729587 52.55060577 0.44887722
0.67538333 52.55060577 0.48175132
0.52589059 52.55060577 0.47034678
0.30046070 52.55060577 0.43444756
0.23731872 52.55060577 0.44046071
0.06368907 52.55060577 0.42908987
0.05292540 52.55060577 0.34002578
0.03341824 52.55060577 0.19775915
0.04792701 52.55060577 0.26817951
0.00580113 52.55060577 0.06949696
-0.03966549 52.55060577 -0.06808562
-0.11892158 52.55060577 -0.18120305
-0.15781671 52.55060577 -0.25775456
-0.18046167 52.55060577 -0.42429933
-0.19716743 52.55060577 -0.53694445
-0.18610129 52.55060577 -0.68733007
-0.18810776 52.55060577 -0.61367249
-0.19984405 52.55060577 -0.83628035
-0.19285236 52.55060577 -0.76580805
-0.17565569 52.55060577 -0.97329110
-0.19052823 52.55060577 -0.90655506
-0.17096902 52.55060577 -1.15527821
-0.16590612 52.55060577 -1.05862200
-0.18153286 52.55060577 -1.23721528
-0.09478575 52.55060577 -1.33774650
0.14362721 52.55060577 -1.46741498
0.07248966 52.55060577 -1.44907880
0.31821311 52.55060577 -1.47726655
0.24560779 52.55060577 -1.47027135
0.48105925 52.55060577 -1.47924483
0.41881004 52.55060577 -1.47417498
0.55426270 52.55060577 -1.48992550
0.68827176 52.55060577 -1.50281620
0.81280583 52.55060577 -1.49793518
1.12641895 52.55060577 -1.46387959
1.05863321 52.55060577 -1.47078419
1.30260575 52.55060577 -1.46338546
1.23592794 52.55060577 -1.46366298
1.38278913 52.55060577 -1.46527660
1.49349213 52.55060577 -1.45214295
1.72470033 52.55060577 -1.46979058
1.85911918 52.55060577 -1.44953668
1.98774517 52.55060577 -1.40727139
2.05171895 52.55060577 -1.26873195
2.08285379 52.55060577 -1.08780587
2.05679893 52.55060577 -0.93497801
2.14193988 52.55060577 -0.74060345
2.19467473 52.55060577 -0.61036575
2.17501783 52.55060577 -0.54220414
2.25172687 52.55060577 -0.45123836
2.22050929 52.55060577 -0.27642637
2.31781077 52.55060577 -0.18438259
2.34995151 52.55060577 -0.12785482
2.32017279 52.55060577 0.00640333
2.31122589 52.55060577 0.06997684
2.27987027 52.55060577 0.24139166
2.21176362 52.55060577 0.35142657
2.16009831 52.55060577 0.40435448
2.07257676 52.55060577 0.48724633
1.98549902 52.55060577 0.54874444
1.26635170 52.55060577 0.52683979
1.37793505 52.55060577 0.54448801
1.06829774 52.55060577 0.52469349
0.97846889 52.55060577 0.49186686
0.76869023 52.55060577 0.49546400
0.11100040 52.55060577 0.46978742
0.94004661 52.55060577 -1.48862517
1.62849009 52.55060577 -1.48868704
2.09738803 52.55060577 -1.18508267
1.20083761 52.55060577 0.52484673
1.13442397 52.55060577 0.53882617
