0.07927597 -60.79700470 -0.74987221
1.33132100 -60.80699921 -1.47599638
1.23664081 -60.80699921 -1.47548044
1.15993357 -60.80699921 -1.46484399
1.07348657 -60.80699921 -1.45047069
0.99579805 -60.80699921 -1.44651866
0.91938341 -60.80699921 -1.43923903
0.83319539 -60.80699921 -1.43140662
0.62946546 -60.80699921 -1.39964247
0.56223506 -60.80699921 -1.38645697
0.49093908 -60.80699921 -1.38735139
0.40698576 -60.80699921 -1.37736285
0.34057418 -60.80699921 -1.36463523
0.21298730 -60.80699921 -1.30879724
0.13584055 -60.80699921 -1.23081791
0.06648730 -60.80699921 -1.13204789
0.03482226 -60.80699921 -1.06165814
0.02107143 -60.80699921 -1.00140369
0.06136206 -60.80699921 -0.89517105
0.07276975 -60.80699921 -0.81021148
0.09877351 -60.80699921 -0.64837879
0.09959076 -60.80699921 -0.58139026
0.11550518 -60.80699921 -0.42332634
0.12716542 -60.80699921 -0.35324040
0.18029964 -60.80699921 -0.17448641
0.21204625 -60.80699921 -0.05624570
0.22256567 -60.80699921 0.06619202
0.27873424 -60.80699921 0.17727058
0.36223745 -60.80699921 0.29380852
0.45996788 -60.80699921 0.47976094
0.62605643 -60.80699921 0.62160385
0.68267763 -60.80699921 0.65322042
1.10873413 -60.80699921 0.71759737
1.25605547 -60.80699921 0.72024399
1.57053804 -60.80699921 0.70189941
1.69651103 -60.80699921 0.67835337
1.77161813 -60.80699921 0.66173941
1.95834899 -60.80699921 0.55931056
2.13601279 -60.80699921 0.50752032
2.29587603 -60.80699921 0.35746625
2.36119390 -60.80699921 0.24552386
2.43814659 -60.80699921 0.05180173
2.48247862 -60.80699921 -0.05979793
2.55789995 -60.80699921 -0.21511041
2.56835294 -60.80699921 -0.31594291
2.57539940 -60.80699921 -0.38122874
2.57557368 -60.80699921 -0.71051329
2.52378035 -60.80699921 -0.85160059
2.49174047 -60.80699921 -1.00477779
2.49763417 -60.80699921 -1.11536622
2.50597715 -60.80699921 -1.21140158
2.49837470 -60.80699921 -1.32155704
2.43292975 -60.80699921 -1.45043898
2.29404402 -60.80699921 -1.48397148
2.12137985 -60.80699921 -1.46499610
2.00780034 -60.80699921 -1.46867931
1.90460241 -60.80699921 -1.47232568
1.81295383 -60.80699921 -1.47144043
1.70785332 -60.80699921 -1.46687818
1.62101328 -60.80699921 -1.47153783
1.55143225 -60.80699921 -1.47705102
1.40526831 -60.80699921 -1.47713757
2.61651349 -60.80699921 -0.60096532
2.51768756 -60.80699921 -1.39794254
1.47085917 -60.80699921 -1.47753894
0.73874521 -60.80699921 -1.41508591
0.13968275 -60.80699921 -0.26985192
0.35546052 -60.80699921 0.37648153
0.53490502 -60.80699921 0.57350087
0.82581121 -60.80699921 0.73389143
0.94067329 -60.80699921 0.71776193
1.31775010 -60.80699921 0.71421784
1.46733785 -60.80699921 0.72044444
2.02262545 -60.80699921 0.55014098
2.20106077 -60.80699921 0.44816861
2.42632580 -60.80699921 0.14930196
