0.89407504 -48.57726288 -1.44686508
0.58075720 -48.58725739 0.44505531
0.48686972 -48.58725739 0.34932745
0.53558767 -48.58725739 0.39677957
0.43415737 -48.58725739 0.31509241
0.34973499 -48.58725739 0.26244500
0.26922575 -48.58725739 0.20925987
0.18406865 -48.58725739 0.04525494
0.21685499 -48.58725739 0.13892643
0.18467106 -48.58725739 -0.02077757
0.15664974 -48.58725739 -0.19734286
0.17789876 -48.58725739 -0.09700762
0.11159221 -48.58725739 -0.26581526
0.01315662 -48.58725739 -0.37319392
-0.09020290 -48.58725739 -0.57355148
-0.06785932 -48.58725739 -0.48718458
-0.09643672 -48.58725739 -0.64260107
-0.12440397 -48.58725739 -0.75736433
-0.18954052 -48.58725739 -0.91593605
-0.20779090 -48.58725739 -1.07720697
-0.18820097 -48.58725739 -1.24241650
-0.09873883 -48.58725739 -1.35076213
0.17128378 -48.58725739 -1.43246150
0.32153726 -48.58725739 -1.43771482
0.46306500 -48.58725739 -1.42985070
0.59038496 -48.58725739 -1.42493749
0.72887003 -48.58725739 -1.43821919
0.65119773 -48.58725739 -1.42913723
0.83470136 -48.58725739 -1.44831622
0.96856046 -48.58725739 -1.44271767
1.14117038 -48.58725739 -1.44368887
1.26358533 -48.58725739 -1.45000708
1.35953653 -48.58725739 -1.44702101
1.46848059 -48.58725739 -1.44878995
1.60410106 -48.58725739 -1.41617084
1.53706074 -48.58725739 -1.43742633
1.71659994 -48.58725739 -1.40588379
1.84790087 -48.58725739 -1.40073907
2.00072289 -48.58725739 -1.40384519
1.90817857 -48.58725739 -1.40000403
2.14950466 -48.58725739 -1.39793742
2.07900333 -48.58725739 -1.40779448
2.27565074 -48.58725739 -1.33790994
2.21548724 -48.58725739 -1.37706876
2.33654046 -48.58725739 -1.27814174
2.38095880 -48.58725739 -1.19001424
2.39805698 -48.58725739 -1.11423182
2.41247654 -48.58725739 -0.93992949
2.41518593 -48.58725739 -1.01813972
2.32735395 -48.58725739 -0.73598123
2.34835196 -48.58725739 -0.81319547
2.28559923 -48.58725739 -0.60978943
2.24764156 -48.58725739 -0.44993398
2.26504350 -48.58725739 -0.51341987
2.20556498 -48.58725739 -0.39196461
2.20418715 -48.58725739 -0.27840212
2.17536616 -48.58725739 -0.19735979
2.15826058 -48.58725739 -0.00616299
2.15619326 -48.58725739 -0.08095633
2.13613129 -48.58725739 0.11910481
2.16202712 -48.58725739 0.06089140
2.08955884 -48.58725739 0.21937397
2.06289268 -48.58725739 0.28027719
2.00963593 -48.58725739 0.38549420
1.96679056 -48.58725739 0.48549190
1.93013513 -48.58725739 0.53557158
1.90375173 -48.58725739 0.66964442
1.82782960 -48.58725739 0.64040738
1.63979006 -48.58725739 0.66840869
1.70694220 -48.58725739 0.67508978
1.58340740 -48.58725739 0.69285202
1.43046296 -48.58725739 0.73412865
1.49472237 -48.58725739 0.73557395
1.38602996 -48.58725739 0.68563157
1.20373988 -48.58725739 0.70852298
1.28243089 -48.58725739 0.68535548
1.10129333 -48.58725739 0.70265889
1.03724372 -48.58725739 0.63619417
0.96429628 -48.58725739 0.62153304
0.89078903 -48.58725739 0.61398435
0.75239229 -48.58725739 0.54393995
0.80258304 -48.58725739 0.58127344
0.66715741 -48.58725739 0.49559569
2.37602997 -48.58725739 -0.87325889
0.01986910 -48.58725739 -1.40722716
