0.12505044 -6.71814728 -0.50540978
1.47666943 -6.71814728 0.35420519
0.41054532 -6.71814728 0.45954603
2.08915782 -6.72814178 0.29073271
2.37533593 -6.72814178 0.32829121
2.38345504 -6.72814178 0.24655448
2.37306952 -6.72814178 0.17104805
2.37949204 -6.72814178 0.09150150
2.38482094 -6.72814178 -0.02470438
2.36871219 -6.72814178 -0.10507081
2.38083482 -6.72814178 -0.18723665
2.38309717 -6.72814178 -0.31029442
2.39517236 -6.72814178 -0.38285586
2.39731240 -6.72814178 -0.45590481
2.37961864 -6.72814178 -0.60942519
2.36861539 -6.72814178 -0.67764199
2.33684254 -6.72814178 -0.80219656
2.26686811 -6.72814178 -0.95730311
2.24612880 -6.72814178 -1.02057433
2.21715784 -6.72814178 -1.10033643
2.17576313 -6.72814178 -1.20959938
2.11507225 -6.72814178 -1.38557017
2.03596997 -6.72814178 -1.40526676
1.95388865 -6.72814178 -1.40724945
1.86931252 -6.72814178 -1.40794170
1.79264069 -6.72814178 -1.40863419
1.70400488 -6.72814178 -1.40961266
1.62941885 -6.72814178 -1.40931189
1.46018720 -6.72814178 -1.40282190
1.38177216 -6.72814178 -1.41074908
1.26935637 -6.72814178 -1.40803337
1.16636121 -6.72814178 -1.39957058
1.10290468 -6.72814178 -1.39017558
1.03384387 -6.72814178 -1.37690258
0.88345718 -6.72814178 -1.37112927
0.77491069 -6.72814178 -1.36664104
0.67541176 -6.72814178 -1.35699415
0.56914353 -6.72814178 -1.34652710
0.46570566 -6.72814178 -1.32083440
0.34812102 -6.72814178 -1.31423187
0.22968559 -6.72814178 -1.31793249
0.15201664 -6.72814178 -1.30293334
0.10552159 -6.72814178 -1.22241426
0.12600383 -6.72814178 -0.98980021
0.10979682 -6.72814178 -0.87495852
0.12739438 -6.72814178 -0.75424379
0.15302679 -6.72814178 -0.64664704
0.14072393 -6.72814178 -0.56515092
0.10369226 -6.72814178 -0.44345754
0.10201681 -6.72814178 -0.36008379
0.15695827 -6.72814178 -0.27358949
0.16390878 -6.72814178 -0.19694605
0.21080838 -6.72814178 -0.10552760
0.24183553 -6.72814178 -0.03223706
0.26784849 -6.72814178 0.07222878
0.24394503 -6.72814178 0.15580873
0.28246996 -6.72814178 0.25317410
0.25247303 -6.72814178 0.34947684
0.30771613 -6.72814178 0.38005164
0.36138067 -6.72814178 0.41331077
0.54108053 -6.72814178 0.44885829
0.72241449 -6.72814178 0.34386820
1.40948784 -6.72814178 0.34207454
0.89270437 -6.72814178 0.35831210
2.06405091 -6.72814178 0.38805574
0.09405456 -6.72814178 -1.28591633
