-0.23848426 23.44121552 -1.38333488
0.35974702 23.44121552 -1.40663517
2.10962749 23.44121552 -1.34676254
1.58881116 23.44121552 0.84628808
2.81531930 23.44121552 0.88821924
1.91601491 23.44121552 -1.36092865
1.73784828 23.44121552 -1.36847222
1.55838752 23.44121552 -1.37504148
0.87303913 23.44121552 -1.41054571
0.68930823 23.44121552 -1.41386235
-0.38901019 23.44121552 0.78313148
-0.11728022 23.44121552 0.78688395
-1.64160335 23.44121552 0.74891329
-2.14425468 23.44121552 0.72168779
-3.10569668 23.44121552 0.54214609
-3.42560625 23.44121552 0.57587975
-3.60122418 23.44121552 0.45630226
-3.77998281 23.44121552 0.13148010
-0.59873646 23.44121552 0.73763072
-3.83236003 23.44121552 -0.90801215
-0.31375790 23.43122101 -1.36820400
0.82129967 23.43122101 0.73859745
0.72754103 23.43122101 0.75465530
0.66126263 23.43122101 0.76247716
0.50118721 23.43122101 0.78560811
0.57390141 23.43122101 0.77706629
0.39963970 23.43122101 0.79713666
0.28136596 23.43122101 0.80133629
0.09744339 23.43122101 0.74536234
0.18090606 23.43122101 0.77811784
-0.18135175 23.43122101 0.79018140
-0.06737474 23.43122101 -1.40258682
0.11410905 23.43122101 -1.41036725
0.29701889 23.43122101 -1.40837574
0.47360745 23.43122101 -1.41432285
0.62970495 23.43122101 -1.41627991
0.81277585 23.43122101 -1.41214240
0.93522871 23.43122101 -1.40188861
1.16986847 23.43122101 -1.38175094
1.36721194 23.43122101 -1.37680054
1.23060429 23.43122101 -1.38048029
1.49518955 23.43122101 -1.37709212
1.67300332 23.43122101 -1.37419021
1.84625018 23.43122101 -1.36841500
2.04953265 23.43122101 -1.35353994
2.23919225 23.43122101 -1.33888173
2.38423061 23.43122101 -1.32663524
2.92504072 23.43122101 -1.24742961
2.61249089 23.43122101 -1.28889608
3.19228911 23.43122101 -1.17881131
3.02909064 23.43122101 -1.21989465
3.49862862 23.43122101 -1.01063335
3.53123927 23.43122101 -0.90099591
3.55824566 23.43122101 -0.75577986
3.57716441 23.43122101 -0.42545524
3.57619977 23.43122101 -0.53529412
3.64380646 23.43122101 -0.10339826
3.58442163 23.43122101 0.13901718
3.57808185 23.43122101 0.04015551
3.54327559 23.43122101 0.23577891
3.51791501 23.43122101 0.34434712
3.40201998 23.43122101 0.61048549
3.43937802 23.43122101 0.53060609
3.28742242 23.43122101 0.70656502
2.92155743 23.43122101 0.80779070
3.11685395 23.43122101 0.77066380
2.49290776 23.43122101 0.89738858
2.75954032 23.43122101 0.91775149
2.10456109 23.43122101 0.90178883
2.29719400 23.43122101 0.91754931
1.87331080 23.43122101 0.88164854
2.02728319 23.43122101 0.89828157
1.66051674 23.43122101 0.84394532
1.79294527 23.43122101 0.85718656
1.52248788 23.43122101 0.84167445
1.29981315 23.43122101 0.82129753
1.40107071 23.43122101 0.83218008
1.08550036 23.43122101 0.73969275
1.17400968 23.43122101 0.81438971
1.01457930 23.43122101 0.76219934
0.93255979 23.43122101 0.73426795
2.38303185 23.43122101 0.90928495
3.61604786 23.43122101 -0.28960532
3.40264463 23.43122101 -1.07138646
3.30969763 23.43122101 -1.14301956
-0.45635593 23.43122101 0.78123081
-0.90798354 23.43122101 0.73791760
-1.00782394 23.43122101 0.73669827
-0.82394344 23.43122101 -1.28091013
-1.09291470 23.43122101 -1.29500651
-1.17403197 23.43122101 0.72911292
-1.28940773 23.43122101 -1.34249318
-1.32688355 23.43122101 0.72608030
-1.35800362 23.43122101 -1.40878499
-1.44160795 23.43122101 0.71251613
-1.46390688 23.43122101 -1.41863859
-1.64408386 23.43122101 -1.40249360
-1.84115565 23.43122101 -1.40679848
-1.71378100 23.43122101 0.75894850
-1.98171818 23.43122101 0.74613005
-1.93422318 23.43122101 -1.41386187
-2.20559525 23.43122101 -1.43256497
-2.20774579 23.43122101 0.71286720
-2.46614671 23.43122101 0.67722696
-2.47762442 23.43122101 -1.44973719
-2.62097383 23.43122101 0.67698985
-2.74470997 23.43122101 -1.45400012
-2.72705221 23.43122101 0.66489607
-2.92861080 23.43122101 -1.45994890
-2.85375595 23.43122101 0.60975450
-2.98984551 23.43122101 0.51961440
-3.08212018 23.43122101 -1.45593607
-3.17921591 23.43122101 0.56526113
-3.25599813 23.43122101 0.57633656
-3.32743144 23.43122101 0.58143836
-3.34941697 23.43122101 -1.45931089
-3.60338044 23.43122101 -1.44169044
-3.78412652 23.43122101 -1.42161751
-3.57487750 23.43122101 0.53815609
-3.64186954 23.43122101 0.36733890
-3.66439486 23.43122101 0.30193189
-3.68620229 23.43122101 -1.43695641
-3.84955597 23.43122101 -1.40970266
-0.55186671 23.43122101 -1.40181828
-0.54152650 23.43122101 0.75910169
-0.70968962 23.43122101 0.75588399
-3.80243754 23.43122101 0.07305432
-3.80558181 23.43122101 -0.02837442
-3.80944347 23.43122101 -0.14645420
-3.81169319 23.43122101 -0.21865335
-3.81540751 23.43122101 -0.33696228
-3.82053113 23.43122101 -0.50079554
-3.82567620 23.43122101 -0.66307020
-3.83866739 23.43122101 -1.06807184
-3.84229565 23.43122101 -1.18002224
-3.84575319 23.43122101 -1.28881812
