0.44387710 -58.97704315 0.44957623
0.28851214 -58.97704315 0.23467126
0.27203664 -58.97704315 0.04252290
0.89284891 -58.97704315 -1.43433964
1.05613065 -58.97704315 -1.44942105
1.07958353 -58.98703766 0.50323159
0.97035086 -58.98703766 0.48087743
0.85685891 -58.98703766 0.45988706
0.76381171 -58.98703766 0.46990409
0.63240677 -58.98703766 0.50448650
0.49837482 -58.98703766 0.50692403
0.38321227 -58.98703766 0.38011527
0.30090833 -58.98703766 0.29510328
0.28896630 -58.98703766 0.13839477
0.25532618 -58.98703766 -0.02370426
0.22002354 -58.98703766 -0.11298811
0.16809849 -58.98703766 -0.19975798
0.11208123 -58.98703766 -0.31671342
0.08196387 -58.98703766 -0.44710338
0.03729421 -58.98703766 -0.58146119
0.02189841 -58.98703766 -0.71960360
0.04074329 -58.98703766 -0.85279608
0.07512604 -58.98703766 -0.96584326
0.12261280 -58.98703766 -1.10142505
0.17737465 -58.98703766 -1.21186435
0.30624363 -58.98703766 -1.35044718
0.41257423 -58.98703766 -1.37976706
0.56356484 -58.98703766 -1.39601731
0.70276755 -58.98703766 -1.41765714
0.81659061 -58.98703766 -1.42677414
0.95175135 -58.98703766 -1.44098186
1.17475176 -58.98703766 -1.45894456
1.28637326 -58.98703766 -1.47890234
1.38817096 -58.98703766 -1.48020601
1.55388093 -58.98703766 -1.46712720
1.22012913 -58.98703766 0.51597476
1.15639699 -58.98703766 0.51453352
0.19525266 -58.98703766 -1.28396058
1.61918771 -58.98703766 -1.45145619
1.81131518 -58.98703766 -1.44393826
1.91019976 -58.98703766 -1.43833458
2.10677671 -58.98703766 -1.43971181
2.26628780 -58.98703766 -1.42688358
2.41155219 -58.98703766 -1.38290322
2.41340184 -58.98703766 -1.28952718
2.39386511 -58.98703766 -1.11254287
2.42828369 -58.98703766 -0.98750573
2.41216874 -58.98703766 -0.82345283
2.39736986 -58.98703766 -0.67998552
2.36380291 -58.98703766 -0.52886224
2.37927032 -58.98703766 -0.42832091
2.39356995 -58.98703766 -0.30539745
2.39661717 -58.98703766 -0.22897036
2.37086272 -58.98703766 -0.12265889
2.35939932 -58.98703766 -0.01364108
2.33093858 -58.98703766 0.11587297
2.26346040 -58.98703766 0.26247498
2.31706691 -58.98703766 0.18459693
2.19923687 -58.98703766 0.40772560
2.08895802 -58.98703766 0.46208540
2.00194883 -58.98703766 0.50700855
1.89699376 -58.98703766 0.51604462
1.72416556 -58.98703766 0.53217196
1.78637528 -58.98703766 0.50778341
1.64728427 -58.98703766 0.54175645
1.56339025 -58.98703766 0.52784252
1.49863017 -58.98703766 0.51241386
1.35180616 -58.98703766 0.54323125
1.28043425 -58.98703766 0.53073484
