0.80655384 79.34003448 0.47338545
2.32219362 79.34003448 0.39372525
1.63151097 79.34003448 -1.48470545
1.49439240 79.34003448 -1.48278153
0.27538705 79.34003448 -1.40636694
0.09675136 79.34003448 -0.62134111
0.36275956 79.34003448 0.42954633
1.20201647 79.33003998 0.53485668
1.11386669 79.33003998 0.54192722
1.05391991 79.33003998 0.53744382
0.90291560 79.33003998 0.48718458
0.47471079 79.33003998 0.49902570
0.54663634 79.33003998 0.48440552
0.40992391 79.33003998 0.49246773
0.32786658 79.33003998 0.37360862
0.25633946 79.33003998 0.29561865
0.20159046 79.33003998 0.23538411
0.13145140 79.33003998 0.11525072
0.15372223 79.33003998 0.17172618
0.07613545 79.33003998 0.05777121
0.07721002 79.33003998 -0.01649272
0.07185911 79.33003998 -0.12107939
0.08239798 79.33003998 -0.19019945
0.10749079 79.33003998 -0.41751710
0.09360119 79.33003998 -0.35738897
0.09103330 79.33003998 -0.53878874
0.11906041 79.33003998 -0.68156159
0.09637181 79.33003998 -0.82720089
0.11165377 79.33003998 -0.95163769
0.19734520 79.33003998 -1.27038574
0.31666362 79.33003998 -1.46340775
0.39304316 79.33003998 -1.46627772
0.54614240 79.33003998 -1.45795834
0.86735100 79.33003998 -1.47036040
1.00336230 79.33003998 -1.47556591
1.12244570 79.33003998 -1.48009861
1.25031149 79.33003998 -1.48072863
1.38375854 79.33003998 -1.46505165
1.55836177 79.33003998 -1.49468660
1.69596422 79.33003998 -1.47225547
1.82174730 79.33003998 -1.44757879
1.94969571 79.33003998 -1.45471573
2.13974142 79.33003998 -1.44295049
2.19159460 79.33003998 -1.36088824
2.33859110 79.33003998 -1.12644041
2.32727981 79.33003998 -1.00809801
2.32700610 79.33003998 -0.85178721
2.40725875 79.33003998 -0.59204340
2.37527776 79.33003998 -0.50646448
2.40677810 79.33003998 -0.31462944
2.39085340 79.33003998 -0.19339056
2.38948750 79.33003998 -0.11309630
2.37249684 79.33003998 0.00448122
2.34099436 79.33003998 0.14246628
2.32380867 79.33003998 0.23580696
2.29132581 79.33003998 0.44534272
2.19930983 79.33003998 0.49989510
2.05133772 79.33003998 0.50508040
1.93454707 79.33003998 0.50950575
1.72896957 79.33003998 0.48274070
1.66367447 79.33003998 0.49063969
1.58022320 79.33003998 0.48784128
1.49612153 79.33003998 0.48854443
1.43220770 79.33003998 0.49431604
1.34969950 79.33003998 0.51074111
1.26136076 79.33003998 0.52299899
1.85065103 79.33003998 0.50872189
2.33514118 79.33003998 0.31919137
2.32592392 79.33003998 -0.71157098
0.18391636 79.33003998 -1.16442561
0.14702387 79.33003998 -1.05351794
0.08725125 79.33003998 -0.28024805
0.65793234 79.33003998 0.46918079
0.74473023 79.33003998 0.45874643
0.99388629 79.33003998 0.51026821
