0.17412902 5.76158905 -0.36771923
0.23511893 5.76158905 -0.57590342
0.30648595 5.76158905 -0.76516867
0.32699409 5.76158905 -0.93661499
2.99118495 5.76158905 -1.11520970
1.45152712 5.75159454 -1.37958205
1.73565555 5.75159454 -1.35637653
1.85290122 5.75159454 -1.35979772
1.97696328 5.75159454 -1.35673094
2.08911443 5.75159454 -1.34500718
2.31577349 5.75159454 -1.31368637
2.46559763 5.75159454 -1.31465352
2.66051507 5.75159454 -1.35666990
2.80443573 5.75159454 -1.32342005
2.91326785 5.75159454 -1.20315635
3.09559512 5.75159454 -0.99571002
0.17948432 5.75159454 -0.11681183
0.19376859 5.75159454 -0.47622457
0.26409250 5.75159454 -0.65816420
0.32494494 5.75159454 -0.83147746
0.32921025 5.75159454 -0.99990010
0.34989765 5.75159454 -1.14621317
0.41228077 5.75159454 -1.27511239
0.43680942 5.75159454 -1.33969498
0.59119678 5.75159454 -1.33892286
0.76588589 5.75159454 -1.35191989
0.92861331 5.75159454 -1.36603832
1.11382794 5.75159454 -1.36898184
1.21914542 5.75159454 -1.37798345
1.33451414 5.75159454 -1.38425946
0.17726947 5.75159454 -0.01625470
0.16429740 5.75159454 -0.30242410
1.63688815 5.75159454 -1.34239483
2.16045284 5.75159454 -1.33049345
2.86926675 5.75159454 -1.29479289
1.68519735 5.75159454 0.72841370
1.60488272 5.75159454 0.72949594
1.49626946 5.75159454 0.76928169
1.39666951 5.75159454 0.78292048
1.33749688 5.75159454 0.76467472
1.19999552 5.75159454 0.71939778
1.12695789 5.75159454 0.70705813
1.04099846 5.75159454 0.66965240
0.89166343 5.75159454 0.65070009
0.68864381 5.75159454 0.66273105
0.51844633 5.75159454 0.45013377
0.62506872 5.75159454 0.55547857
0.47494012 5.75159454 0.39988440
0.36246923 5.75159454 0.20974539
0.17614529 5.75159454 0.09074047
3.07119298 5.75159454 -0.81578326
3.05954123 5.75159454 -0.67064923
3.03242850 5.75159454 -0.53238529
3.03952146 5.75159454 -0.39460668
3.03010559 5.75159454 -0.29504094
3.00698519 5.75159454 -0.07274779
3.00254798 5.75159454 0.07307751
2.90719104 5.75159454 0.26426882
2.94297576 5.75159454 0.19839916
2.87607265 5.75159454 0.33493987
2.78943229 5.75159454 0.56615418
2.81649804 5.75159454 0.40416723
2.62478018 5.75159454 0.58275366
2.56616139 5.75159454 0.63610840
2.43876195 5.75159454 0.67297512
2.33123946 5.75159454 0.67885309
2.15082765 5.75159454 0.67290723
2.21754265 5.75159454 0.67167592
2.06585574 5.75159454 0.68254006
2.00287819 5.75159454 0.68134850
1.80240357 5.75159454 0.72489536
1.88597727 5.75159454 0.70356733
