1.62059855 43.20079803 -1.56405902
2.07667112 43.20079803 -0.13356522
1.16280866 43.19080353 0.47092140
1.25336051 43.19080353 0.45895183
1.08041632 43.19080353 0.45083350
0.83585423 43.19080353 0.45928219
0.95097476 43.19080353 0.44233668
0.71772593 43.19080353 0.46105719
0.53777784 43.19080353 0.43677485
0.61188686 43.19080353 0.45491216
0.47236064 43.19080353 0.46283948
0.36774284 43.19080353 0.43769562
0.18764149 43.19080353 0.39882460
0.26441863 43.19080353 0.43138474
0.12091648 43.19080353 0.30877823
0.05005433 43.19080353 0.23744684
0.03228706 43.19080353 0.10276231
0.00403737 43.19080353 -0.01196266
-0.06636616 43.19080353 -0.21238683
-0.04110143 43.19080353 -0.13596560
-0.08466871 43.19080353 -0.28578693
-0.12096670 43.19080353 -0.35351607
-0.12569262 43.19080353 -0.53307980
-0.14837164 43.19080353 -0.46636745
-0.14780746 43.19080353 -0.59563923
-0.18189205 43.19080353 -0.72322941
-0.18487985 43.19080353 -0.78599972
-0.15332000 43.19080353 -0.98868364
-0.15094405 43.19080353 -0.92246455
-0.15777467 43.19080353 -1.08433330
-0.13049114 43.19080353 -1.23038590
-0.10493161 43.19080353 -1.33587909
-0.02177136 43.19080353 -1.46825230
0.06772461 43.19080353 -1.50495553
0.18721090 43.19080353 -1.52433574
0.29535270 43.19080353 -1.53807497
0.44602585 43.19080353 -1.54346144
0.53253239 43.19080353 -1.54407501
0.66833115 43.19080353 -1.54672015
0.73896152 43.19080353 -1.55353153
0.85995710 43.19080353 -1.55490506
0.79952067 43.19080353 -1.55477870
0.94825608 43.19080353 -1.54981244
1.02448070 43.19080353 -1.54577649
1.12730300 43.19080353 -1.54091704
1.27560878 43.19080353 -1.54666448
1.35224175 43.19080353 -1.54548812
1.45251787 43.19080353 -1.54344451
1.56305039 43.19080353 -1.54889536
1.70035386 43.19080353 -1.55557585
1.87181270 43.19080353 -1.52809870
1.78790939 43.19080353 -1.54059362
1.97034359 43.19080353 -1.49447775
2.04497862 43.19080353 -1.31582117
2.00924897 43.19080353 -1.42098892
2.10045075 43.19080353 -1.19777644
2.12088633 43.19080353 -1.13783538
2.12654591 43.19080353 -1.05621016
2.08258510 43.19080353 -0.89699310
2.13761568 43.19080353 -0.97558194
2.13603020 43.19080353 -0.81048346
2.10788655 43.19080353 -0.62091714
2.10907078 43.19080353 -0.73612851
2.10961533 43.19080353 -0.54977286
2.04804015 43.19080353 -0.38160282
2.08686972 43.19080353 -0.48769730
2.06122661 43.19080353 -0.26136705
2.07010150 43.19080353 -0.19336158
2.04465485 43.19080353 -0.06044248
2.03013158 43.19080353 0.09118126
2.04577255 43.19080353 0.01380931
2.00590229 43.19080353 0.18632624
1.92542791 43.19080353 0.29923284
1.97431219 43.19080353 0.24271311
1.72387946 43.19080353 0.34906891
1.80579996 43.19080353 0.31847820
1.64214754 43.19080353 0.37094188
1.58173788 43.19080353 0.37958622
1.46533310 43.19080353 0.43244302
1.20102847 43.19080353 -1.54410362
-0.08202459 43.19080353 -1.41237700
-0.16185161 43.19080353 -1.17747307
