0.59946203 46.32073212 0.66201574
2.59159398 46.32073212 -0.39970973
1.49462068 46.32073212 0.70271564
1.43446076 46.31073761 0.69363582
1.34126449 46.31073761 0.67309576
1.19111252 46.31073761 0.66309685
1.25197911 46.31073761 0.66260231
1.13076222 46.31073761 0.67496574
1.00415456 46.31073761 0.71350664
0.90494990 46.31073761 0.72147900
0.72620755 46.31073761 0.76391441
0.66409963 46.31073761 0.74061775
0.55000460 46.31073761 0.62053728
0.53470498 46.31073761 0.51816928
0.42007145 46.31073761 0.38749263
0.41985631 46.31073761 0.29104713
0.36986941 46.31073761 0.20546351
0.31843054 46.31073761 0.16761322
0.29368457 46.31073761 -0.02546070
0.21681622 46.31073761 -0.34132436
0.24852638 46.31073761 -0.23437969
0.18492994 46.31073761 -0.48432964
0.15630329 46.31073761 -0.77692425
0.15146330 46.31073761 -0.64577097
0.15789603 46.31073761 -0.85850108
0.27284381 46.31073761 -1.22461116
0.25885123 46.31073761 -1.06225193
0.26555729 46.31073761 -1.34555602
0.48144731 46.31073761 -1.49014986
0.32686087 46.31073761 -1.48781514
0.65976608 46.31073761 -1.49988508
0.79610270 46.31073761 -1.50015533
0.97037709 46.31073761 -1.49740231
1.11590052 46.31073761 -1.50655019
1.23194706 46.31073761 -1.50563979
1.36142409 46.31073761 -1.50711513
1.57100570 46.31073761 -1.52558756
1.72468698 46.31073761 -1.52439475
1.63742101 46.31073761 -1.52800119
1.90109909 46.31073761 -1.50551498
2.21496344 46.31073761 -1.50923383
2.08740640 46.31073761 -1.49051511
2.30123568 46.31073761 -1.49989879
2.47143841 46.31073761 -1.31134999
2.59137058 46.31073761 -1.18080819
2.64144635 46.31073761 -1.08858454
2.65080476 46.31073761 -0.98787075
2.62954473 46.31073761 -0.80066478
2.64405203 46.31073761 -0.90726185
2.60258889 46.31073761 -0.63916707
2.62558770 46.31073761 -0.73216182
2.61281157 46.31073761 -0.45743755
2.61067772 46.31073761 -0.52804452
2.59016609 46.31073761 -0.29823294
2.60131288 46.31073761 -0.23450583
2.61157441 46.31073761 -0.12106398
2.59608507 46.31073761 -0.00035491
2.55950069 46.31073761 0.15698071
2.57988739 46.31073761 0.07970494
2.56303978 46.31073761 0.24272311
2.52215576 46.31073761 0.39127281
2.49530053 46.31073761 0.46397170
2.45890045 46.31073761 0.54243207
2.35656238 46.31073761 0.63883722
2.19273710 46.31073761 0.66963702
2.28096008 46.31073761 0.67207104
2.12034655 46.31073761 0.65859938
1.98506296 46.31073761 0.62497765
1.90607786 46.31073761 0.66391158
1.84292138 46.31073761 0.67781270
1.71142840 46.31073761 0.62419367
1.61820495 46.31073761 0.67584777
1.55504513 46.31073761 0.70033699
