1.59815943 -31.93761444 -1.45103538
1.72513342 -31.93761444 -1.43763709
0.42335474 -31.93761444 -0.23511226
1.13430727 -31.93761444 0.56086630
1.01168048 -31.94760895 0.52143693
0.68712711 -31.94760895 0.47931266
0.56762934 -31.94760895 0.32223094
0.63037878 -31.94760895 0.43098897
0.46568891 -31.94760895 0.15628383
0.51543069 -31.94760895 0.22150269
0.43669528 -31.94760895 0.10256640
0.40766492 -31.94760895 -0.15726137
0.38834718 -31.94760895 -0.02040264
0.43306249 -31.94760895 -0.38354245
0.42474872 -31.94760895 -0.29495141
0.42710200 -31.94760895 -0.48885033
0.41719767 -31.94760895 -0.69625115
0.41753864 -31.94760895 -0.55338550
0.41980577 -31.94760895 -0.76855969
0.45746347 -31.94760895 -1.01468074
0.43558520 -31.94760895 -0.89198226
0.47295323 -31.94760895 -1.12106097
0.43026951 -31.94760895 -1.45499313
0.54179376 -31.94760895 -1.46001446
0.78649712 -31.94760895 -1.44952166
0.64033347 -31.94760895 -1.45614552
0.97348857 -31.94760895 -1.45472455
0.86286229 -31.94760895 -1.44840837
1.15449750 -31.94760895 -1.45395648
1.04988265 -31.94760895 -1.45783031
1.38955867 -31.94760895 -1.46462464
1.53574574 -31.94760895 -1.46035373
1.46925449 -31.94760895 -1.46196854
1.66439176 -31.94760895 -1.43706489
1.81333160 -31.94760895 -1.43925714
2.02891111 -31.94760895 -1.43227029
1.93190181 -31.94760895 -1.43495047
2.15032268 -31.94760895 -1.43530297
2.32568097 -31.94760895 -1.43908763
2.23455119 -31.94760895 -1.43904710
2.45944786 -31.94760895 -1.45631480
2.39917850 -31.94760895 -1.44648230
2.64113331 -31.94760895 -1.46082187
2.54572701 -31.94760895 -1.46006644
2.71636462 -31.94760895 -1.46254051
3.07001209 -31.94760895 -1.47684193
3.50804019 -31.94760895 -1.50043952
3.57078815 -31.94760895 -1.40696013
3.60947824 -31.94760895 -1.22131217
3.59995103 -31.94760895 -1.30998194
3.75966287 -31.94760895 -0.90625215
3.68666077 -31.94760895 -1.02577043
3.87832856 -31.94760895 -0.76892906
3.86872959 -31.94760895 -0.64681774
3.84790015 -31.94760895 -0.52086961
3.88114905 -31.94760895 -0.33707607
3.88130689 -31.94760895 -0.39768472
3.82819843 -31.94760895 -0.03032452
3.82188177 -31.94760895 -0.13924272
3.87114692 -31.94760895 0.14689028
3.81959033 -31.94760895 0.25301602
3.78404236 -31.94760895 0.31536555
3.75283098 -31.94760895 0.63732362
3.77697110 -31.94760895 0.54112488
3.72118568 -31.94760895 0.78584445
3.70930171 -31.94760895 0.72470850
3.68839455 -31.94760895 0.91859120
3.66460037 -31.94760895 0.97821110
3.50145030 -31.94760895 1.08397198
3.57489395 -31.94760895 1.06305695
3.25351143 -31.94760895 1.09625149
3.35744810 -31.94760895 1.11586869
3.02940989 -31.94760895 1.09289956
3.09860229 -31.94760895 1.09285069
2.82591462 -31.94760895 1.10107005
2.89167237 -31.94760895 1.09298515
2.73275256 -31.94760895 1.09412134
2.60177994 -31.94760895 1.07583523
2.51296091 -31.94760895 1.07850993
2.41535401 -31.94760895 1.03207374
2.32912827 -31.94760895 1.00796580
2.21887517 -31.94760895 0.96915442
2.15810347 -31.94760895 0.94305140
2.09079719 -31.94760895 0.90917504
1.80939782 -31.94760895 0.76491213
0.42347118 -31.94760895 -1.35247850
1.23397410 -31.94760895 -1.45118165
3.86332536 -31.94760895 0.06254439
