0.33229688 -63.39694977 -0.30011216
0.22993858 -63.39694977 -0.53078872
2.39767885 -63.39694977 -0.42405653
2.36932564 -63.39694977 -0.28516269
0.50425947 -63.40694427 0.09425413
0.49657524 -63.40694427 -0.00103421
0.42245319 -63.40694427 -0.12359543
0.39394367 -63.40694427 -0.19030488
0.36497930 -63.40694427 -0.24686106
0.25330940 -63.40694427 -0.46525982
0.21059006 -63.40694427 -0.60816097
0.16223724 -63.40694427 -0.77888858
0.16060793 -63.40694427 -0.91131967
0.30599999 -63.40694427 -1.10396647
0.27492303 -63.40694427 -1.05093777
0.29619366 -63.40694427 -1.25468898
0.39968830 -63.40694427 -1.31226456
0.56567198 -63.40694427 -1.36922121
0.65685123 -63.40694427 -1.38746929
0.79469824 -63.40694427 -1.40680873
0.90300435 -63.40694427 -1.42807996
1.01807809 -63.40694427 -1.44803059
1.09239149 -63.40694427 -1.45309484
1.16650009 -63.40694427 -1.47673571
1.26616430 -63.40694427 -1.48399985
1.35254598 -63.40694427 -1.48728156
1.43644655 -63.40694427 -1.49051952
1.51349819 -63.40694427 -1.49791491
1.61688221 -63.40694427 -1.47193670
1.73912311 -63.40694427 -1.47422242
1.89921987 -63.40694427 -1.47881830
2.03368115 -63.40694427 -1.46616924
2.17654777 -63.40694427 -1.45474529
2.34870815 -63.40694427 -1.41026056
2.41075301 -63.40694427 -1.40074480
2.52644515 -63.40694427 -1.35146213
2.50626755 -63.40694427 -1.28769255
2.47489977 -63.40694427 -1.15045595
2.53755188 -63.40694427 -0.95983857
2.48417521 -63.40694427 -0.76189190
2.47282481 -63.40694427 -0.62435341
2.41366577 -63.40694427 -0.48506501
2.34863043 -63.40694427 -0.17391451
2.31166816 -63.40694427 -0.04400519
0.53039265 -63.40694427 0.19138619
0.47115439 -63.40694427 -0.06991148
0.28675297 -63.40694427 -0.39076936
0.20222302 -63.40694427 -0.67342591
0.12216972 -63.40694427 -0.84745193
0.22174807 -63.40694427 -0.97267443
0.30985966 -63.40694427 -1.16848600
0.49398687 -63.40694427 -1.34643531
2.53309512 -63.40694427 -0.88309175
1.16498017 -63.40694427 0.53839087
0.71510327 -63.40694427 0.41934440
0.64831501 -63.40694427 0.33386281
0.57721537 -63.40694427 0.29617810
2.27964783 -63.40694427 0.07313306
2.24480844 -63.40694427 0.19715697
2.21456337 -63.40694427 0.32749471
2.20426083 -63.40694427 0.43178880
2.12926626 -63.40694427 0.45561191
1.93227088 -63.40694427 0.53705943
1.87694156 -63.40694427 0.59662193
1.77168536 -63.40694427 0.62904203
1.64190149 -63.40694427 0.64248663
1.51956046 -63.40694427 0.66086125
1.28279948 -63.40694427 0.57973462
1.39957416 -63.40694427 0.61581624
