0.97024763 -49.87723541 0.62713653
1.45242488 -49.87723541 0.58420235
1.39345646 -49.87723541 -1.45563138
0.68860835 -49.87723541 -1.44504642
-0.19709143 -49.87723541 -1.30165493
-0.23422764 -49.87723541 -1.17145824
-0.13937987 -49.87723541 0.14964068
0.50170946 -49.87723541 0.59151727
0.66848826 -49.87723541 0.62195027
0.80877888 -49.87723541 0.63101524
0.73382634 -49.88722992 0.62387550
0.86308140 -49.88722992 0.60729241
1.11004984 -49.88722992 0.64695406
1.37661242 -49.88722992 0.60015517
1.51080871 -49.88722992 0.57298243
1.64966893 -49.88722992 0.57302606
1.79392147 -49.88722992 0.58255672
1.89673638 -49.88722992 0.46182173
1.95510209 -49.88722992 0.41727841
2.03546119 -49.88722992 0.26361951
2.08251405 -49.88722992 0.15328881
2.12928343 -49.88722992 -0.07114929
2.18916798 -49.88722992 -0.19680724
2.22467780 -49.88722992 -0.30090910
2.25580263 -49.88722992 -0.46209526
2.29875922 -49.88722992 -0.60775197
2.31035852 -49.88722992 -0.75214642
2.32286096 -49.88722992 -0.81083703
2.27121067 -49.88722992 -1.06123412
2.25592327 -49.88722992 -1.31996834
1.99030960 -49.88722992 -1.42166305
1.79020095 -49.88722992 -1.42311633
1.59558463 -49.88722992 -1.43396747
1.47176051 -49.88722992 -1.45253062
1.33217168 -49.88722992 -1.45763397
1.09215009 -49.88722992 -1.44603634
0.97548544 -49.88722992 -1.46106291
0.86849570 -49.88722992 -1.46219337
0.76531881 -49.88722992 -1.45070839
0.56186682 -49.88722992 -1.43588340
0.45105368 -49.88722992 -1.43222618
0.35442397 -49.88722992 -1.43535554
0.24073055 -49.88722992 -1.42850482
0.09595659 -49.88722992 -1.42159545
-0.03703990 -49.88722992 -1.39650619
-0.14392361 -49.88722992 -1.34919643
-0.20488456 -49.88722992 -1.23113775
-0.28161320 -49.88722992 -1.07685697
-0.30658051 -49.88722992 -0.99804115
-0.33105519 -49.88722992 -0.88264209
-0.35317174 -49.88722992 -0.77101421
-0.37166193 -49.88722992 -0.66548812
-0.36336827 -49.88722992 -0.53824890
-0.33533305 -49.88722992 -0.43229145
-0.29430711 -49.88722992 -0.33339998
-0.26498479 -49.88722992 -0.23879036
-0.25546324 -49.88722992 -0.13790677
-0.16303915 -49.88722992 0.09033073
-0.10681415 -49.88722992 0.25139651
-0.04477981 -49.88722992 0.42006335
0.01940741 -49.88722992 0.47470379
0.18270783 -49.88722992 0.54840338
0.28511104 -49.88722992 0.56231099
0.40791848 -49.88722992 0.58367878
0.58787334 -49.88722992 0.59378594
1.03334224 -49.88722992 0.64417893
1.21375918 -49.88722992 0.65214485
1.31799972 -49.88722992 0.62316781
2.26184416 -49.88722992 -1.23508334
2.15229845 -49.88722992 -1.36890543
1.20337355 -49.88722992 -1.46402001
-0.21034820 -49.88722992 0.00885135
-0.12909497 -49.88722992 0.33775532
0.11268274 -49.88722992 0.54691344
