2.00981045 0.29170990 0.41109157
2.10044599 0.29170990 0.35921776
2.15062165 0.29170990 0.30552992
2.20463800 0.29170990 0.20554411
2.25794554 0.29170990 0.12368053
2.33577204 0.29170990 -0.01058806
2.36236715 0.29170990 -0.13149743
2.32762909 0.29170990 -0.24415515
2.32562375 0.29170990 -0.34674037
2.34064364 0.29170990 -0.40571418
2.34690475 0.29170990 -0.46687943
2.32153845 0.29170990 -0.54753816
2.33026099 0.29170990 -0.60768664
2.32568765 0.29170990 -0.66997910
2.33089375 0.29170990 -0.78402168
2.33788180 0.29170990 -0.90608126
2.38290787 0.29170990 -1.02899933
2.37493086 0.29170990 -1.12551558
2.40030575 0.29170990 -1.22624969
2.38108563 0.29170990 -1.28617549
2.30687666 0.29170990 -1.31438398
2.17699957 0.29170990 -1.34863830
2.00477338 0.29170990 -1.36344349
1.86928236 0.29170990 -1.36646116
1.74819541 0.29170990 -1.36801779
1.63122618 0.29170990 -1.35980463
1.53770757 0.29170990 -1.35917234
1.45891106 0.29170990 -1.37122941
1.37567878 0.29170990 -1.37950480
1.31458998 0.29170990 -1.37743413
1.22836018 0.29170990 -1.37541318
1.16501033 0.29170990 -1.37088132
1.10066187 0.29170990 -1.36449540
0.99181676 0.29170990 -1.36308944
0.90544593 0.29170990 -1.36871600
0.83785176 0.29170990 -1.36679113
0.73769289 0.29170990 -1.36023402
0.65241015 0.29170990 -1.34966123
0.55965829 0.29170990 -1.34032357
0.45093858 0.29170990 -1.33607006
0.35219416 0.29170990 -1.33235896
0.22859630 0.29170990 -1.29556322
0.20029499 0.29170990 -1.22708404
0.19075501 0.29170990 -1.11678147
0.18484010 0.29170990 -0.99390942
0.18487532 0.29170990 -0.92129016
0.15699992 0.29170990 -0.82834071
0.16625720 0.29170990 -0.73578805
0.14485659 0.29170990 -0.61822951
0.12462226 0.29170990 -0.53934777
0.13973272 0.29170990 -0.43489957
0.13286890 0.29170990 -0.35821792
0.17205019 0.29170990 -0.25661594
0.24304491 0.29170990 -0.20272754
0.23958091 0.29170990 -0.08705980
0.31236443 0.29170990 -0.04071596
0.42032325 0.29170990 0.06238522
0.48275355 0.29170990 0.14888930
0.53105044 0.29170990 0.20497860
0.58602160 0.29170990 0.25213757
0.63756830 0.29170990 0.34247449
0.68787307 0.29170990 0.43924975
0.76549917 0.29170990 0.45165455
0.86586225 0.29170990 0.48379707
1.08390009 0.29170990 0.56059390
1.23858809 0.29170990 0.58238840
1.63253403 0.29170990 0.48785099
1.17354429 0.29170990 0.59148949
1.88718998 0.29170990 0.43979830
