0.33515674 32.28102875 -0.24018168
1.18842983 32.28102875 -1.45689869
1.55954659 32.27103424 0.67540830
1.42894530 32.27103424 0.67480040
1.33672678 32.27103424 0.68272626
1.26074386 32.27103424 0.68746966
1.12673593 32.27103424 0.69996953
1.03550243 32.27103424 0.69483590
0.93160915 32.27103424 0.69507855
0.63660347 32.27103424 0.76607704
0.79331088 32.27103424 0.71449655
0.54270351 32.27103424 0.72617501
0.51229298 32.27103424 0.60964930
0.49246886 32.27103424 0.47787130
0.45067024 32.27103424 0.32803428
0.41151977 32.27103424 0.22712785
0.38377509 32.27103424 0.11314201
0.34220853 32.27103424 0.03616928
0.33905238 32.27103424 -0.02798552
0.35067597 32.27103424 -0.17724609
0.31875587 32.27103424 -0.29977578
0.29289797 32.27103424 -0.39205751
0.24323487 32.27103424 -0.68132192
0.33300295 32.27103424 -0.53946966
0.22021483 32.27103424 -0.75217783
0.16937426 32.27103424 -0.93284965
0.11622503 32.27103424 -1.15042448
0.09998526 32.27103424 -1.22857141
0.30366930 32.27103424 -1.41607416
0.49965277 32.27103424 -1.43351650
0.66736233 32.27103424 -1.43913472
0.83737266 32.27103424 -1.44333267
0.97981858 32.27103424 -1.44725645
1.12909389 32.27103424 -1.45287418
1.27672410 32.27103424 -1.45948541
1.37816358 32.27103424 -1.45820582
1.56978512 32.27103424 -1.46575820
1.76421106 32.27103424 -1.46768057
1.88927972 32.27103424 -1.46626282
1.99882090 32.27103424 -1.46086621
2.13001060 32.27103424 -1.43789113
2.25933504 32.27103424 -1.42803621
2.40698195 32.27103424 -1.31577754
2.36357331 32.27103424 -1.37321270
2.46804357 32.27103424 -1.21647978
2.49140334 32.27103424 -1.08804739
2.46940994 32.27103424 -0.85927129
2.46918201 32.27103424 -0.93660581
2.45658898 32.27103424 -0.72830814
2.46187282 32.27103424 -0.79911345
2.44866157 32.27103424 -0.61608511
2.46725535 32.27103424 -0.44228584
2.44045925 32.27103424 -0.51880705
2.47713256 32.27103424 -0.37461990
2.48602033 32.27103424 -0.31023392
2.46384120 32.27103424 -0.25102097
2.46049714 32.27103424 -0.17635268
2.47235608 32.27103424 -0.08191025
2.46621585 32.27103424 0.06698785
2.46940470 32.27103424 0.00654616
2.47355413 32.27103424 0.18201520
2.47237492 32.27103424 0.26286313
2.50386357 32.27103424 0.41811636
2.50768471 32.27103424 0.48073745
2.50221205 32.27103424 0.62712586
2.45196295 32.27103424 0.68640995
2.37349844 32.27103424 0.70054746
2.28393841 32.27103424 0.71104950
2.12393713 32.27103424 0.66904771
2.18583345 32.27103424 0.69197339
1.99495494 32.27103424 0.63747978
1.92758369 32.27103424 0.68452114
1.81720960 32.27103424 0.69960719
1.71698761 32.27103424 0.70393378
1.62288964 32.27103424 0.66850662
0.19574085 32.27103424 -1.34323454
1.64644337 32.27103424 -1.47025752
2.47628284 32.27103424 -1.00527501
2.46510506 32.27103424 0.32985899
