2.52465916 -34.27756500 -0.53421670
1.42279077 -34.28755951 0.65365022
1.29142153 -34.28755951 0.66877413
1.11712193 -34.28755951 0.61788398
0.99122500 -34.28755951 0.64282471
0.85594207 -34.28755951 0.64900070
0.69689143 -34.28755951 0.59698266
0.61664093 -34.28755951 0.54415786
0.48663259 -34.28755951 0.44807160
0.28694344 -34.28755951 0.36551404
0.10727791 -34.28755951 0.20353505
0.14624774 -34.28755951 -0.00931235
0.20664077 -34.28755951 -0.21158841
0.27227497 -34.28755951 -0.40828362
0.32674783 -34.28755951 -0.56755173
0.34962779 -34.28755951 -0.67182589
0.34221646 -34.28755951 -0.81546789
0.35131201 -34.28755951 -0.99355817
0.35277203 -34.28755951 -0.90241069
0.33166125 -34.28755951 -1.14301777
0.35965082 -34.28755951 -1.37830281
0.33487359 -34.28755951 -1.23478150
0.38247243 -34.28755951 -1.44909275
0.47775951 -34.28755951 -1.46238792
0.69656509 -34.28755951 -1.45388365
0.85916126 -34.28755951 -1.45683515
0.96782327 -34.28755951 -1.46254587
1.04181349 -34.28755951 -1.46813798
1.13040876 -34.28755951 -1.45584798
1.21329236 -34.28755951 -1.44428742
1.30926037 -34.28755951 -1.45199895
1.39674222 -34.28755951 -1.45628297
1.47997248 -34.28755951 -1.45650685
1.58933544 -34.28755951 -1.45472133
1.64989722 -34.28755951 -1.44855964
1.72130704 -34.28755951 -1.44216108
1.82388747 -34.28755951 -1.44924557
1.95771420 -34.28755951 -1.44493854
1.89710844 -34.28755951 -1.44885409
2.02712560 -34.28755951 -1.44370270
2.12798452 -34.28755951 -1.44442260
2.25620794 -34.28755951 -1.44953263
2.42161918 -34.28755951 -1.44850814
2.59996605 -34.28755951 -1.42740846
2.69247055 -34.28755951 -1.35431945
2.66471958 -34.28755951 -1.23485279
2.62609506 -34.28755951 -1.12222993
2.62045860 -34.28755951 -1.02113140
2.58982730 -34.28755951 -0.91301614
2.56880832 -34.28755951 -0.76100332
2.57459617 -34.28755951 -0.68604279
2.53766418 -34.28755951 -0.59197891
2.47304869 -34.28755951 -0.40472507
2.47360349 -34.28755951 -0.26191673
2.45258880 -34.28755951 -0.11994782
2.44654632 -34.28755951 0.02704548
2.35114598 -34.28755951 0.36716989
2.33829284 -34.28755951 0.47769311
2.16961145 -34.28755951 0.56754321
2.09786105 -34.28755951 0.58819348
1.74127734 -34.28755951 0.65641725
1.66637099 -34.28755951 0.65984589
2.37446690 -34.28755951 0.17626223
1.87599945 -34.28755951 0.62264234
