0.16658384 -71.97676849 -0.09568074
0.14951697 -71.97676849 -0.31275281
0.16918945 -71.97676849 -1.10533071
1.98024046 -71.97676849 -1.45728326
2.13587117 -71.97676849 -1.45070636
2.28750896 -71.97676849 -1.42860985
2.42862678 -71.97676849 -1.31414104
0.42516190 -71.98676300 0.69605345
0.37189999 -71.98676300 0.57922590
0.26476103 -71.98676300 0.49674639
0.17722434 -71.98676300 0.34450483
0.21195027 -71.98676300 0.15964733
0.21975112 -71.98676300 0.07057591
0.13818377 -71.98676300 -0.01134176
0.19267294 -71.98676300 -0.18380123
0.10675572 -71.98676300 -0.36897230
0.08070552 -71.98676300 -0.43182695
0.10987497 -71.98676300 -0.54214805
0.11532335 -71.98676300 -0.67419285
0.11286695 -71.98676300 -0.78857666
0.12566456 -71.98676300 -0.89907956
0.15126239 -71.98676300 -1.02102745
0.18841596 -71.98676300 -1.16313791
0.23461850 -71.98676300 -1.28386128
0.27722290 -71.98676300 -1.37123835
0.43854040 -71.98676300 -1.40862143
0.57561457 -71.98676300 -1.41895127
0.70770407 -71.98676300 -1.41620767
0.82628071 -71.98676300 -1.43085134
0.93797064 -71.98676300 -1.44420016
1.06178916 -71.98676300 -1.45567250
1.25707579 -71.98676300 -1.46896994
1.37690163 -71.98676300 -1.46527171
1.48610103 -71.98676300 -1.46134090
1.60305214 -71.98676300 -1.45241022
1.73871183 -71.98676300 -1.46203470
1.87260044 -71.98676300 -1.46148396
2.04399037 -71.98676300 -1.45471287
2.20827675 -71.98676300 -1.44756389
2.36464214 -71.98676300 -1.40894413
2.44774485 -71.98676300 -1.17915678
2.44330955 -71.98676300 -1.07687688
2.39219022 -71.98676300 -0.89194101
2.40049362 -71.98676300 -0.73839849
0.58439946 -71.98676300 0.73783845
0.22515008 -71.98676300 0.42727444
0.17600001 -71.98676300 0.28061408
0.19487670 -71.98676300 -0.25002450
2.45205331 -71.98676300 -0.63158196
0.64454705 -71.98676300 0.74112999
2.48141861 -71.98676300 -0.57143945
2.30535054 -71.98676300 -0.28180566
2.38225198 -71.98676300 -0.39331478
2.21977711 -71.98676300 -0.02124369
2.36272788 -71.98676300 -0.17633732
2.21698904 -71.98676300 0.07946830
2.19514179 -71.98676300 0.17528652
2.16812992 -71.98676300 0.28050309
2.16062117 -71.98676300 0.39219269
2.13709164 -71.98676300 0.48744005
2.12773323 -71.98676300 0.57470226
2.09794974 -71.98676300 0.63044375
2.02075696 -71.98676300 0.68521595
1.92416537 -71.98676300 0.76111937
1.72808838 -71.98676300 0.81983745
1.82717907 -71.98676300 0.79475111
1.62952137 -71.98676300 0.85095447
1.40961301 -71.98676300 0.92524695
1.34947371 -71.98676300 0.92774093
1.24524581 -71.98676300 0.90475339
1.15225828 -71.98676300 0.86677164
1.02574456 -71.98676300 0.86070579
0.96682382 -71.98676300 0.84391814
0.82637781 -71.98676300 0.78876770
0.73082966 -71.98676300 0.76169646
