2.10537004 13.04143524 0.24700049
0.08030337 13.03144073 -1.25246680
1.00254583 13.03144073 0.73244089
1.08236551 13.03144073 0.73920095
1.15940380 13.03144073 0.74983871
1.28174567 13.03144073 0.75282174
1.40824127 13.03144073 0.73656464
1.51426613 13.03144073 0.75884944
1.61075807 13.03144073 0.75570667
1.73119295 13.03144073 0.81460178
2.00590825 13.03144073 0.77856010
2.02511692 13.03144073 0.67602754
2.04190588 13.03144073 0.58785707
2.06794000 13.03144073 0.45144278
2.10142589 13.03144073 0.32392207
2.13871598 13.03144073 0.19688973
2.19020891 13.03144073 0.01240433
2.22098851 13.03144073 -0.10578670
2.23792076 13.03144073 -0.19717011
2.26480818 13.03144073 -0.32632536
2.22717667 13.03144073 -0.41299731
2.33593130 13.03144073 -0.63148022
2.36051488 13.03144073 -0.80700594
2.36976933 13.03144073 -0.98568988
2.31964517 13.03144073 -1.16615975
2.32700777 13.03144073 -1.29758132
2.19800043 13.03144073 -1.37175357
2.07277608 13.03144073 -1.40079820
1.90661383 13.03144073 -1.40980351
1.73351729 13.03144073 -1.40871561
1.50129139 13.03144073 -1.42500222
1.43760717 13.03144073 -1.42559481
1.25873435 13.03144073 -1.43093753
1.14073491 13.03144073 -1.42169046
0.95251834 13.03144073 -1.41082180
0.88600004 13.03144073 -1.40945196
0.64530957 13.03144073 -1.38425279
0.52984154 13.03144073 -1.38616323
0.36849955 13.03144073 -1.35332835
0.25543803 13.03144073 -1.32826197
0.05009143 13.03144073 -1.06278217
0.02267375 13.03144073 -0.90089840
0.01436036 13.03144073 -0.73342150
0.00547276 13.03144073 -0.60020888
0.02520859 13.03144073 -0.47014469
0.00270347 13.03144073 -0.36154866
-0.03927870 13.03144073 -0.25164795
-0.04106709 13.03144073 -0.16900562
-0.02463700 13.03144073 -0.03853541
-0.00642499 13.03144073 0.02053056
0.05063848 13.03144073 0.11825109
0.11230816 13.03144073 0.18654740
0.19445524 13.03144073 0.25298196
0.26280677 13.03144073 0.34801087
0.31097957 13.03144073 0.43759140
0.37122318 13.03144073 0.49178749
0.43026152 13.03144073 0.57641488
0.51717496 13.03144073 0.65009630
0.60524386 13.03144073 0.67840433
0.67321461 13.03144073 0.68480366
0.74175376 13.03144073 0.68641007
0.82013816 13.03144073 0.69193143
0.93265003 13.03144073 0.71973205
1.83797038 13.03144073 0.79363608
