3.52099919 -82.89653778 -0.78710240
3.38410020 -82.89653778 -0.91535068
3.26919770 -82.89653778 -1.04328704
0.04451716 -82.89653778 -1.31034636
0.04167774 -82.89653778 -1.15638876
0.08125667 -82.89653778 -0.75995308
0.11161844 -82.89653778 -0.57917392
0.08897498 -82.89653778 -0.13241999
0.22724430 -82.89653778 0.26154241
0.30110091 -82.89653778 0.40217823
0.34248692 -82.89653778 0.63987732
3.64437628 -82.90653229 -0.49762687
3.65023494 -82.90653229 -0.64369577
3.46656227 -82.90653229 -0.85302347
3.30091643 -82.90653229 -0.99053156
3.22162795 -82.90653229 -1.13601232
3.10199165 -82.90653229 -1.27401257
2.98206067 -82.90653229 -1.35189152
2.77077937 -82.90653229 -1.40537834
2.55199838 -82.90653229 -1.41322207
2.39708662 -82.90653229 -1.42796063
2.27241373 -82.90653229 -1.43902838
2.14384913 -82.90653229 -1.45075870
2.04687738 -82.90653229 -1.45866752
1.87690699 -82.90653229 -1.47764575
1.79708445 -82.90653229 -1.48911726
1.73355341 -82.90653229 -1.49573696
1.61367202 -82.90653229 -1.52258730
1.51852739 -82.90653229 -1.53171635
1.41068482 -82.90653229 -1.52373111
1.33094978 -82.90653229 -1.52291059
1.26911306 -82.90653229 -1.52803481
1.09409487 -82.90653229 -1.51756501
0.99632812 -82.90653229 -1.51324666
0.81125265 -82.90653229 -1.50141585
0.66405612 -82.90653229 -1.49534440
0.49071005 -82.90653229 -1.49459243
0.32497948 -82.90653229 -1.47759211
0.06914597 -82.90653229 -1.38079929
0.05833414 -82.90653229 -1.21462882
0.04970512 -82.90653229 -0.96935368
0.06444458 -82.90653229 -0.83419657
0.12741454 -82.90653229 -0.64926171
0.06428587 -82.90653229 -0.45661908
0.05158086 -82.90653229 -0.34244397
0.08876272 -82.90653229 -0.19359764
0.09245001 -82.90653229 -0.03204311
0.19116555 -82.90653229 0.20375770
0.26719859 -82.90653229 0.33228260
0.31640545 -82.90653229 0.46970433
0.35093322 -82.90653229 0.73833233
0.41018033 -82.90653229 0.92713749
0.52768862 -82.90653229 1.08304226
0.73598492 -82.90653229 1.13305151
1.97202444 -82.90653229 -1.46702862
1.18378139 -82.90653229 -1.53220987
0.92368788 -82.90653229 -1.51045370
0.19766115 -82.90653229 -1.45397222
0.03505909 -82.90653229 -1.05068362
0.12778397 -82.90653229 0.06205963
0.61634201 -82.90653229 1.12741327
1.61590064 -82.90653229 1.21638000
1.79519677 -82.90653229 1.18970954
1.91473520 -82.90653229 1.16484427
2.24773073 -82.90653229 1.09255886
2.36881089 -82.90653229 1.05492139
2.51844573 -82.90653229 1.02510667
2.59731698 -82.90653229 0.93316251
3.03696251 -82.90653229 0.70461881
3.19522595 -82.90653229 0.60253638
3.29939723 -82.90653229 0.55596381
3.35819125 -82.90653229 0.45086291
3.64752364 -82.90653229 -0.05747370
3.71847892 -82.90653229 -0.18367361
3.66741109 -82.90653229 -0.25500417
0.90032744 -82.90653229 1.16530061
1.10480094 -82.90653229 1.15378845
1.52708983 -82.90653229 1.22183514
2.80441546 -82.90653229 0.80399388
3.47227240 -82.90653229 0.24223989
