0.28860834 -28.55768585 -1.13364351
0.60722768 -28.56768036 0.53790450
0.56184232 -28.56768036 0.30213824
0.57983148 -28.56768036 0.37568668
0.51228917 -28.56768036 0.24503857
0.42066863 -28.56768036 0.09632306
0.39357638 -28.56768036 0.00867343
0.39991364 -28.56768036 -0.20385595
0.40378931 -28.56768036 -0.11072668
0.41414753 -28.56768036 -0.27499327
0.39338729 -28.56768036 -0.49727613
0.36861745 -28.56768036 -0.60984105
0.31720558 -28.56768036 -0.74196941
0.29895312 -28.56768036 -0.87663519
0.26919445 -28.56768036 -1.02287781
0.35524803 -28.56768036 -1.29021478
0.28538281 -28.56768036 -1.19343054
0.41928720 -28.56768036 -1.39923406
0.61829269 -28.56768036 -1.43022192
0.80638963 -28.56768036 -1.42817760
0.96086735 -28.56768036 -1.43437743
1.11075020 -28.56768036 -1.43420947
1.22902453 -28.56768036 -1.42572415
1.34177864 -28.56768036 -1.43948591
1.41707349 -28.56768036 -1.44220996
1.49836695 -28.56768036 -1.44408286
1.58317053 -28.56768036 -1.44267321
1.68978453 -28.56768036 -1.46098125
1.76379538 -28.56768036 -1.46722555
1.87822568 -28.56768036 -1.46784937
1.95247543 -28.56768036 -1.46159458
2.02928686 -28.56768036 -1.45103693
2.12305903 -28.56768036 -1.43973863
2.21655464 -28.56768036 -1.43724942
2.33132792 -28.56768036 -1.44868565
2.54146457 -28.56768036 -1.27586591
2.46185255 -28.56768036 -1.34657311
2.60536075 -28.56768036 -1.23969734
2.62025452 -28.56768036 -1.09823775
2.65252090 -28.56768036 -1.03545737
2.67001414 -28.56768036 -0.95842111
2.68858814 -28.56768036 -0.85582101
2.67810678 -28.56768036 -0.65854657
2.67584467 -28.56768036 -0.58191645
2.68251491 -28.56768036 -0.52030051
2.68426204 -28.56768036 -0.42854992
2.68871975 -28.56768036 -0.33663717
2.66831923 -28.56768036 -0.25936526
2.68996239 -28.56768036 -0.06852789
2.71537471 -28.56768036 -0.13575844
2.69141245 -28.56768036 -0.00230653
2.66746497 -28.56768036 0.07177927
2.69408417 -28.56768036 0.24494660
2.66943169 -28.56768036 0.14363286
2.71533132 -28.56768036 0.49630457
2.69689274 -28.56768036 0.38124117
2.71708560 -28.56768036 0.57394058
2.49557400 -28.56768036 0.57666749
2.56503415 -28.56768036 0.60570127
2.31097603 -28.56768036 0.62287444
2.39280915 -28.56768036 0.61773860
2.22485471 -28.56768036 0.63073230
2.08952284 -28.56768036 0.56000066
2.15593719 -28.56768036 0.59562469
1.91747868 -28.56768036 0.58526945
2.01272941 -28.56768036 0.56441915
1.85468030 -28.56768036 0.60509920
1.69237483 -28.56768036 0.64965093
1.75393772 -28.56768036 0.64255702
1.58795607 -28.56768036 0.67681688
0.86645776 -28.56768036 0.60992146
1.40325856 -28.56768036 0.64913994
2.68648624 -28.56768036 -0.73346657
2.40676641 -28.56768036 -1.43191934
1.47259474 -28.56768036 0.67521137
