1.86595941 72.84017181 0.10721400
2.00913262 72.84017181 -0.17211546
2.09353995 72.84017181 -0.41293147
2.20343900 72.84017181 -0.76707613
0.08830805 72.84017181 -1.39391208
0.03123331 72.84017181 -0.78684396
0.05147995 72.84017181 0.29337361
0.31465352 72.84017181 0.36335301
1.45243478 72.84017181 0.42843622
1.14927220 72.83017731 0.44631866
1.03567421 72.83017731 0.43143931
0.81069869 72.83017731 0.47359651
0.74972570 72.83017731 0.48730010
0.70105588 72.83017731 0.43276569
0.54583347 72.83017731 0.37379345
0.41604999 72.83017731 0.36869219
0.25083971 72.83017731 0.35582408
0.12865776 72.83017731 0.32975695
0.02897709 72.83017731 0.09640976
-0.02015376 72.83017731 -0.03342932
-0.02653822 72.83017731 -0.12826014
-0.03374582 72.83017731 -0.25112453
-0.02326179 72.83017731 -0.35891467
-0.01636965 72.83017731 -0.48941687
0.00528305 72.83017731 -0.56927866
0.02441785 72.83017731 -0.65275842
0.01165946 72.83017731 -0.84885639
0.02519735 72.83017731 -0.94756061
0.01361122 72.83017731 -1.03101516
0.02404568 72.83017731 -1.13458514
0.07464926 72.83017731 -1.32645953
0.07990787 72.83017731 -1.25837541
0.08413570 72.83017731 -1.46559060
0.26219130 72.83017731 -1.53280997
0.39407268 72.83017731 -1.55319464
0.52099407 72.83017731 -1.55876648
0.65517640 72.83017731 -1.56474459
0.78163117 72.83017731 -1.56795442
0.86109459 72.83017731 -1.56116867
0.95799249 72.83017731 -1.56803179
1.16556370 72.83017731 -1.55140674
1.25684190 72.83017731 -1.54382169
1.38161278 72.83017731 -1.54357886
1.46310961 72.83017731 -1.56353259
1.68942642 72.83017731 -1.56244981
1.81031322 72.83017731 -1.54275167
1.91068077 72.83017731 -1.52537072
2.09760714 72.83017731 -1.43519068
2.19443464 72.83017731 -1.34876549
2.20739532 72.83017731 -1.18715525
2.24757314 72.83017731 -1.07378078
2.22941041 72.83017731 -0.95450968
2.19997406 72.83017731 -0.84402698
2.11304951 72.83017731 -0.47089675
2.06547236 72.83017731 -0.33358181
1.97178054 72.83017731 -0.09697758
1.81313765 72.83017731 0.20811075
1.79102588 72.83017731 0.27897531
1.67288256 72.83017731 0.37394917
1.51254797 72.83017731 0.40539694
1.38622642 72.83017731 0.46084794
1.30528307 72.83017731 0.47677064
1.23635769 72.83017731 0.46332353
1.88902354 72.83017731 0.05036794
2.02693009 72.83017731 -0.24985552
2.16294622 72.83017731 -0.56245959
2.21052027 72.83017731 -0.69689679
2.17184234 72.83017731 -1.27945316
2.02390432 72.83017731 -1.48179507
1.59181952 72.83017731 -1.57261872
1.06738305 72.83017731 -1.55955148
0.17472173 72.83017731 -1.52393663
0.01385582 72.83017731 0.23184372
0.91164720 72.83017731 0.42812479
