0.05851284 79.86002350 -0.95109802
0.37566891 79.86002350 -1.58814037
1.60819244 79.86002350 0.50319004
1.94083166 79.86002350 0.46037713
2.23216081 79.86002350 0.46161148
1.16286039 79.85002899 0.55498880
1.03511131 79.85002899 0.57182932
0.94433761 79.85002899 0.59250683
0.86052960 79.85002899 0.61064458
0.76181889 79.85002899 0.60263944
0.62271839 79.85002899 0.61908263
0.69472569 79.85002899 0.59689736
0.45738301 79.85002899 0.60006738
0.40259776 79.85002899 0.55359137
0.34289688 79.85002899 0.48392525
0.22666530 79.85002899 0.33958158
0.06503343 79.85002899 0.22740698
0.11356988 79.85002899 0.27684331
-0.03831571 79.85002899 0.10555788
0.01249809 79.85002899 0.15693249
-0.09332532 79.85002899 0.06837858
-0.12095592 79.85002899 -0.09390648
-0.15081316 79.85002899 -0.02225893
-0.07016222 79.85002899 -0.25172013
-0.10088639 79.85002899 -0.17768879
-0.05654923 79.85002899 -0.31790408
-0.04421072 79.85002899 -0.47662029
-0.02408696 79.85002899 -0.58382982
0.01640934 79.85002899 -0.80988795
0.00175844 79.85002899 -0.73540080
0.04832906 79.85002899 -0.86614424
0.05244977 79.85002899 -1.01022518
0.11738952 79.85002899 -1.30532801
0.09563738 79.85002899 -1.20157218
0.26972488 79.85002899 -1.50504267
0.47079170 79.85002899 -1.59251988
0.59797776 79.85002899 -1.62080884
0.94079852 79.85002899 -1.58017480
1.83556819 79.85002899 -1.39096332
1.31093979 79.85002899 -1.52433658
2.29886270 79.85002899 -1.36410832
2.18765759 79.85002899 -1.39047265
2.41561007 79.85002899 -1.25738132
2.47573853 79.85002899 -1.05655980
2.47103739 79.85002899 -1.12153935
2.43635368 79.85002899 -0.95276141
2.42843652 79.85002899 -0.80046076
2.42631745 79.85002899 -0.68639922
2.42736030 79.85002899 -0.57770801
2.38096452 79.85002899 -0.39467365
2.41517663 79.85002899 -0.26516974
2.40716386 79.85002899 -0.11713400
2.39892912 79.85002899 0.04989303
2.39286804 79.85002899 0.16565193
2.38621926 79.85002899 0.30289358
2.38245177 79.85002899 0.45313329
2.15476036 79.85002899 0.45100230
2.05659771 79.85002899 0.50336945
1.87189925 79.85002899 0.43818980
1.77779877 79.85002899 0.44816858
1.71088600 79.85002899 0.45272315
1.54283917 79.85002899 0.52607906
1.43045890 79.85002899 0.53973252
1.34801292 79.85002899 0.55167931
1.26662362 79.85002899 0.55580264
2.42272973 79.85002899 -0.46495989
2.45917535 79.85002899 -1.20746171
2.36359024 79.85002899 -1.30702353
2.00823379 79.85002899 -1.36743045
1.93090010 79.85002899 -1.37799013
1.24909556 79.85002899 -1.53364325
1.16965079 79.85002899 -1.54565930
1.03642082 79.85002899 -1.56568754
0.66243500 79.85002899 -1.57955384
0.32240683 79.85002899 -1.55933762
0.11752849 79.85002899 -1.43635595
0.05950736 79.85002899 -1.13791692
0.28351229 79.85002899 0.41570196
0.55363637 79.85002899 0.62088668
