-0.12742151 24.22119904 -0.37951106
-0.19875991 24.22119904 -0.57979333
-0.24828555 24.22119904 -0.77786005
-0.04224920 24.22119904 -1.45589352
1.52931535 24.22119904 -1.39960897
0.14732240 24.22119904 0.69280612
-0.07886115 24.21120453 -0.04643837
-0.08382834 24.21120453 -0.16861388
-0.11002122 24.21120453 -0.31812370
-0.16035263 24.21120453 -0.48932397
-0.23140097 24.21120453 -0.66854876
-0.26561317 24.21120453 -0.86192268
-0.29255915 24.21120453 -1.19002378
-0.26710123 24.21120453 -1.26257396
-0.16093779 24.21120453 -1.38112080
0.01202115 24.21120453 -1.47965360
0.17944068 24.21120453 -1.48531640
0.40194342 24.21120453 -1.49325383
0.62257248 24.21120453 -1.45357239
0.82301992 24.21120453 -1.43215656
0.96280462 24.21120453 -1.42280138
1.10723972 24.21120453 -1.39775753
1.33203709 24.21120453 -1.40245831
1.43577695 24.21120453 -1.40380764
1.62112260 24.21120453 -1.39476740
1.71637487 24.21120453 -1.39797699
1.81305182 24.21120453 -1.39555609
1.95331013 24.21120453 -1.38966095
-0.33565027 24.21120453 -1.04930174
1.20146680 24.21120453 -1.39889860
2.03509903 24.21120453 -1.37882733
1.30628061 24.21120453 0.79139459
1.36290276 24.21120453 0.75584930
1.19203293 24.21120453 0.79186511
1.09546900 24.21120453 0.81166929
1.01846385 24.21120453 0.81423306
0.90327853 24.21120453 0.77924740
0.79880446 24.21120453 0.76695621
0.67019844 24.21120453 0.76070678
0.49686736 24.21120453 0.75839537
0.32076523 24.21120453 0.75884360
0.14269127 24.21120453 0.75868189
0.09406579 24.21120453 0.59632903
0.06021839 24.21120453 0.45419213
-0.00660196 24.21120453 0.23010719
-0.03859144 24.21120453 0.11557141
2.20698118 24.21120453 -1.33060265
2.09571457 24.21120453 -1.37075448
2.32682157 24.21120453 -1.31263566
2.45833039 24.21120453 -1.26745892
2.58523464 24.21120453 -1.22885096
2.67294478 24.21120453 -1.15517318
2.71481919 24.21120453 -1.00037420
2.70073938 24.21120453 -0.86437368
2.70888114 24.21120453 -0.73590624
2.70681000 24.21120453 -0.60941625
2.75886202 24.21120453 -0.37457648
2.72737098 24.21120453 -0.53007436
2.80571032 24.21120453 -0.15820573
2.76619387 24.21120453 0.00987258
2.79020023 24.21120453 -0.07921747
2.68514538 24.21120453 0.15693210
2.72243977 24.21120453 0.09630951
2.61454439 24.21120453 0.25969017
2.45001054 24.21120453 0.37077522
2.51231956 24.21120453 0.32837442
2.34128284 24.21120453 0.50547189
2.41286755 24.21120453 0.46188533
2.27063632 24.21120453 0.56013179
2.07328129 24.21120453 0.72462660
1.89517426 24.21120453 0.82736254
1.81131053 24.21120453 0.83017391
1.59971201 24.21120453 0.78115165
1.50928247 24.21120453 0.77703577
1.69434869 24.21120453 0.79348350
2.14734769 24.21120453 0.65646905
2.77610111 24.21120453 -0.28513965
