1.70914590 40.60085297 0.39051324
2.19465327 40.60085297 -0.58865041
2.28916931 40.60085297 -0.79612750
2.44968200 40.60085297 -1.23938441
1.59784818 40.60085297 -1.53808200
-0.26779279 40.60085297 -1.11138082
0.34780690 40.60085297 0.35179597
1.11051381 40.60085297 0.41450241
1.49642181 40.59085846 0.40153566
1.64793599 40.59085846 0.43967438
1.76006103 40.59085846 0.30055708
1.79232156 40.59085846 0.19945538
1.91378248 40.59085846 0.02292692
1.95867896 40.59085846 -0.05939442
1.98697543 40.59085846 -0.18800546
1.99583757 40.59085846 -0.29501125
2.01673245 40.59085846 -0.40078017
2.15871096 40.59085846 -0.52983648
2.26652956 40.59085846 -0.73942024
2.35880637 40.59085846 -0.94261754
2.40876698 40.59085846 -1.05295599
2.40702915 40.59085846 -1.18535578
2.55975914 40.59085846 -1.39009202
2.56484628 40.59085846 -1.45356774
2.40564251 40.59085846 -1.47920895
2.20938969 40.59085846 -1.51225305
1.98272085 40.59085846 -1.51199937
1.84878147 40.59085846 -1.52913141
1.72430372 40.59085846 -1.54009116
1.65709662 40.59085846 -1.54465783
1.50369716 40.59085846 -1.52531433
1.43661964 40.59085846 -1.52508271
1.35944629 40.59085846 -1.52173519
1.28047979 40.59085846 -1.52110350
1.21758187 40.59085846 -1.52036488
1.14871979 40.59085846 -1.51929235
1.07466173 40.59085846 -1.51139271
0.85287219 40.59085846 -1.52456820
0.78110802 40.59085846 -1.52690160
0.68616867 40.59085846 -1.52523053
0.59262407 40.59085846 -1.51514113
0.49447587 40.59085846 -1.50639570
0.37928048 40.59085846 -1.50120461
0.31627718 40.59085846 -1.50073731
0.19795291 40.59085846 -1.49573839
0.11338533 40.59085846 -1.48705161
0.03258426 40.59085846 -1.45855999
-0.03559923 40.59085846 -1.43042552
-0.11949269 40.59085846 -1.33785880
-0.17527130 40.59085846 -1.29517961
-0.24316432 40.59085846 -1.24402058
-0.27748662 40.59085846 -1.17153096
-0.26636869 40.59085846 -1.04676104
-0.24571072 40.59085846 -0.98134750
-0.21543266 40.59085846 -0.86764044
-0.18793648 40.59085846 -0.74942756
-0.15696140 40.59085846 -0.69497997
-0.13228256 40.59085846 -0.57959425
-0.11431013 40.59085846 -0.47206903
-0.10200924 40.59085846 -0.39947423
-0.07037921 40.59085846 -0.32053024
-0.01951920 40.59085846 -0.21379694
-0.01043262 40.59085846 -0.13151330
0.01089960 40.59085846 -0.06371826
0.06804871 40.59085846 0.07630632
0.13470189 40.59085846 0.17758758
0.16916409 40.59085846 0.24744789
0.20410697 40.59085846 0.33301884
0.28647536 40.59085846 0.34477660
0.52512681 40.59085846 0.38782221
0.63097197 40.59085846 0.41934317
0.81724334 40.59085846 0.42105547
0.93207294 40.59085846 0.41754746
1.00247252 40.59085846 0.41775727
1.42984259 40.59085846 0.40499020
2.12508178 40.59085846 -0.45555344
0.94540548 40.59085846 -1.52209294
0.03687052 40.59085846 0.01158028
0.43201181 40.59085846 0.35475069
0.72495311 40.59085846 0.43164799
