0.54225874 57.76049042 -1.47779262
-0.10250974 57.76049042 -1.19756544
-0.12942162 57.76049042 -0.62601721
-0.16680321 57.76049042 -0.40282652
-0.17352258 57.76049042 -0.25096691
-0.11319513 57.76049042 -0.09236477
0.00555303 57.76049042 0.26084778
0.17354314 57.76049042 0.49982318
0.36600897 57.76049042 0.54775774
0.50734138 57.76049042 0.57974446
0.76508206 57.76049042 0.59444368
1.17082429 57.76049042 0.54514515
1.58680236 57.75049591 -1.50702333
1.43082666 57.75049591 -1.47562194
1.35926998 57.75049591 -1.47604203
1.27946138 57.75049591 -1.47606480
1.21238053 57.75049591 -1.47382009
1.13717091 57.75049591 -1.47649813
1.02963471 57.75049591 -1.45128191
0.89333248 57.75049591 -1.47436476
0.83386064 57.75049591 -1.48282850
0.72732192 57.75049591 -1.48784816
0.66178298 57.75049591 -1.48716664
0.60108399 57.75049591 -1.48444641
0.47032475 57.75049591 -1.46626949
0.38954076 57.75049591 -1.45904052
0.30274567 57.75049591 -1.44969344
0.20220615 57.75049591 -1.43107891
0.12383664 57.75049591 -1.43884909
0.00174450 57.75049591 -1.38353276
-0.09753072 57.75049591 -1.13511205
-0.09322812 57.75049591 -1.00623703
-0.10281330 57.75049591 -0.86505473
-0.11827959 57.75049591 -0.77706593
-0.12306668 57.75049591 -0.69364607
-0.14581585 57.75049591 -0.46887821
-0.11422262 57.75049591 -0.16709085
-0.05236156 57.75049591 0.07085196
-0.01376882 57.75049591 0.20376003
0.04836416 57.75049591 0.36225882
0.10273989 57.75049591 0.46511939
0.28925991 57.75049591 0.54219639
0.44356331 57.75049591 0.56939465
0.58280951 57.75049591 0.58848894
0.68807101 57.75049591 0.59039003
0.83048558 57.75049591 0.59808642
0.97248465 57.75049591 0.58285987
1.10203445 57.75049591 0.55664605
0.97040659 57.75049591 -1.46633196
-0.07328206 57.75049591 -1.32564998
-0.09096149 57.75049591 -1.26218832
-0.13950291 57.75049591 -0.55458158
-0.18011706 57.75049591 -0.31504959
-0.07350836 57.75049591 -0.01442003
1.49177492 57.75049591 0.48935002
1.85096419 57.75049591 0.39992148
1.98598576 57.75049591 0.35720357
2.04810858 57.75049591 0.29700515
2.11043596 57.75049591 0.21658076
2.12655449 57.75049591 0.04883886
2.19497323 57.75049591 -0.09164189
2.24636579 57.75049591 -0.27558199
2.24259281 57.75049591 -0.33727771
2.29641104 57.75049591 -0.55324763
2.37281585 57.75049591 -0.70998502
2.39381790 57.75049591 -0.91274947
2.41648507 57.75049591 -1.13180351
2.36118841 57.75049591 -1.19618046
2.25353026 57.75049591 -1.32744193
2.19343472 57.75049591 -1.41941416
2.03203821 57.75049591 -1.46840978
1.83437145 57.75049591 -1.47473979
1.70596433 57.75049591 -1.49546659
2.40188122 57.75049591 -1.07246637
