1.14553034 -67.55686188 0.68812412
0.31534058 -67.55686188 -0.16422243
0.26374599 -67.55686188 -0.46840060
0.94651669 -67.56685638 0.61455828
0.87826395 -67.56685638 0.58894610
0.81786996 -67.56685638 0.56081975
0.72904146 -67.56685638 0.49318349
0.57128745 -67.56685638 0.43717578
0.51116878 -67.56685638 0.39055169
0.45752510 -67.56685638 0.33833507
0.42574832 -67.56685638 0.23463626
0.38864499 -67.56685638 0.08471128
0.37403771 -67.56685638 -0.02161739
0.33659762 -67.56685638 -0.10441744
0.30851465 -67.56685638 -0.22426479
0.28116223 -67.56685638 -0.39108473
0.27421048 -67.56685638 -0.53603178
0.26165456 -67.56685638 -0.62596864
0.25462338 -67.56685638 -0.70482564
0.19631578 -67.56685638 -0.87978280
0.21624416 -67.56685638 -0.81724691
0.21183863 -67.56685638 -1.14081132
0.21667787 -67.56685638 -1.08024395
0.24102120 -67.56685638 -1.23739851
0.25208527 -67.56685638 -1.32579398
0.39878175 -67.56685638 -1.39182365
0.33852684 -67.56685638 -1.37608504
0.47749898 -67.56685638 -1.40802205
0.61339813 -67.56685638 -1.42817938
0.71527094 -67.56685638 -1.43718898
0.79612476 -67.56685638 -1.45649517
0.92893273 -67.56685638 -1.47138822
1.12419796 -67.56685638 -1.47689247
1.06076670 -67.56685638 -1.47079551
1.23661125 -67.56685638 -1.48348737
1.42779696 -67.56685638 -1.47988451
1.36717153 -67.56685638 -1.48177624
1.55937743 -67.56685638 -1.47596323
1.67242527 -67.56685638 -1.47197652
1.82313430 -67.56685638 -1.45993280
1.95521736 -67.56685638 -1.45794666
2.10227847 -67.56685638 -1.42785883
2.24042058 -67.56685638 -1.39000463
2.34742475 -67.56685638 -1.35146725
2.40765834 -67.56685638 -1.14574313
2.42583442 -67.56685638 -1.08247638
2.50610447 -67.56685638 -0.87049013
2.54871321 -67.56685638 -0.74862576
2.58583450 -67.56685638 -0.64593029
2.57096577 -67.56685638 -0.38380709
2.59634590 -67.56685638 -0.21832545
2.58712506 -67.56685638 -0.14404215
2.56764913 -67.56685638 -0.03536089
2.45735955 -67.56685638 0.25936779
2.38362408 -67.56685638 0.33904254
2.34568334 -67.56685638 0.42457971
2.29724216 -67.56685638 0.49521127
2.21171451 -67.56685638 0.60859126
2.06435442 -67.56685638 0.67085963
1.89828658 -67.56685638 0.74670178
1.78961623 -67.56685638 0.72262311
1.70005524 -67.56685638 0.72513855
1.53303730 -67.56685638 0.71432269
1.36515737 -67.56685638 0.68799061
1.21351635 -67.56685638 0.71285117
1.08901572 -67.56685638 0.66981477
1.03110552 -67.56685638 0.63179106
0.65450317 -67.56685638 0.47545770
0.40512133 -67.56685638 0.16552274
0.29122093 -67.56685638 -0.29169208
0.19378847 -67.56685638 -0.98482448
2.37851000 -67.56685638 -1.25960124
2.44095516 -67.56685638 -0.96620375
2.57580566 -67.56685638 -0.49579611
2.53115630 -67.56685638 0.14265825
2.15083671 -67.56685638 0.62767905
1.97793388 -67.56685638 0.73660332
1.61895931 -67.56685638 0.71270162
1.47589624 -67.56685638 0.67700422
1.29077446 -67.56685638 0.73871726
