1.04169476 71.54019928 -1.56508064
1.72845590 71.54019928 0.58201480
1.13432765 71.53020477 0.77141845
1.00406814 71.53020477 0.79658771
0.92879361 71.53020477 0.80128729
0.85269541 71.53020477 0.80217123
0.76032877 71.53020477 0.79928923
0.64941549 71.53020477 0.80418843
0.56020617 71.53020477 0.82833654
0.47314304 71.53020477 0.79067391
0.25757614 71.53020477 0.77745360
0.35502565 71.53020477 0.76620978
0.19689807 71.53020477 0.79133856
0.00939329 71.53020477 0.80791670
-0.13160115 71.53020477 0.68061781
-0.08725512 71.53020477 0.74949819
-0.18061849 71.53020477 0.56530923
-0.13545167 71.53020477 0.61967003
-0.18749239 71.53020477 0.49191618
-0.19639279 71.53020477 0.26686800
-0.19430138 71.53020477 0.32718363
-0.18879764 71.53020477 0.12026571
-0.16373995 71.53020477 0.03718361
-0.12782550 71.53020477 -0.12156195
-0.10779201 71.53020477 -0.18222331
-0.08144002 71.53020477 -0.28360829
-0.02734553 71.53020477 -0.47008210
-0.01630988 71.53020477 -0.58169746
0.00480293 71.53020477 -0.84628242
0.03988824 71.53020477 -0.99443227
0.01811762 71.53020477 -1.22737145
0.05310187 71.53020477 -1.36568630
0.21772602 71.53020477 -1.49250209
0.33933920 71.53020477 -1.52986073
0.51645732 71.53020477 -1.55289626
0.68531418 71.53020477 -1.55622447
0.81865180 71.53020477 -1.55856109
0.97744370 71.53020477 -1.56975687
1.17250299 71.53020477 -1.55794048
1.29990613 71.53020477 -1.55630839
1.46921515 71.53020477 -1.55827856
1.37519550 71.53020477 -1.55204654
1.61935914 71.53020477 -1.57247436
1.52897370 71.53020477 -1.57019413
1.76396728 71.53020477 -1.56050575
1.90903950 71.53020477 -1.53422844
1.82682574 71.53020477 -1.55306625
1.97084701 71.53020477 -1.51244688
2.12413859 71.53020477 -1.44457090
2.09595394 71.53020477 -1.50483143
2.18965769 71.53020477 -1.28824627
2.14859176 71.53020477 -1.35688901
2.18727517 71.53020477 -1.11750448
2.17691493 71.53020477 -1.20681822
2.16705990 71.53020477 -0.94548291
2.17845440 71.53020477 -1.03820622
2.14741778 71.53020477 -0.74042881
2.14787078 71.53020477 -0.80886984
2.14241219 71.53020477 -0.67923826
2.14429617 71.53020477 -0.52764851
2.13180256 71.53020477 -0.43273783
2.10781670 71.53020477 -0.33939683
2.07778573 71.53020477 -0.18294233
2.02137733 71.53020477 -0.09554679
1.94922829 71.53020477 0.07557453
1.91987908 71.53020477 0.18905167
1.91325593 71.53020477 0.26976138
1.90522373 71.53020477 0.33062840
1.87215877 71.53020477 0.43344793
1.79010522 71.53020477 0.56334436
1.67445445 71.53020477 0.60753697
1.58387375 71.53020477 0.64786971
1.44745266 71.53020477 0.70596570
1.35952449 71.53020477 0.72116870
1.24891889 71.53020477 0.76217484
1.94397283 71.53020477 -0.01510159
2.15734577 71.53020477 -0.87295783
0.13153905 71.53020477 -1.42477131
-0.02826945 71.53020477 -0.71787715
