1.10245168 74.92012787 0.54754049
2.08052659 74.92012787 -1.35124183
2.09600544 74.92012787 -1.28600347
2.04813790 74.92012787 -1.51293755
1.91310978 74.92012787 -1.59521818
-0.07802477 74.92012787 0.43010423
0.18900633 74.92012787 0.49297976
0.43189427 74.92012787 0.52006757
0.73242515 74.92012787 0.55343044
2.02573299 74.92012787 -0.24965015
2.06556296 74.91013336 -0.94220555
2.05215740 74.91013336 -1.07559133
2.10740900 74.91013336 -1.22721291
2.06335473 74.91013336 -1.41395223
1.98653769 74.91013336 -1.62137270
1.73744667 74.91013336 -1.53434169
1.62654305 74.91013336 -1.55119479
1.51649654 74.91013336 -1.55765557
1.40791821 74.91013336 -1.54489219
1.34224224 74.91013336 -1.55709493
1.20170283 74.91013336 -1.56010342
1.11870325 74.91013336 -1.55930054
1.04775810 74.91013336 -1.55745459
0.97166115 74.91013336 -1.55725908
0.81361312 74.91013336 -1.56046772
0.73571390 74.91013336 -1.55849314
0.65407830 74.91013336 -1.55824327
0.56544834 74.91013336 -1.56534541
0.47068703 74.91013336 -1.56883907
0.37138897 74.91013336 -1.56419754
0.26242617 74.91013336 -1.55613565
0.16356909 74.91013336 -1.53094506
0.03957404 74.91013336 -1.45863414
0.03932513 74.91013336 -1.38959491
0.01262698 74.91013336 -1.28125465
-0.01020433 74.91013336 -1.20043707
-0.02896862 74.91013336 -1.06136763
-0.06085818 74.91013336 -0.98182869
-0.02440897 74.91013336 -0.86979765
-0.04760643 74.91013336 -0.80118203
-0.06919415 74.91013336 -0.73871005
-0.13802485 74.91013336 -0.63523543
-0.16357300 74.91013336 -0.50712144
-0.18816334 74.91013336 -0.43866357
-0.18953314 74.91013336 -0.35943726
-0.21043749 74.91013336 -0.16789317
-0.20484035 74.91013336 -0.03623467
-0.20654339 74.91013336 0.12164675
-0.19834489 74.91013336 0.19787236
-0.18246731 74.91013336 0.31741995
-0.14259477 74.91013336 0.39348084
0.04941921 74.91013336 0.45938134
0.12617327 74.91013336 0.48111567
0.30415106 74.91013336 0.50759673
0.57906431 74.91013336 0.53815854
0.64001113 74.91013336 0.53906971
0.83122891 74.91013336 0.56799823
0.91772294 74.91013336 0.55680686
0.97523499 74.91013336 0.53625494
1.20400190 74.91013336 0.55359882
1.35242915 74.91013336 0.47066551
2.06727552 74.91013336 -0.87721187
1.27862763 74.91013336 -1.55814743
0.88114077 74.91013336 -1.55398154
1.41373074 74.91013336 0.43600693
1.55328333 74.91013336 0.44639462
1.68281126 74.91013336 0.45161295
1.86037457 74.91013336 0.44276026
1.92621255 74.91013336 0.31572556
1.96289313 74.91013336 0.18216766
2.02136374 74.91013336 0.03055417
2.03382516 74.91013336 -0.06587988
2.03862453 74.91013336 -0.30842423
2.02812815 74.91013336 -0.42955062
2.10274863 74.91013336 -0.60871232
2.06555820 74.91013336 -0.72129226
