0.17842957 -27.51770782 -0.01547718
0.10418613 -27.51770782 0.18556786
0.12277836 -27.51770782 0.41351694
0.40856710 -27.51770782 0.54934222
2.18392730 -27.52770233 -1.45479572
2.01321101 -27.52770233 -1.44283819
1.89082074 -27.52770233 -1.45188248
1.78591228 -27.52770233 -1.45738792
1.66798842 -27.52770233 -1.43166196
1.57451177 -27.52770233 -1.45026004
1.51292121 -27.52770233 -1.45237517
1.45138228 -27.52770233 -1.45005023
1.38765824 -27.52770233 -1.44977248
1.31742167 -27.52770233 -1.44946599
1.24661064 -27.52770233 -1.43990088
1.15075922 -27.52770233 -1.43159461
1.04386532 -27.52770233 -1.44168341
0.97098380 -27.52770233 -1.43572617
0.83325589 -27.52770233 -1.43740439
0.74998826 -27.52770233 -1.43311429
0.65641928 -27.52770233 -1.43250525
0.54751849 -27.52770233 -1.42955577
0.40696132 -27.52770233 -1.34013033
0.39275873 -27.52770233 -1.26712739
0.37252069 -27.52770233 -1.16619611
0.34636727 -27.52770233 -1.09978390
0.31493467 -27.52770233 -0.98447704
0.34575984 -27.52770233 -0.91704160
0.34359044 -27.52770233 -0.72441721
0.34313139 -27.52770233 -0.63767725
0.25705117 -27.52770233 -0.59880310
0.22461490 -27.52770233 -0.42849624
0.20269538 -27.52770233 -0.30157489
0.17950712 -27.52770233 -0.17838629
0.21361743 -27.52770233 -0.07674341
0.12024061 -27.52770233 0.09145317
0.22132234 -27.52770233 0.44507819
0.29427266 -27.52770233 0.51272976
0.47310472 -27.52770233 0.56631833
0.58349949 -27.52770233 0.56618410
0.72179532 -27.52770233 0.54405683
0.85631543 -27.52770233 0.53947556
2.26147914 -27.52770233 -1.45066226
0.91085702 -27.52770233 -1.43531811
0.44343445 -27.52770233 -1.42221141
0.34607518 -27.52770233 -0.84874451
0.08868697 -27.52770233 0.34213513
1.05441415 -27.52770233 0.58346540
2.27401352 -27.52770233 0.55247396
2.35385990 -27.52770233 0.49792162
2.37764359 -27.52770233 0.37209532
2.41278815 -27.52770233 0.23810881
2.46086454 -27.52770233 0.06415953
2.51405478 -27.52770233 -0.03104776
2.54358792 -27.52770233 -0.15741400
2.57036328 -27.52770233 -0.27894491
2.56146288 -27.52770233 -0.40641084
2.59185863 -27.52770233 -0.64423949
2.62943220 -27.52770233 -0.71132243
2.62521935 -27.52770233 -0.78344738
2.56772542 -27.52770233 -1.00148284
2.58629155 -27.52770233 -1.05916584
2.58119273 -27.52770233 -1.19240534
2.49547219 -27.52770233 -1.40942883
2.38101006 -27.52770233 -1.44413149
1.14649355 -27.52770233 0.60663068
1.23840988 -27.52770233 0.63099790
1.32852018 -27.52770233 0.67755437
1.57400727 -27.52770233 0.66799790
1.63684881 -27.52770233 0.69112039
