1.04621971 -65.21691132 0.49487782
0.90779269 -65.21691132 0.45089558
0.48027670 -65.21691132 -0.49677494
0.50951153 -65.21691132 -0.71589357
1.45861948 -65.21691132 0.61074132
1.38516212 -65.22690582 0.62873834
1.26159072 -65.22690582 0.59259236
1.19201028 -65.22690582 0.56454343
1.12052047 -65.22690582 0.53901470
0.97432309 -65.22690582 0.47847682
0.86126930 -65.22690582 0.40888497
0.74462438 -65.22690582 0.28260750
0.67766142 -65.22690582 0.22132134
0.61569685 -65.22690582 0.15744396
0.56786537 -65.22690582 0.08538447
0.51978582 -65.22690582 0.03734493
0.47749677 -65.22690582 -0.09842662
0.49971819 -65.22690582 -0.15593325
0.45381302 -65.22690582 -0.34411472
0.46848759 -65.22690582 -0.42928499
0.48852882 -65.22690582 -0.55683917
0.48276484 -65.22690582 -0.65483862
0.50969428 -65.22690582 -0.78180140
0.45365670 -65.22690582 -0.94211990
0.45373219 -65.22690582 -0.86757416
0.39710206 -65.22690582 -1.18843257
0.42887080 -65.22690582 -1.05874121
0.47791424 -65.22690582 -1.29005873
0.56855404 -65.22690582 -1.35929346
0.69148624 -65.22690582 -1.41223371
0.63013089 -65.22690582 -1.39063072
0.81466639 -65.22690582 -1.44167054
0.75102782 -65.22690582 -1.42738104
0.93808931 -65.22690582 -1.46429610
0.87662601 -65.22690582 -1.45188200
0.99925858 -65.22690582 -1.46541166
1.21186948 -65.22690582 -1.49303019
1.29384017 -65.22690582 -1.49976122
1.47190368 -65.22690582 -1.50075090
1.38395369 -65.22690582 -1.50110030
1.53350914 -65.22690582 -1.50323892
1.77347505 -65.22690582 -1.47636282
1.65987778 -65.22690582 -1.48498762
1.85106742 -65.22690582 -1.48137212
2.03191137 -65.22690582 -1.46654117
1.95865786 -65.22690582 -1.47755516
2.22522497 -65.22690582 -1.42786765
2.40919662 -65.22690582 -1.29756820
2.45466900 -65.22690582 -1.21890175
2.49270415 -65.22690582 -1.10650897
2.48744154 -65.22690582 -0.95596600
2.49529290 -65.22690582 -1.02175438
2.43599129 -65.22690582 -0.71121854
2.45627284 -65.22690582 -0.77444619
2.48173022 -65.22690582 -0.55857092
2.49008489 -65.22690582 -0.46014023
2.50458550 -65.22690582 -0.31233054
2.51074743 -65.22690582 -0.20397830
2.51393676 -65.22690582 -0.08921392
2.50679278 -65.22690582 0.05414961
2.51881623 -65.22690582 0.16831467
2.52810478 -65.22690582 0.27125755
2.39309072 -65.22690582 0.49261957
2.22366548 -65.22690582 0.48625070
2.15243053 -65.22690582 0.50826508
2.05860925 -65.22690582 0.55075407
1.90695286 -65.22690582 0.59376740
1.81312096 -65.22690582 0.58739102
1.74385965 -65.22690582 0.59091735
1.66217220 -65.22690582 0.61090583
1.55812430 -65.22690582 0.62149537
0.81235933 -65.22690582 0.34633479
0.47479299 -65.22690582 -0.02191418
0.47549292 -65.22690582 -0.25357360
0.41269955 -65.22690582 -1.27022886
1.08483863 -65.22690582 -1.46850121
2.11198545 -65.22690582 -1.45805621
2.34227753 -65.22690582 -1.40979481
2.48384571 -65.22690582 -0.86553150
2.47918916 -65.22690582 -0.62345618
2.51299429 -65.22690582 0.36596817
2.50147080 -65.22690582 0.46600607
1.99496305 -65.22690582 0.57592767
