0.10485253 -37.65749359 -1.29307449
-0.07701384 -37.65749359 -0.15918662
1.13624513 -37.66748810 0.57100379
1.24752092 -37.66748810 0.59143054
1.38584185 -37.66748810 0.65600801
1.46725190 -37.66748810 0.65092468
1.54393113 -37.66748810 0.65594250
1.68537390 -37.66748810 0.62953514
1.77005374 -37.66748810 0.64484811
1.98508382 -37.66748810 0.61524498
2.07315445 -37.66748810 0.62376398
2.17255831 -37.66748810 0.57761204
2.24794555 -37.66748810 0.51147652
2.36372471 -37.66748810 0.38480508
2.39745879 -37.66748810 0.29487312
2.41941762 -37.66748810 0.22259855
2.49161124 -37.66748810 0.06213999
2.50854850 -37.66748810 -0.05806445
2.54388022 -37.66748810 -0.12336089
2.61007428 -37.66748810 -0.26888222
2.63691235 -37.66748810 -0.34281904
2.70589542 -37.66748810 -0.48299265
2.69854951 -37.66748810 -0.60749394
2.64008665 -37.66748810 -0.73041064
2.61327791 -37.66748810 -0.80704528
2.57323956 -37.66748810 -0.88301587
2.53028011 -37.66748810 -0.98764044
2.48587108 -37.66748810 -1.13639140
2.45635247 -37.66748810 -1.21849549
2.42475820 -37.66748810 -1.28902280
2.27794647 -37.66748810 -1.40520167
2.16330886 -37.66748810 -1.41144574
2.09751797 -37.66748810 -1.41427612
1.95568192 -37.66748810 -1.42324507
1.86671627 -37.66748810 -1.42222607
1.77148342 -37.66748810 -1.42023909
1.67770541 -37.66748810 -1.42727292
1.47603106 -37.66748810 -1.42578101
1.40069604 -37.66748810 -1.42799449
1.32272816 -37.66748810 -1.42916036
1.25130010 -37.66748810 -1.43344176
1.18085146 -37.66748810 -1.43108702
1.10029793 -37.66748810 -1.43742168
1.00531065 -37.66748810 -1.44709027
0.93351245 -37.66748810 -1.44563687
0.85416263 -37.66748810 -1.44517791
0.76320690 -37.66748810 -1.44450331
0.66685832 -37.66748810 -1.45444548
0.55399835 -37.66748810 -1.46640611
0.43823993 -37.66748810 -1.48249269
0.37602302 -37.66748810 -1.47198987
0.26874611 -37.66748810 -1.43448043
0.14740703 -37.66748810 -1.33779347
0.00872978 -37.66748810 -1.21200466
-0.03346838 -37.66748810 -1.03565300
-0.03895152 -37.66748810 -0.90178162
-0.07303194 -37.66748810 -0.80277288
-0.07910183 -37.66748810 -0.68424708
-0.08173628 -37.66748810 -0.58669019
-0.08153559 -37.66748810 -0.51241928
-0.06675018 -37.66748810 -0.38699505
-0.08517260 -37.66748810 -0.27947807
-0.07276402 -37.66748810 -0.21947746
-0.07598201 -37.66748810 -0.09979986
-0.00918240 -37.66748810 0.05063928
0.05484517 -37.66748810 0.10025583
0.13959198 -37.66748810 0.12325232
0.19203374 -37.66748810 0.15616369
0.24292102 -37.66748810 0.19785112
0.29848137 -37.66748810 0.23917334
0.37015074 -37.66748810 0.31228638
0.42282259 -37.66748810 0.36089006
0.50549847 -37.66748810 0.40875939
0.60440540 -37.66748810 0.43392909
0.71469772 -37.66748810 0.46269903
0.82611638 -37.66748810 0.45660338
0.89780265 -37.66748810 0.47758791
0.96525687 -37.66748810 0.49231604
1.04079390 -37.66748810 0.54189932
-0.06535495 -37.66748810 -0.03297265
-0.02776540 -37.66748810 -1.11762452
0.05053256 -37.66748810 -1.26757073
1.60039651 -37.66748810 -1.43184197
2.41058302 -37.66748810 -1.35047555
2.32082367 -37.66748810 0.46385372
1.89958537 -37.66748810 0.61699957
