1.26407111 -39.22745514 0.67796052
1.39533699 -39.22745514 0.70808017
1.50692618 -39.22745514 0.74545175
1.61827815 -39.22745514 0.77991337
1.67616415 -39.22745514 0.79749638
1.77167106 -39.22745514 0.74930859
1.94548941 -39.22745514 0.75470722
2.01716757 -39.22745514 0.75429004
2.12815523 -39.22745514 0.79103756
2.20753169 -39.22745514 0.73131442
2.26683426 -39.22745514 0.65804547
2.31604099 -39.22745514 0.56775105
2.40366197 -39.22745514 0.43695134
2.43248367 -39.22745514 0.31657419
2.45010829 -39.22745514 0.20744282
2.49716449 -39.22745514 0.09645966
2.47732186 -39.22745514 -0.02538224
2.49830961 -39.22745514 -0.12273237
2.46764588 -39.22745514 -0.23615915
2.46945405 -39.22745514 -0.32453996
2.46569681 -39.22745514 -0.41286653
2.46110392 -39.22745514 -0.47888532
2.44180894 -39.22745514 -0.57832307
2.43254900 -39.22745514 -0.71648854
2.41897798 -39.22745514 -0.79436719
2.43331051 -39.22745514 -0.90896827
2.43068457 -39.22745514 -0.97462195
2.40908003 -39.22745514 -1.03537798
2.39880300 -39.22745514 -1.16228271
2.43618131 -39.22745514 -1.28204286
2.43321490 -39.22745514 -1.35047758
2.33933282 -39.22745514 -1.37396932
2.22802734 -39.22745514 -1.38668001
2.09485245 -39.22745514 -1.38738918
2.00066805 -39.22745514 -1.39480257
1.91373110 -39.22745514 -1.40173924
1.83323908 -39.22745514 -1.40745783
1.76363611 -39.22745514 -1.40985096
1.67646813 -39.22745514 -1.41476989
1.57362032 -39.22745514 -1.43179548
1.50649011 -39.22745514 -1.43034077
1.42524707 -39.22745514 -1.42275727
1.31827176 -39.22745514 -1.41731822
1.23743498 -39.22745514 -1.42379904
1.16121602 -39.22745514 -1.42758060
1.06165409 -39.22745514 -1.42360032
0.95876133 -39.22745514 -1.42819428
0.82785767 -39.22745514 -1.42355216
0.69320118 -39.22745514 -1.42319715
0.53082788 -39.22745514 -1.42732239
0.33350486 -39.22745514 -1.42979467
0.24871650 -39.22745514 -1.41164088
0.19124085 -39.22745514 -1.32031286
0.13267627 -39.22745514 -1.11298299
0.11298411 -39.22745514 -0.96294069
0.15951486 -39.22745514 -0.83833069
0.17559166 -39.22745514 -0.71279150
0.15805700 -39.22745514 -0.49413061
0.17717910 -39.22745514 -0.35439885
0.12455513 -39.22745514 -0.28873131
0.19283664 -39.22745514 -0.11749826
0.22321153 -39.22745514 -0.03813583
0.27400050 -39.22745514 0.02862827
0.36661130 -39.22745514 0.14351445
0.43751898 -39.22745514 0.25152922
0.51491910 -39.22745514 0.32584476
0.59340596 -39.22745514 0.39142126
0.72164422 -39.22745514 0.43773642
0.82992256 -39.22745514 0.47435999
0.90722901 -39.22745514 0.51207536
1.04245019 -39.22745514 0.56458193
1.17311406 -39.22745514 0.63055146
