0.79810756 -33.49758148 0.61680794
0.34686562 -33.50757599 -0.16781560
0.38084784 -33.50757599 -0.21929711
0.42888054 -33.50757599 -0.44895175
0.43248877 -33.50757599 -0.56733656
0.42829117 -33.50757599 -0.68766582
0.43579814 -33.50757599 -0.81987172
0.41643319 -33.50757599 -0.97021317
0.42431250 -33.50757599 -1.12331784
0.46404031 -33.50757599 -1.26665699
0.67905140 -33.50757599 -1.45261157
1.09778297 -33.50757599 -1.45094955
1.25979829 -33.50757599 -1.45065153
0.48215291 -33.50757599 -1.44249213
2.14536405 -33.50757599 0.51587313
2.20000529 -33.50757599 0.49099413
2.35260320 -33.50757599 0.43333924
2.43500352 -33.50757599 0.37210283
2.46137738 -33.50757599 0.28803420
2.47007489 -33.50757599 0.19550456
2.48381782 -33.50757599 0.12547165
2.54925776 -33.50757599 0.01554047
2.58924675 -33.50757599 -0.05874960
2.61163998 -33.50757599 -0.13026506
2.64091444 -33.50757599 -0.20336944
2.68162727 -33.50757599 -0.28030789
2.70486116 -33.50757599 -0.36461508
2.73304439 -33.50757599 -0.45530376
2.76540804 -33.50757599 -0.56700379
2.82281733 -33.50757599 -0.68575007
2.86311364 -33.50757599 -0.81868571
2.87035203 -33.50757599 -0.95485735
2.85103393 -33.50757599 -1.08099282
2.86445141 -33.50757599 -1.15920842
2.79326534 -33.50757599 -1.20104706
2.64380145 -33.50757599 -1.40670395
2.52211308 -33.50757599 -1.44156730
2.38527751 -33.50757599 -1.44462895
0.34408894 -33.50757599 -0.06935768
0.37740830 -33.50757599 0.05042495
0.44015321 -33.50757599 0.20433022
0.51536328 -33.50757599 0.23667432
0.58163029 -33.50757599 0.33019185
0.69148475 -33.50757599 0.52357596
0.73839754 -33.50757599 0.60574168
0.96612471 -33.50757599 0.57214004
1.11451888 -33.50757599 0.56862843
1.18857527 -33.50757599 0.59536302
1.30071747 -33.50757599 0.57992065
1.43886185 -33.50757599 0.57407022
1.62268853 -33.50757599 0.60176039
1.70290625 -33.50757599 0.58509040
1.79969835 -33.50757599 0.57355553
1.85790610 -33.50757599 0.55749047
1.93194008 -33.50757599 0.54323649
2.05711460 -33.50757599 0.50289905
