1.82138515 54.12056732 -1.45115864
2.02712035 54.12056732 -1.36598980
0.03149127 54.11057281 -1.43606806
0.09717266 54.11057281 -1.48942971
0.84840989 54.11057281 0.46537340
0.79558873 54.11057281 0.43620229
0.67031264 54.11057281 0.48203516
0.59873956 54.11057281 0.49419770
0.47808656 54.11057281 0.48936954
0.33352765 54.11057281 0.52370918
0.26449937 54.11057281 0.45432669
0.16831741 54.11057281 0.35538211
0.08566428 54.11057281 0.25323996
0.08898700 54.11057281 0.08587759
0.09547099 54.11057281 0.15023965
0.02783203 54.11057281 -0.09989362
0.06277797 54.11057281 0.00094901
0.03036343 54.11057281 -0.17689775
0.03875419 54.11057281 -0.32337186
0.05588277 54.11057281 -0.47065532
0.03625834 54.11057281 -0.56964207
-0.03751917 54.11057281 -0.70659006
-0.06762779 54.11057281 -0.79796225
-0.03289215 54.11057281 -0.92847657
-0.03008802 54.11057281 -1.06003141
-0.04195216 54.11057281 -1.21494281
0.25090507 54.11057281 -1.50608397
0.40156364 54.11057281 -1.49513817
0.51541001 54.11057281 -1.51712978
0.61962491 54.11057281 -1.52844155
0.76697350 54.11057281 -1.51414239
0.87990379 54.11057281 -1.50565481
0.97716200 54.11057281 -1.48258865
1.13077736 54.11057281 -1.45063829
1.23273969 54.11057281 -1.45384097
1.33715868 54.11057281 -1.45581102
1.45189023 54.11057281 -1.45605505
1.61039066 54.11057281 -1.47009909
1.75554907 54.11057281 -1.45237744
1.91673756 54.11057281 -1.43695188
1.96919227 54.11057281 -1.34107006
2.05547619 54.11057281 -1.20678961
2.01533556 54.11057281 -1.29679906
2.07179952 54.11057281 -1.08241439
2.11717892 54.11057281 -0.93119562
2.12824655 54.11057281 -0.83783942
2.15236783 54.11057281 -0.73761517
2.14015985 54.11057281 -0.61092031
2.11313963 54.11057281 -0.48646915
2.10732579 54.11057281 -0.40572900
2.09809923 54.11057281 -0.24964683
2.10100532 54.11057281 -0.33330974
2.06605959 54.11057281 -0.12050853
2.06020832 54.11057281 -0.03608595
2.03980589 54.11057281 0.08443812
1.99054945 54.11057281 0.26061296
2.01896596 54.11057281 0.18552357
1.93321061 54.11057281 0.35860279
1.86512375 54.11057281 0.40158302
1.63670385 54.11057281 0.39445758
1.71823800 54.11057281 0.38590467
1.54353285 54.11057281 0.39580148
1.43941772 54.11057281 0.38290644
1.34176815 54.11057281 0.38906425
1.23779488 54.11057281 0.41139114
1.10853159 54.11057281 0.44116005
0.98556572 54.11057281 0.47521842
0.92127055 54.11057281 0.48109877
-0.00396937 54.11057281 -1.33212233
