0.04563166 -35.57753754 -0.61468679
0.10819397 -35.57753754 -1.07594979
0.15421124 -35.57753754 -1.35770190
2.65430450 -35.57753754 0.00468066
2.59600973 -35.57753754 0.24566200
2.53772974 -35.57753754 0.47955137
2.18007350 -35.57753754 0.76637828
2.03891087 -35.57753754 0.78359312
1.87455595 -35.57753754 0.81679291
1.64758134 -35.57753754 0.84055650
1.50538385 -35.57753754 0.86028981
1.34132028 -35.57753754 0.87051886
1.18719769 -35.57753754 0.81224751
1.00992882 -35.57753754 0.74759585
0.11875844 -35.57753754 -0.15218244
0.30658829 -35.58753204 0.41147295
0.36754945 -35.58753204 0.45536834
0.16661663 -35.58753204 0.29649797
0.17096789 -35.58753204 0.20598644
0.17198235 -35.58753204 0.03092737
0.09375412 -35.58753204 -0.22861737
0.05892571 -35.58753204 -0.32916176
0.04162491 -35.58753204 -0.43340823
0.04111885 -35.58753204 -0.54433739
0.05394600 -35.58753204 -0.67819118
0.05551215 -35.58753204 -0.78118491
0.08014109 -35.58753204 -0.95961213
0.11927805 -35.58753204 -1.13531172
0.15223791 -35.58753204 -1.26291168
0.16031785 -35.58753204 -1.41891170
0.29160169 -35.58753204 -1.48556888
0.42019209 -35.58753204 -1.48327565
0.57972878 -35.58753204 -1.47796905
0.80523336 -35.58753204 -1.46791172
0.91432184 -35.58753204 -1.47934103
1.01172352 -35.58753204 -1.48720169
1.10915565 -35.58753204 -1.47688019
1.26289344 -35.58753204 -1.47040391
1.35727060 -35.58753204 -1.47538078
1.46509099 -35.58753204 -1.47377324
1.55747557 -35.58753204 -1.46871769
1.62889659 -35.58753204 -1.46129715
1.83252048 -35.58753204 -1.44547641
1.96049917 -35.58753204 -1.43922615
2.07840586 -35.58753204 -1.43415952
2.21238327 -35.58753204 -1.42719460
2.33800220 -35.58753204 -1.39780521
2.43854880 -35.58753204 -1.29013932
2.48030138 -35.58753204 -1.19694400
2.52815127 -35.58753204 -1.04881978
2.57777596 -35.58753204 -0.90501827
2.62520838 -35.58753204 -0.77830297
2.68830824 -35.58753204 -0.68800151
2.69814754 -35.58753204 -0.55029291
2.74959254 -35.58753204 -0.40952235
2.70650029 -35.58753204 -0.26224181
2.68751931 -35.58753204 -0.09986754
2.63524008 -35.58753204 0.06434218
2.62648797 -35.58753204 0.15374385
2.57051301 -35.58753204 0.31291479
2.57189035 -35.58753204 0.41042590
2.50162506 -35.58753204 0.54454422
2.44223642 -35.58753204 0.62286973
2.34558177 -35.58753204 0.69042969
2.23936057 -35.58753204 0.75136548
2.10432363 -35.58753204 0.77609527
1.95179784 -35.58753204 0.78806156
1.80106831 -35.58753204 0.83851874
1.72279978 -35.58753204 0.83432221
1.58401072 -35.58753204 0.83775330
1.43582845 -35.58753204 0.86655414
1.12794411 -35.58753204 0.78599447
0.94039106 -35.58753204 0.72772449
0.82699072 -35.58753204 0.70483655
0.74413174 -35.58753204 0.66840398
0.67855817 -35.58753204 0.66102195
0.62010831 -35.58753204 0.55128318
0.04685736 -35.58753204 -0.85262078
0.17504047 -35.58753204 -1.48363435
0.72161299 -35.58753204 -1.46441483
1.74802125 -35.58753204 -1.44171321
1.25168431 -35.58753204 0.84467995
0.47221419 -35.58753204 0.48180294
0.21699183 -35.58753204 0.35570726
0.15561287 -35.58753204 -0.04441945
