2.73749566 -84.45650482 -1.45407462
2.61249590 -84.45650482 -1.46633983
1.37894535 -84.45650482 -1.54247081
2.08059978 -84.45650482 1.07651997
2.74894357 -84.45650482 1.05473697
3.86674047 -84.45650482 -0.18357559
0.09047246 -84.45650482 -1.20554125
-0.01963830 -84.45650482 -0.86725807
-0.08718264 -84.45650482 -0.35031840
0.04632313 -84.45650482 0.17599435
1.32067752 -84.45650482 1.15271437
1.89762318 -84.46649933 1.11816752
2.00529957 -84.46649933 1.09374356
2.20966077 -84.46649933 1.09105277
2.32513237 -84.46649933 1.07178485
2.50584316 -84.46649933 1.05970335
2.59071040 -84.46649933 1.07659280
2.67890453 -84.46649933 1.05355954
2.84741855 -84.46649933 1.03761125
2.91241431 -84.46649933 1.02042007
2.98192620 -84.46649933 0.99197602
3.05607271 -84.46649933 0.91188002
3.14930391 -84.46649933 0.83694035
3.22762179 -84.46649933 0.77456331
3.38109994 -84.46649933 0.67274457
3.49956274 -84.46649933 0.53163600
3.52965927 -84.46649933 0.47144291
3.58336902 -84.46649933 0.33088154
3.60824418 -84.46649933 0.23675652
3.64563417 -84.46649933 0.10449018
3.75797296 -84.46649933 -0.05366343
3.95903111 -84.46649933 -0.36793464
3.98421550 -84.46649933 -0.44716302
4.03078890 -84.46649933 -0.50971156
3.97980809 -84.46649933 -0.56565285
3.91561413 -84.46649933 -0.62949157
3.85649514 -84.46649933 -0.71787703
3.80554986 -84.46649933 -0.79358977
3.74958611 -84.46649933 -0.87175089
3.68922997 -84.46649933 -0.93278176
3.62721372 -84.46649933 -1.00468576
3.55714941 -84.46649933 -1.06070805
3.45403290 -84.46649933 -1.12577593
3.33825397 -84.46649933 -1.22635019
3.27832747 -84.46649933 -1.25428402
3.20947838 -84.46649933 -1.29125249
3.15892768 -84.46649933 -1.33998656
3.08019853 -84.46649933 -1.36683011
3.00868893 -84.46649933 -1.39243054
2.94384050 -84.46649933 -1.40789998
2.86944485 -84.46649933 -1.42566514
2.80496526 -84.46649933 -1.44215226
2.67828512 -84.46649933 -1.46082187
2.55307913 -84.46649933 -1.46906209
2.43556070 -84.46649933 -1.47566319
2.32695270 -84.46649933 -1.48165810
2.23547840 -84.46649933 -1.49165666
2.17163134 -84.46649933 -1.50201941
2.10270333 -84.46649933 -1.51230001
1.99071193 -84.46649933 -1.52318943
1.91997087 -84.46649933 -1.52375853
1.83124197 -84.46649933 -1.52310526
1.76499975 -84.46649933 -1.52364933
1.68264127 -84.46649933 -1.52806628
1.55480039 -84.46649933 -1.53918159
1.44178271 -84.46649933 -1.54157865
1.31872225 -84.46649933 -1.53952897
1.19864702 -84.46649933 -1.53552794
1.12632048 -84.46649933 -1.52803171
1.04511046 -84.46649933 -1.52080142
0.95497358 -84.46649933 -1.52244329
0.88173872 -84.46649933 -1.51988268
0.78692579 -84.46649933 -1.51273751
0.70271480 -84.46649933 -1.50540221
0.57927936 -84.46649933 -1.50446033
0.47146150 -84.46649933 -1.49974799
0.32044011 -84.46649933 -1.50424910
0.26244485 -84.46649933 -1.48100913
0.16073975 -84.46649933 -1.46420014
0.09697494 -84.46649933 -1.38475585
0.09836903 -84.46649933 -1.26894534
0.05702042 -84.46649933 -1.10186660
0.00074307 -84.46649933 -0.93376362
-0.03593670 -84.46649933 -0.74763626
-0.02898173 -84.46649933 -0.57010043
-0.06843611 -84.46649933 -0.51562262
-0.09073597 -84.46649933 -0.42918774
-0.05445068 -84.46649933 -0.22021689
-0.05419146 -84.46649933 -0.07468116
-0.05158360 -84.46649933 0.03376572
-0.00078205 -84.46649933 0.12754066
0.08315534 -84.46649933 0.25943026
0.10707230 -84.46649933 0.32632598
0.15761667 -84.46649933 0.37080196
0.21184114 -84.46649933 0.45179841
0.26891956 -84.46649933 0.51523179
0.33547831 -84.46649933 0.59221768
0.39857337 -84.46649933 0.70834446
0.50808811 -84.46649933 0.86879557
0.62249166 -84.46649933 0.97540772
0.67842668 -84.46649933 1.04407525
0.77529567 -84.46649933 1.09880614
0.84301829 -84.46649933 1.14491868
0.94080931 -84.46649933 1.14635766
1.05758023 -84.46649933 1.14771724
1.14573407 -84.46649933 1.15129340
1.25735581 -84.46649933 1.14974320
1.46370196 -84.46649933 1.17567408
1.57719314 -84.46649933 1.15118039
1.64344716 -84.46649933 1.15019560
1.81417120 -84.46649933 1.14134336
1.73904395 -84.46649933 1.16291428
3.47466946 -84.46649933 0.59348130
3.91164613 -84.46649933 -0.27352661
0.47044849 -84.46649933 0.80341440
