2.63896012 -15.03797150 -0.79756302
2.57416248 -15.03797150 -1.19975960
1.51994860 -15.04796600 0.61555088
1.56190646 -15.04796600 0.57025981
1.62358451 -15.04796600 0.60180849
1.77811468 -15.04796600 0.50557888
1.90899229 -15.04796600 0.49278373
2.02324224 -15.04796600 0.37792474
2.19536376 -15.04796600 0.31983918
2.26482582 -15.04796600 0.32200789
2.39214134 -15.04796600 0.18592617
2.43005490 -15.04796600 0.09901644
2.45256305 -15.04796600 0.01981154
2.47488809 -15.04796600 -0.08751856
2.49182439 -15.04796600 -0.15442145
2.52425003 -15.04796600 -0.21372269
2.54912591 -15.04796600 -0.28246021
2.54764795 -15.04796600 -0.34563351
2.56806064 -15.04796600 -0.46312815
2.58305788 -15.04796600 -0.58321440
2.62978625 -15.04796600 -0.71363711
2.62742209 -15.04796600 -0.85840827
2.65822077 -15.04796600 -0.97640306
2.65712547 -15.04796600 -1.06318116
2.48802233 -15.04796600 -1.29613864
2.44526243 -15.04796600 -1.34896946
2.36209178 -15.04796600 -1.39866924
2.22202921 -15.04796600 -1.40080523
2.06607246 -15.04796600 -1.41111565
1.94193470 -15.04796600 -1.41320825
1.81928658 -15.04796600 -1.41776288
1.70163262 -15.04796600 -1.41868377
1.53683186 -15.04796600 -1.42024207
1.44875300 -15.04796600 -1.42431605
1.31200135 -15.04796600 -1.42707288
1.22592568 -15.04796600 -1.42262053
1.04926169 -15.04796600 -1.42356372
0.93493152 -15.04796600 -1.43252528
0.78200066 -15.04796600 -1.43649852
0.65151471 -15.04796600 -1.42695010
0.52489889 -15.04796600 -1.40891480
0.35093707 -15.04796600 -1.42781794
0.17322563 -15.04796600 -1.38020349
-0.02220710 -15.04796600 -1.20104051
-0.06205234 -15.04796600 -1.15371490
-0.03975072 -15.04796600 -1.00756049
-0.06034139 -15.04796600 -0.86083609
-0.01239123 -15.04796600 -0.69351989
0.04841426 -15.04796600 -0.56861997
0.12672657 -15.04796600 -0.41310889
0.18084671 -15.04796600 -0.21368702
0.15793060 -15.04796600 -0.11828866
0.18282898 -15.04796600 -0.03887819
0.21891823 -15.04796600 0.01775702
0.28101814 -15.04796600 0.08306542
0.33289665 -15.04796600 0.16651025
0.41057321 -15.04796600 0.27779204
0.45874789 -15.04796600 0.40089729
0.50124085 -15.04796600 0.46935242
0.56170833 -15.04796600 0.53510374
0.68889666 -15.04796600 0.53138876
0.78492904 -15.04796600 0.51899469
0.85368079 -15.04796600 0.55146611
0.94397259 -15.04796600 0.60339928
1.01663578 -15.04796600 0.62215924
1.08872724 -15.04796600 0.64913356
1.14942312 -15.04796600 0.69431233
1.20795321 -15.04796600 0.72175014
1.28785837 -15.04796600 0.74804562
1.35949457 -15.04796600 0.77822846
1.41391671 -15.04796600 0.74744833
2.36162901 -15.04796600 0.26596951
2.53101110 -15.04796600 -1.24064279
