1.22694719 -75.35669708 0.63816744
-0.15455934 -75.35669708 -0.18658170
1.66978943 -75.35669708 0.77646899
1.27411318 -75.36669159 0.67502511
1.39070845 -75.36669159 0.68026787
1.47702777 -75.36669159 0.69560230
1.61061394 -75.36669159 0.76784134
1.73662853 -75.36669159 0.78729010
1.81662989 -75.36669159 0.81906927
1.95283175 -75.36669159 0.72021639
2.00377917 -75.36669159 0.66919315
2.05024838 -75.36669159 0.62421924
2.17292261 -75.36669159 0.44110465
2.23043728 -75.36669159 0.36781293
2.25912237 -75.36669159 0.31259981
2.28715825 -75.36669159 0.23123261
2.34052372 -75.36669159 0.17506205
2.39125848 -75.36669159 0.11185486
2.43362904 -75.36669159 0.05470773
2.48530126 -75.36669159 -0.04282562
2.52350235 -75.36669159 -0.10726216
2.58216524 -75.36669159 -0.16498539
2.61501670 -75.36669159 -0.24071746
2.64575124 -75.36669159 -0.36804160
2.67053294 -75.36669159 -0.47469109
2.67457056 -75.36669159 -0.54732174
2.68395758 -75.36669159 -0.61825573
2.70067430 -75.36669159 -0.69251108
2.72271037 -75.36669159 -0.75778306
2.74795437 -75.36669159 -0.82097572
2.76963496 -75.36669159 -0.88819832
2.75771046 -75.36669159 -1.01103604
2.73344088 -75.36669159 -1.09145761
2.74806643 -75.36669159 -1.23307920
2.68577099 -75.36669159 -1.27424800
2.63562441 -75.36669159 -1.30983734
2.57097101 -75.36669159 -1.34988141
2.51406932 -75.36669159 -1.38405371
2.43326163 -75.36669159 -1.40241468
2.36380863 -75.36669159 -1.42734396
2.27743101 -75.36669159 -1.43053174
2.20314670 -75.36669159 -1.43716204
2.12551498 -75.36669159 -1.43530297
2.03595757 -75.36669159 -1.42967975
1.95533192 -75.36669159 -1.44231427
1.86342442 -75.36669159 -1.45503223
1.79815328 -75.36669159 -1.43667161
1.69850338 -75.36669159 -1.42871106
1.60115063 -75.36669159 -1.44034660
1.50455046 -75.36669159 -1.44471610
1.43242300 -75.36669159 -1.44912207
1.36355865 -75.36669159 -1.45244479
1.25633347 -75.36669159 -1.44851375
1.18204916 -75.36669159 -1.44537067
1.11980951 -75.36669159 -1.43121576
0.96634632 -75.36669159 -1.42507756
0.88784885 -75.36669159 -1.41884160
0.77793807 -75.36669159 -1.41620922
0.66261703 -75.36669159 -1.41413331
0.58383423 -75.36669159 -1.41884530
0.51107025 -75.36669159 -1.42708814
0.42196631 -75.36669159 -1.42881548
0.35673049 -75.36669159 -1.42703104
0.26459208 -75.36669159 -1.41313207
0.20181157 -75.36669159 -1.39844632
0.06274631 -75.36669159 -1.35211849
-0.00233546 -75.36669159 -1.32008064
-0.14017132 -75.36669159 -1.11445296
-0.12110502 -75.36669159 -1.04289484
-0.15212801 -75.36669159 -0.94246918
-0.17583810 -75.36669159 -0.81976175
-0.23379461 -75.36669159 -0.67241055
-0.27010429 -75.36669159 -0.61928314
-0.29422483 -75.36669159 -0.54787385
-0.28917500 -75.36669159 -0.44101161
-0.26475298 -75.36669159 -0.35975119
-0.24451599 -75.36669159 -0.28818497
-0.18652450 -75.36669159 -0.23812687
-0.12659545 -75.36669159 -0.11786314
-0.07221889 -75.36669159 -0.06799775
-0.01959242 -75.36669159 -0.02497663
0.03809190 -75.36669159 0.02137163
0.09535494 -75.36669159 0.09629978
0.15480445 -75.36669159 0.13972096
0.22426665 -75.36669159 0.18113893
0.26221213 -75.36669159 0.23034991
0.31901616 -75.36669159 0.29360083
0.36480290 -75.36669159 0.33470747
0.44708586 -75.36669159 0.37696767
0.51012897 -75.36669159 0.41659552
0.69569618 -75.36669159 0.45133239
0.79011810 -75.36669159 0.46426901
0.86867857 -75.36669159 0.49553505
0.93435985 -75.36669159 0.51295960
1.00409710 -75.36669159 0.56163615
1.18200052 -75.36669159 0.59682792
1.07175779 -75.36669159 0.60628885
0.58077258 -75.36669159 0.43160504
-0.08394365 -75.36669159 -1.23820961
2.62650776 -75.36669159 -0.30597270
2.15433073 -75.36669159 0.53069413
1.53638494 -75.36669159 0.72615373
