3.63615179 -81.59656525 -0.54532588
3.10059309 -81.59656525 -1.17929935
1.78523386 -81.59656525 1.02671754
3.16789103 -81.60655975 0.20288450
3.24165010 -81.60655975 0.10233229
3.29933023 -81.60655975 -0.01529237
3.38892388 -81.60655975 -0.09110258
3.46228337 -81.60655975 -0.13704810
3.55267334 -81.60655975 -0.19470832
3.61162448 -81.60655975 -0.27768114
3.63864112 -81.60655975 -0.36810672
3.60665822 -81.60655975 -0.59713161
3.55351853 -81.60655975 -0.71587563
3.51079917 -81.60655975 -0.81330776
3.40441418 -81.60655975 -0.90763074
3.32130647 -81.60655975 -0.97760737
3.27487922 -81.60655975 -1.02806318
3.16862988 -81.60655975 -1.08706105
3.05411410 -81.60655975 -1.21774864
2.97920847 -81.60655975 -1.31236243
2.89976001 -81.60655975 -1.38807559
2.77401948 -81.60655975 -1.44450355
2.61374950 -81.60655975 -1.45358682
2.47194529 -81.60655975 -1.45870411
2.33151126 -81.60655975 -1.45637667
2.22341800 -81.60655975 -1.46537197
2.11776757 -81.60655975 -1.47094154
2.02011013 -81.60655975 -1.48331368
1.91087341 -81.60655975 -1.49231434
1.81284201 -81.60655975 -1.49831331
1.74115777 -81.60655975 -1.49852788
1.58366227 -81.60655975 -1.51825547
1.48467767 -81.60655975 -1.52652729
1.37171400 -81.60655975 -1.52998388
1.26312697 -81.60655975 -1.52907896
1.15785158 -81.60655975 -1.51803398
1.03000331 -81.60655975 -1.50984275
0.89767838 -81.60655975 -1.49887538
0.75933367 -81.60655975 -1.46700859
0.56239367 -81.60655975 -1.47700727
0.38870773 -81.60655975 -1.44165158
0.09849678 -81.60655975 -1.37570560
0.08842772 -81.60655975 -1.29571354
0.08373010 -81.60655975 -1.13068736
0.06051952 -81.60655975 -0.89598459
0.07431746 -81.60655975 -0.78492981
0.06939495 -81.60655975 -0.71363300
0.02713867 -81.60655975 -0.55559891
0.06308556 -81.60655975 -0.46377617
0.09827148 -81.60655975 -0.35999668
0.10574955 -81.60655975 -0.28387362
0.17907397 -81.60655975 -0.20385724
0.20722301 -81.60655975 -0.07301211
0.23266804 -81.60655975 0.01559324
0.27744362 -81.60655975 0.15211286
0.30237609 -81.60655975 0.20727938
0.29180312 -81.60655975 0.32352164
0.36018258 -81.60655975 0.44889250
0.37677348 -81.60655975 0.54353219
0.39276189 -81.60655975 0.63066733
0.44491491 -81.60655975 0.75393671
0.45920435 -81.60655975 0.81996447
0.57622194 -81.60655975 0.93486416
0.72961336 -81.60655975 1.00904775
0.82257193 -81.60655975 1.04110479
0.98808175 -81.60655975 1.03895617
1.11872888 -81.60655975 1.08782279
1.20853770 -81.60655975 1.07146907
1.37396109 -81.60655975 1.10130858
1.49567890 -81.60655975 1.09681118
1.61089647 -81.60655975 1.10549486
1.72438037 -81.60655975 1.01575351
1.84448206 -81.60655975 1.01185918
1.97386038 -81.60655975 1.01088357
2.07615948 -81.60655975 0.99665344
2.17561245 -81.60655975 0.95314234
2.26527929 -81.60655975 0.92706895
2.34748578 -81.60655975 0.87728965
2.53635693 -81.60655975 0.78319162
2.76411605 -81.60655975 0.60614526
2.80317783 -81.60655975 0.53218639
2.89927340 -81.60655975 0.39615804
2.96942496 -81.60655975 0.31992224
1.43397355 -81.60655975 1.11875379
0.63235521 -81.60655975 0.98006201
0.15974578 -81.60655975 -1.41505980
3.45876217 -81.60655975 -0.86874491
2.68197799 -81.60655975 0.70317155
2.47649574 -81.60655975 0.81745893
