0.87861413 85.04991913 0.55094749
0.93929046 85.04991913 0.54519135
1.03222442 85.04991913 0.54925627
1.14975071 85.04991913 0.51177299
1.28305125 85.04991913 0.52841359
1.44305098 85.04991913 0.53808421
1.58457100 85.04991913 0.48222110
1.68137813 85.04991913 0.47041199
1.79222989 85.04991913 0.40552613
1.84705532 85.04991913 0.36810285
1.94487286 85.04991913 0.28794134
1.99033654 85.04991913 0.19821794
2.07261801 85.04991913 0.06435943
2.13775563 85.04991913 -0.09335820
2.17164254 85.04991913 -0.14906193
2.19429517 85.04991913 -0.24710307
2.21113610 85.04991913 -0.32231477
2.22957039 85.04991913 -0.38038814
2.17454123 85.04991913 -0.46392590
2.18273640 85.04991913 -0.52388430
2.17448068 85.04991913 -0.60420102
2.13121510 85.04991913 -0.71062672
2.12980056 85.04991913 -0.89407533
2.15672684 85.04991913 -0.99208248
2.15745258 85.04991913 -1.05215609
2.17050362 85.04991913 -1.13880861
2.16674542 85.04991913 -1.20092154
2.15327358 85.04991913 -1.32061362
2.10985065 85.04991913 -1.42215037
2.05181265 85.04991913 -1.51602936
1.94175470 85.04991913 -1.55165887
1.82786977 85.04991913 -1.57847714
1.76666152 85.04991913 -1.57239985
1.60083163 85.04991913 -1.60088491
1.48816180 85.04991913 -1.59086227
1.34823787 85.04991913 -1.59833646
1.24652791 85.04991913 -1.60463142
1.14066374 85.04991913 -1.60609305
1.05285251 85.04991913 -1.56984508
0.92895770 85.04991913 -1.60117865
0.79680324 85.04991913 -1.57152104
0.73646498 85.04991913 -1.61042905
0.67008549 85.04991913 -1.55711007
0.54503500 85.04991913 -1.55917859
0.44211480 85.04991913 -1.55062842
0.35118309 85.04991913 -1.54990625
0.27923980 85.04991913 -1.54701948
0.18489242 85.04991913 -1.54307961
0.08524986 85.04991913 -1.53749061
-0.00637361 85.04991913 -1.52529287
-0.13872027 85.04991913 -1.50228488
-0.24962911 85.04991913 -1.45425403
-0.33764863 85.04991913 -1.42003214
-0.37212759 85.04991913 -1.25890815
-0.37781334 85.04991913 -1.17652905
-0.37133655 85.04991913 -1.05170178
-0.39246517 85.04991913 -0.94468373
-0.40339762 85.04991913 -0.69820815
-0.36552531 85.04991913 -0.39390889
-0.39504230 85.04991913 -0.28143370
-0.30931395 85.04991913 -0.15606634
-0.31164849 85.04991913 -0.00588173
-0.25463659 85.04991913 0.09715582
-0.16771980 85.04991913 0.16563761
-0.08798156 85.04991913 0.21860957
0.04294555 85.04991913 0.31920156
0.09742128 85.04991913 0.35253659
0.17148939 85.04991913 0.37757701
0.32197177 85.04991913 0.38824379
0.35508105 85.04991913 0.45434746
0.49386185 85.04991913 0.50561023
0.62913156 85.04991913 0.51845944
0.73586661 85.04991913 0.54846227
-0.39141479 85.04991913 -0.56610066
-0.41231722 85.04991913 -0.84393770
