0.13893719 55.94052887 0.50887227
-0.01812050 55.94052887 -0.63934714
0.81796241 55.93053436 0.54280216
0.91790199 55.93053436 0.51877677
0.99109131 55.93053436 0.50517023
1.09997070 55.93053436 0.46582299
1.17065406 55.93053436 0.46585998
1.23295021 55.93053436 0.45070776
1.34722507 55.93053436 0.42885959
1.44546747 55.93053436 0.46323305
1.63044608 55.93053436 0.45997283
1.71548998 55.93053436 0.41500881
1.77541327 55.93053436 0.40706062
1.96958196 55.93053436 0.36054680
1.99350739 55.93053436 0.27304864
2.03608727 55.93053436 0.10661734
2.03671551 55.93053436 0.00343436
2.02949142 55.93053436 -0.11282015
2.03200245 55.93053436 -0.21044965
2.05391669 55.93053436 -0.36949781
2.06093407 55.93053436 -0.44316405
2.05943108 55.93053436 -0.51456398
2.06528759 55.93053436 -0.68261951
2.09280157 55.93053436 -0.76804453
2.08391190 55.93053436 -0.88725191
2.08483195 55.93053436 -1.07103801
2.09157872 55.93053436 -1.20125210
2.12232184 55.93053436 -1.31946933
2.13525176 55.93053436 -1.38345623
2.08357549 55.93053436 -1.43521643
1.93033528 55.93053436 -1.45790029
1.85400307 55.93053436 -1.46107316
1.72824728 55.93053436 -1.47784638
1.56681287 55.93053436 -1.47902417
1.50257790 55.93053436 -1.47069645
1.40534329 55.93053436 -1.48441970
1.31866527 55.93053436 -1.48573744
1.22117901 55.93053436 -1.48651528
1.15041149 55.93053436 -1.48665428
1.00487196 55.93053436 -1.48175955
0.93593526 55.93053436 -1.48756170
0.86859119 55.93053436 -1.49634564
0.79588270 55.93053436 -1.50468946
0.70024866 55.93053436 -1.50863600
0.60686767 55.93053436 -1.51026070
0.50526237 55.93053436 -1.50042391
0.39688280 55.93053436 -1.48326302
0.32864144 55.93053436 -1.48201621
0.22132504 55.93053436 -1.47355735
0.08997194 55.93053436 -1.45870447
0.02693969 55.93053436 -1.43780756
-0.00688676 55.93053436 -1.36168003
-0.01439875 55.93053436 -1.29674053
-0.04052744 55.93053436 -1.18327320
-0.07137544 55.93053436 -1.09396648
-0.10008465 55.93053436 -1.03113639
-0.07167943 55.93053436 -0.87240243
-0.04945830 55.93053436 -0.78899997
-0.01717530 55.93053436 -0.70845270
-0.01406219 55.93053436 -0.56654310
-0.02043786 55.93053436 -0.50333375
-0.02830875 55.93053436 -0.43974420
-0.04084568 55.93053436 -0.34714943
-0.05398982 55.93053436 -0.25433892
-0.08156614 55.93053436 -0.14325356
-0.08528587 55.93053436 -0.07879836
-0.07585368 55.93053436 -0.00286192
-0.03740305 55.93053436 0.08234446
-0.01081246 55.93053436 0.13983825
0.04509297 55.93053436 0.23303922
0.05342279 55.93053436 0.29436645
0.07352915 55.93053436 0.35589680
0.10854375 55.93053436 0.45564249
0.21129386 55.93053436 0.50512195
0.33262995 55.93053436 0.51121694
0.42153823 55.93053436 0.49694550
0.48494938 55.93053436 0.49682620
0.57228637 55.93053436 0.53255248
0.67623001 55.93053436 0.54121840
0.73621339 55.93053436 0.55356431
1.65620255 55.93053436 -1.48537719
2.08235478 55.93053436 -0.94867831
2.05980682 55.93053436 -0.58446026
2.04278088 55.93053436 -0.28546962
1.88782334 55.93053436 0.43783760
1.56386828 55.93053436 0.46664801
-0.09356074 55.93053436 -0.93376273
1.07342446 55.93053436 -1.47869432
