0.90608257 -47.02729034 0.60328996
1.01620758 -47.02729034 0.64082372
1.09856915 -47.02729034 0.66340274
1.23585355 -47.02729034 0.68291920
1.38634491 -47.02729034 0.68565547
1.52623022 -47.02729034 0.64129233
1.57488477 -47.02729034 0.60247487
1.70813763 -47.02729034 0.54888535
1.78351712 -47.02729034 0.45004898
1.81880772 -47.02729034 0.34842896
1.92198730 -47.02729034 0.18885438
1.95100379 -47.02729034 0.05785826
1.99764788 -47.02729034 -0.01338218
2.06693339 -47.02729034 -0.10384962
2.15718913 -47.02729034 -0.21167506
2.19505787 -47.02729034 -0.28627670
2.25059080 -47.02729034 -0.39463827
2.36159015 -47.02729034 -0.50376678
2.41082072 -47.02729034 -0.61950427
2.43888283 -47.02729034 -0.70900369
2.42359781 -47.02729034 -0.80729449
2.42128849 -47.02729034 -0.90384215
2.46419168 -47.02729034 -1.10564983
2.44910049 -47.02729034 -1.17158520
2.31806946 -47.02729034 -1.29922354
2.27279758 -47.02729034 -1.34622908
2.12207508 -47.02729034 -1.39177644
2.02367377 -47.02729034 -1.39701557
1.96348274 -47.02729034 -1.39588463
1.82011640 -47.02729034 -1.39712954
1.69915771 -47.02729034 -1.41236675
1.63846278 -47.02729034 -1.41943288
1.57116306 -47.02729034 -1.43480027
1.49470890 -47.02729034 -1.44954288
1.39820182 -47.02729034 -1.44058251
1.30378509 -47.02729034 -1.43125951
1.21514964 -47.02729034 -1.43149936
1.11731255 -47.02729034 -1.42968881
1.01074255 -47.02729034 -1.43073666
0.93864727 -47.02729034 -1.43206775
0.85693473 -47.02729034 -1.43203616
0.75973505 -47.02729034 -1.42809820
0.66581780 -47.02729034 -1.42336905
0.50074100 -47.02729034 -1.43597436
0.43738934 -47.02729034 -1.45191073
0.36881119 -47.02729034 -1.45690298
0.28594658 -47.02729034 -1.46575558
0.21494223 -47.02729034 -1.46754467
0.13724792 -47.02729034 -1.45869398
0.07447717 -47.02729034 -1.43917179
-0.01101565 -47.02729034 -1.42473197
-0.05370237 -47.02729034 -1.35395539
-0.13418821 -47.02729034 -1.27123272
-0.13181795 -47.02729034 -1.20424473
-0.12114222 -47.02729034 -1.13330030
-0.08326129 -47.02729034 -1.04428029
-0.03067626 -47.02729034 -0.95854032
-0.01878238 -47.02729034 -0.89367908
-0.02701216 -47.02729034 -0.79243267
-0.01169608 -47.02729034 -0.68542367
-0.00303824 -47.02729034 -0.60017866
0.01596748 -47.02729034 -0.43691126
0.02465534 -47.02729034 -0.35622737
0.03937543 -47.02729034 -0.29596150
0.06225836 -47.02729034 -0.18806984
0.07547776 -47.02729034 -0.08202645
0.08642915 -47.02729034 -0.00879180
0.09613237 -47.02729034 0.08274023
0.10945806 -47.02729034 0.15154909
0.14584772 -47.02729034 0.22266164
0.19801345 -47.02729034 0.27805698
0.24610959 -47.02729034 0.40952122
0.25153953 -47.02729034 0.46931943
0.39699939 -47.02729034 0.53327286
0.50758076 -47.02729034 0.54749888
0.58703828 -47.02729034 0.55213070
0.72455066 -47.02729034 0.59134465
0.79280347 -47.02729034 0.62123072
1.88270509 -47.02729034 0.27785558
2.48104620 -47.02729034 -1.01379180
2.42700863 -47.02729034 -1.26351702
0.56278294 -47.02729034 -1.42388988
-0.12794119 -47.02729034 -1.34062564
0.00256447 -47.02729034 -0.52866870
0.29855153 -47.02729034 0.53787678
0.65687913 -47.02729034 0.60013580
1.31928742 -47.02729034 0.69428951
1.64808452 -47.02729034 0.57604539
