2.31807613 -15.55796051 0.09449486
1.09893954 -15.56795502 0.68470281
1.01313138 -15.56795502 0.65093571
0.93710053 -15.56795502 0.61255932
0.87840700 -15.56795502 0.57782286
0.81871176 -15.56795502 0.54076207
0.73162013 -15.56795502 0.49580765
0.66755736 -15.56795502 0.46161994
0.61640364 -15.56795502 0.42138278
0.53164780 -15.56795502 0.38458869
0.47140518 -15.56795502 0.37017959
0.39978173 -15.56795502 0.32925996
0.32777458 -15.56795502 0.27486825
0.28627169 -15.56795502 0.23034616
0.21453105 -15.56795502 0.08932620
0.26220956 -15.56795502 0.16254634
0.18943320 -15.56795502 0.01344969
0.16217749 -15.56795502 -0.08925319
0.11202168 -15.56795502 -0.17244893
0.07674948 -15.56795502 -0.35663265
0.08354617 -15.56795502 -0.28512862
0.04334187 -15.56795502 -0.48438308
0.05018599 -15.56795502 -0.41875875
0.00348271 -15.56795502 -0.63125998
0.00428513 -15.56795502 -0.56227773
-0.01464355 -15.56795502 -0.71582919
-0.05822507 -15.56795502 -0.89738202
-0.05065973 -15.56795502 -0.80874693
-0.10100557 -15.56795502 -1.10230386
-0.06035705 -15.56795502 -0.97516394
-0.03283852 -15.56795502 -1.27419031
-0.06826846 -15.56795502 -1.20432210
0.13205037 -15.56795502 -1.40046072
0.05821203 -15.56795502 -1.35029817
0.23705319 -15.56795502 -1.42723417
0.41273272 -15.56795502 -1.39873970
0.32316467 -15.56795502 -1.42190230
0.57300878 -15.56795502 -1.40534675
0.49455851 -15.56795502 -1.39265776
0.65165216 -15.56795502 -1.42137587
0.78195226 -15.56795502 -1.43415475
0.97488672 -15.56795502 -1.43434274
0.91270691 -15.56795502 -1.43379772
1.19825566 -15.56795502 -1.42101359
1.10735381 -15.56795502 -1.42651975
1.26111639 -15.56795502 -1.42572677
1.44253123 -15.56795502 -1.42560828
1.37941182 -15.56795502 -1.42618132
1.51501071 -15.56795502 -1.41932833
1.60137391 -15.56795502 -1.41681862
1.78412986 -15.56795502 -1.41511452
1.71193206 -15.56795502 -1.41594243
1.86823142 -15.56795502 -1.41422057
2.09737444 -15.56795502 -1.39530599
2.02282929 -15.56795502 -1.39978278
2.21152997 -15.56795502 -1.39700329
2.46436286 -15.56795502 -1.36502945
2.52588105 -15.56795502 -1.27750444
2.53782010 -15.56795502 -1.21431279
2.57230115 -15.56795502 -1.02615273
2.58613229 -15.56795502 -1.09727621
2.54297733 -15.56795502 -0.84578419
2.56428003 -15.56795502 -0.91315556
2.44646716 -15.56795502 -0.67772990
2.45604491 -15.56795502 -0.54539162
2.44633865 -15.56795502 -0.41836998
2.42025518 -15.56795502 -0.29115111
2.40954447 -15.56795502 -0.17014171
2.40162230 -15.56795502 -0.05369391
2.30690956 -15.56795502 0.16905181
2.24309635 -15.56795502 0.26326734
2.13975811 -15.56795502 0.34935069
2.04078197 -15.56795502 0.38186914
1.88100791 -15.56795502 0.47017282
1.77821100 -15.56795502 0.50494415
1.64570332 -15.56795502 0.56071734
1.48895645 -15.56795502 0.67545033
1.45042598 -15.56795502 0.72415048
1.38409233 -15.56795502 0.74402320
1.25260174 -15.56795502 0.73988283
1.17624831 -15.56795502 0.71193975
2.39381719 -15.56795502 -1.38404393
2.35949349 -15.56795502 0.04687443
1.93985283 -15.56795502 0.44567010
1.57798219 -15.56795502 0.61497068
1.31733966 -15.56795502 0.74329853
