0.21185218 0.56169891 -0.04836569
2.27062583 0.56169891 -1.34449255
2.38490224 0.56169891 -0.36720529
1.24183691 0.55170441 0.57902420
1.30682921 0.55170441 0.56644320
1.17850745 0.55170441 0.58797300
0.98394120 0.55170441 0.54044080
0.90726411 0.55170441 0.54136819
0.79988915 0.55170441 0.47440395
0.71184486 0.55170441 0.43385616
0.60229158 0.55170441 0.32902357
0.55643064 0.55170441 0.27561039
0.42875555 0.55170441 0.14078902
0.27753404 0.55170441 0.01486067
0.34492466 0.55170441 0.05435630
0.19040856 0.55170441 -0.10461435
0.19097485 0.55170441 -0.23718037
0.13980787 0.55170441 -0.37009558
0.16916874 0.55170441 -0.43831775
0.17326015 0.55170441 -0.78999466
0.13531572 0.55170441 -0.63429326
0.17403497 0.55170441 -0.85102528
0.17371294 0.55170441 -1.09741020
0.18336053 0.55170441 -0.99416709
0.15274635 0.55170441 -1.16211307
0.20290592 0.55170441 -1.30000365
0.38147333 0.55170441 -1.34031439
0.51911509 0.55170441 -1.33796024
0.62853932 0.55170441 -1.34794533
0.73608398 0.55170441 -1.35941982
0.90446144 0.55170441 -1.37841797
0.82117015 0.55170441 -1.37276042
0.97222185 0.55170441 -1.37486589
1.10992074 0.55170441 -1.36037624
1.03623998 0.55170441 -1.35828865
1.18544328 0.55170441 -1.36718822
1.27955961 0.55170441 -1.36924255
1.36485112 0.55170441 -1.37194538
1.43868709 0.55170441 -1.36738586
1.56415248 0.55170441 -1.35039616
1.66192937 0.55170441 -1.36203313
1.72664893 0.55170441 -1.36640203
1.80321002 0.55170441 -1.36809039
1.90498662 0.55170441 -1.37195122
2.05788684 0.55170441 -1.36390281
2.21115899 0.55170441 -1.35516763
2.37266970 0.55170441 -1.30990958
2.43482423 0.55170441 -1.28365958
2.40985489 0.55170441 -1.19512987
2.40374947 0.55170441 -1.11458492
2.36437082 0.55170441 -0.98786658
2.33692646 0.55170441 -0.89425498
2.32706118 0.55170441 -0.77675462
2.32765079 0.55170441 -0.61401159
2.35518503 0.55170441 -0.50374746
2.38683248 0.55170441 -0.42685014
2.36308265 0.55170441 -0.28725129
2.35879922 0.55170441 -0.20367455
2.34002900 0.55170441 -0.14050940
2.30960298 0.55170441 -0.00989670
2.26943111 0.55170441 0.13115859
2.30151963 0.55170441 0.06486642
2.21773553 0.55170441 0.24307446
2.15556812 0.55170441 0.30959237
2.00454044 0.55170441 0.41110805
1.86571395 0.55170441 0.46842819
1.37244844 0.55170441 0.58416188
1.71614015 0.55170441 0.51927257
