0.16246918 -8.27811432 -0.68483245
2.38029194 -8.27811432 -0.00938057
1.36565626 -8.27811432 0.46307012
1.04769921 -8.28810883 0.46280202
0.95739716 -8.28810883 0.41047558
0.85695529 -8.28810883 0.34312588
0.75955242 -8.28810883 0.32039043
0.65241212 -8.28810883 0.27189809
0.60401565 -8.28810883 0.20021936
0.45953652 -8.28810883 0.03421336
0.39694095 -8.28810883 -0.08169144
0.37694117 -8.28810883 -0.19684219
0.27109951 -8.28810883 -0.36703351
0.23767640 -8.28810883 -0.44606230
0.18800272 -8.28810883 -0.57444710
0.12132353 -8.28810883 -0.73270917
0.18461138 -8.28810883 -0.90753770
0.21197982 -8.28810883 -1.04802883
0.16813955 -8.28810883 -1.21611726
0.18921880 -8.28810883 -1.35661292
0.37594196 -8.28810883 -1.36914098
0.54418653 -8.28810883 -1.37183785
0.66523719 -8.28810883 -1.38544881
0.78661609 -8.28810883 -1.39390767
0.91286576 -8.28810883 -1.40530443
1.00771809 -8.28810883 -1.40055525
1.13157356 -8.28810883 -1.40104938
1.22450793 -8.28810883 -1.41113710
1.31370461 -8.28810883 -1.41468120
1.40400290 -8.28810883 -1.41523421
1.49285889 -8.28810883 -1.40473413
1.62379384 -8.28810883 -1.41976404
1.68933415 -8.28810883 -1.41992235
1.81669760 -8.28810883 -1.41743326
1.91633713 -8.28810883 -1.41436625
2.04856229 -8.28810883 -1.40954101
2.18062496 -8.28810883 -1.40530479
2.23971748 -8.28810883 -1.35460722
2.29649639 -8.28810883 -1.31964004
2.34107256 -8.28810883 -1.12983119
2.33675814 -8.28810883 -1.22315454
2.34991074 -8.28810883 -1.01224065
2.36799026 -8.28810883 -0.94210863
2.37723446 -8.28810883 -0.81378466
2.35046887 -8.28810883 -0.67093444
2.33072710 -8.28810883 -0.52885139
2.34877276 -8.28810883 -0.60011512
2.33346152 -8.28810883 -0.45161590
2.36704135 -8.28810883 -0.31142014
2.37087893 -8.28810883 -0.23706107
2.41215277 -8.28810883 -0.17374747
2.38174701 -8.28810883 -0.07139212
2.36696339 -8.28810883 0.06082030
2.38662839 -8.28810883 0.13988574
2.37116241 -8.28810883 0.24290927
2.31035972 -8.28810883 0.33687767
2.21626019 -8.28810883 0.39432919
2.09577060 -8.28810883 0.41559550
1.97009468 -8.28810883 0.44355041
1.80310440 -8.28810883 0.46666986
1.87219632 -8.28810883 0.45817694
1.49223650 -8.28810883 0.46304795
1.61654961 -8.28810883 0.46443170
1.43154705 -8.28810883 0.45570418
1.30617356 -8.28810883 0.46916947
0.49573371 -8.28810883 0.08552036
1.18112421 -8.28810883 0.47133458
