2.22349334 -48.31726837 -0.38826063
2.38507223 -48.31726837 -1.20279920
1.10771632 -48.32726288 0.59560955
1.21335125 -48.32726288 0.63485360
1.28081703 -48.32726288 0.66270304
1.41780341 -48.32726288 0.66379678
1.69408596 -48.32726288 0.58789742
1.86531413 -48.32726288 0.54413408
1.93971562 -48.32726288 0.49636632
1.99034154 -48.32726288 0.41574523
2.01130414 -48.32726288 0.35648063
2.06644154 -48.32726288 0.28852925
2.09942031 -48.32726288 0.21312901
2.13027525 -48.32726288 0.15124413
2.16887689 -48.32726288 0.06199997
2.16270494 -48.32726288 -0.05374326
2.16858315 -48.32726288 -0.14721537
2.16934967 -48.32726288 -0.21513872
2.20674777 -48.32726288 -0.32036614
2.22424412 -48.32726288 -0.49242428
2.25801468 -48.32726288 -0.65675223
2.28892016 -48.32726288 -0.77005929
2.35103846 -48.32726288 -0.90223557
2.40058804 -48.32726288 -0.99264365
2.40811896 -48.32726288 -1.10075331
2.38867521 -48.32726288 -1.26260996
2.33667159 -48.32726288 -1.31076348
2.23521948 -48.32726288 -1.37378812
2.07944131 -48.32726288 -1.40272617
1.91510427 -48.32726288 -1.39844191
1.78071654 -48.32726288 -1.40102077
1.65971005 -48.32726288 -1.40915501
1.59527314 -48.32726288 -1.41633832
1.49837792 -48.32726288 -1.44835222
1.41452098 -48.32726288 -1.44331658
1.33594966 -48.32726288 -1.44496119
1.25606120 -48.32726288 -1.44768286
1.18545687 -48.32726288 -1.44687498
1.10700166 -48.32726288 -1.43956971
0.96147203 -48.32726288 -1.43634558
0.88436270 -48.32726288 -1.44081509
0.80037332 -48.32726288 -1.43724072
0.71568817 -48.32726288 -1.43205774
0.62328094 -48.32726288 -1.42324460
0.55236864 -48.32726288 -1.42006779
0.43858504 -48.32726288 -1.42893994
0.30717647 -48.32726288 -1.43010378
0.17843202 -48.32726288 -1.41800594
0.08442361 -48.32726288 -1.38561416
0.01238215 -48.32726288 -1.35008585
-0.03981476 -48.32726288 -1.24421191
-0.07406343 -48.32726288 -1.12018418
-0.09064905 -48.32726288 -1.06030297
-0.05813204 -48.32726288 -0.97411132
0.00139662 -48.32726288 -0.85034496
0.04438255 -48.32726288 -0.74869281
0.05476159 -48.32726288 -0.61979502
0.05881052 -48.32726288 -0.54847759
0.06524430 -48.32726288 -0.43166861
0.06251030 -48.32726288 -0.32751140
0.10747810 -48.32726288 -0.26593605
0.16779554 -48.32726288 -0.15981866
0.17647369 -48.32726288 -0.07623243
0.16591761 -48.32726288 0.05274802
0.20097218 -48.32726288 0.15354840
0.24395449 -48.32726288 0.19735280
0.31378892 -48.32726288 0.25185904
0.38043401 -48.32726288 0.29753295
0.49756405 -48.32726288 0.38203695
0.57751966 -48.32726288 0.43151700
0.66474444 -48.32726288 0.47942856
0.79999751 -48.32726288 0.53674108
0.87225336 -48.32726288 0.57123816
0.95785105 -48.32726288 0.57492429
1.56050158 -48.32726288 0.63935298
