1.44170296 14.86139679 -1.40986252
0.63412172 14.86139679 -1.40595007
0.20994470 14.86139679 -1.31083453
1.27156162 14.85140228 0.78532821
1.32838333 14.85140228 0.82391095
1.39467812 14.85140228 0.80560547
1.44948208 14.85140228 0.76558822
1.55874979 14.85140228 0.68160039
1.63748145 14.85140228 0.70871037
1.70660675 14.85140228 0.69262004
1.84123135 14.85140228 0.65240771
1.91148376 14.85140228 0.67379916
1.98680866 14.85140228 0.68425238
2.06278419 14.85140228 0.68398637
2.14125919 14.85140228 0.62544757
2.20164919 14.85140228 0.60167462
2.29919124 14.85140228 0.48846087
2.36042619 14.85140228 0.45429358
2.43378091 14.85140228 0.42527306
2.53246737 14.85140228 0.34554926
2.55254245 14.85140228 0.20104954
2.55356789 14.85140228 0.09055586
2.55878830 14.85140228 -0.02043251
2.59395266 14.85140228 -0.07967645
2.59476066 14.85140228 -0.14090928
2.61534095 14.85140228 -0.21060003
2.63732171 14.85140228 -0.27838048
2.63109708 14.85140228 -0.38297063
2.62612772 14.85140228 -0.48756680
2.64230537 14.85140228 -0.64300311
2.61634851 14.85140228 -0.84449190
2.59968472 14.85140228 -0.92170960
2.56432009 14.85140228 -0.99819958
2.55683637 14.85140228 -1.15161180
2.58305264 14.85140228 -1.28633463
2.56864333 14.85140228 -1.35172665
2.47441387 14.85140228 -1.37232256
2.32653999 14.85140228 -1.39131904
2.20394564 14.85140228 -1.39804685
2.13420749 14.85140228 -1.40716839
2.05321789 14.85140228 -1.41411352
1.95290673 14.85140228 -1.42250633
1.88279521 14.85140228 -1.42949665
1.77874041 14.85140228 -1.43785882
1.71819878 14.85140228 -1.44223893
1.60824621 14.85140228 -1.43261743
1.50131094 14.85140228 -1.41724360
1.37301779 14.85140228 -1.40533149
1.29533136 14.85140228 -1.40704954
1.14830744 14.85140228 -1.41246295
0.98486203 14.85140228 -1.41692638
0.90914392 14.85140228 -1.41659474
0.74497235 14.85140228 -1.40936482
0.57361948 14.85140228 -1.40458477
0.43767864 14.85140228 -1.39943779
0.33044180 14.85140228 -1.38000214
0.25281757 14.85140228 -1.35924900
0.02983148 14.85140228 -1.04800463
0.06565394 14.85140228 -0.90103102
0.08813975 14.85140228 -0.82524997
0.10284638 14.85140228 -0.72348815
0.11356887 14.85140228 -0.58428717
0.09985614 14.85140228 -0.46414721
0.09392083 14.85140228 -0.34459227
0.10796614 14.85140228 -0.21927445
0.10356990 14.85140228 -0.11215099
0.15282129 14.85140228 -0.01847391
0.18800661 14.85140228 0.06035236
0.21744850 14.85140228 0.11656207
0.24641649 14.85140228 0.20002764
0.25390968 14.85140228 0.28414148
0.29892436 14.85140228 0.32981858
0.33663949 14.85140228 0.40490064
0.33604759 14.85140228 0.49083707
0.43505430 14.85140228 0.60346335
0.51543057 14.85140228 0.65166950
0.58274251 14.85140228 0.68160474
0.67527694 14.85140228 0.71570611
0.77409971 14.85140228 0.69961584
0.85384047 14.85140228 0.70690364
0.92795980 14.85140228 0.70707268
1.00548279 14.85140228 0.73931301
1.21527982 14.85140228 0.74964380
1.08425426 14.85140228 0.74559736
0.35472184 14.85140228 0.56618285
0.05769414 14.85140228 -1.13567221
2.40175080 14.85140228 -1.38753986
2.53628278 14.85140228 -1.06405532
2.63045788 14.85140228 -0.77293456
2.57275224 14.85140228 0.26867071
1.78186440 14.85140228 0.66281450
