1.40628016 -36.62751007 0.61192334
1.59492660 -36.62751007 0.59248286
1.77638173 -36.62751007 0.54043496
1.95934427 -36.62751007 0.59239733
2.04794335 -36.62751007 0.62865210
2.13216829 -36.62751007 0.57900482
2.28018522 -36.62751007 0.41467226
2.31625509 -36.62751007 0.36492544
2.37138033 -36.62751007 0.25930643
2.41778827 -36.62751007 0.14717919
2.55140996 -36.62751007 -0.13214891
2.60504913 -36.62751007 -0.26684394
2.65851140 -36.62751007 -0.56982380
2.61911416 -36.62751007 -0.78672677
2.61924791 -36.62751007 -0.85617465
2.55831552 -36.62751007 -0.96455079
2.53096294 -36.62751007 -1.02112794
2.48184228 -36.62751007 -1.19918191
2.48481178 -36.62751007 -1.30769384
2.46270728 -36.62751007 -1.37710094
2.37778091 -36.62751007 -1.42804408
2.20986152 -36.62751007 -1.43365586
2.05575514 -36.62751007 -1.43309617
1.93838227 -36.62751007 -1.43070614
1.83443499 -36.62751007 -1.43387520
1.71620679 -36.62751007 -1.43422592
1.56967282 -36.62751007 -1.45202529
1.50353372 -36.62751007 -1.45639813
1.36723006 -36.62751007 -1.45827794
1.23457420 -36.62751007 -1.45621645
1.10776734 -36.62751007 -1.45960486
0.98698610 -36.62751007 -1.47090805
0.88784987 -36.62751007 -1.46476698
0.79146141 -36.62751007 -1.46615231
0.68821108 -36.62751007 -1.46497524
0.55441540 -36.62751007 -1.48194706
0.39242485 -36.62751007 -1.50033832
0.22486418 -36.62751007 -1.49681103
0.06527241 -36.62751007 -1.45451832
0.04045845 -36.62751007 -1.36150241
0.02958031 -36.62751007 -1.22683418
0.02248615 -36.62751007 -1.10116994
0.01902327 -36.62751007 -0.98648250
-0.00456559 -36.62751007 -0.77036178
-0.01267777 -36.62751007 -0.69274712
-0.01369527 -36.62751007 -0.57152438
-0.00055319 -36.62751007 -0.42945608
0.01359649 -36.62751007 -0.30581850
-0.01394881 -36.62751007 -0.23070751
0.01450006 -36.62751007 -0.04922084
0.00963501 -36.62751007 0.09877724
-0.01371296 -36.62751007 0.29126838
0.05582703 -36.62751007 0.42419627
0.14428461 -36.62751007 0.54116547
0.29853013 -36.62751007 0.59965926
0.44581339 -36.62751007 0.64738840
0.64125586 -36.62751007 0.57422668
0.77407449 -36.62751007 0.55132174
1.24243319 -36.62751007 0.59447181
2.47908711 -36.62751007 0.04022407
2.67043471 -36.62751007 -0.50285560
