1.85973084 -83.67652130 1.14812791
3.28102636 -83.67652130 -1.30433500
2.18191886 -83.68651581 1.12400675
1.91611195 -83.68651581 1.11851776
2.04326105 -83.68651581 1.09557891
1.54074478 -83.68651581 1.21824539
1.66471791 -83.68651581 1.18246567
1.44914246 -83.68651581 1.21679568
1.02765024 -83.68651581 1.16699767
1.18297434 -83.68651581 1.11485457
0.96064764 -83.68651581 1.17684817
0.56332332 -83.68651581 1.02394474
0.68883747 -83.68651581 1.08871150
0.42364222 -83.68651581 0.82915801
0.46696553 -83.68651581 0.97506595
0.35573730 -83.68651581 0.71861178
0.33054373 -83.68651581 0.65119505
0.11240967 -83.68651581 0.33378795
0.17021163 -83.68651581 0.39439341
0.11903548 -83.68651581 0.22787504
-0.02133802 -83.68651581 0.08639850
-0.06930950 -83.68651581 -0.10218023
-0.09199983 -83.68651581 -0.22449738
-0.05381675 -83.68651581 -0.40795901
0.01146002 -83.68651581 -0.56036514
0.07958657 -83.68651581 -0.83728421
0.02730282 -83.68651581 -0.76909792
0.16132638 -83.68651581 -1.06496167
0.31258199 -83.68651581 -1.35448313
0.28425601 -83.68651581 -1.20877481
0.30502132 -83.68651581 -1.44064271
0.46164483 -83.68651581 -1.48474252
0.67217439 -83.68651581 -1.50050664
0.84243220 -83.68651581 -1.50965917
0.99490684 -83.68651581 -1.51728404
1.17245293 -83.68651581 -1.53873718
1.24376857 -83.68651581 -1.54839098
1.37410903 -83.68651581 -1.54338944
1.46937156 -83.68651581 -1.53485012
1.56711292 -83.68651581 -1.52847445
1.69517279 -83.68651581 -1.50564361
1.76509655 -83.68651581 -1.50503731
1.89702642 -83.68651581 -1.49998343
1.98308504 -83.68651581 -1.49786854
2.08134270 -83.68651581 -1.48229611
2.16380739 -83.68651581 -1.47628725
2.26319671 -83.68651581 -1.46024656
2.36370659 -83.68651581 -1.44970703
2.46709251 -83.68651581 -1.44922543
2.59685755 -83.68651581 -1.43588340
2.72578502 -83.68651581 -1.42621624
2.89701867 -83.68651581 -1.41719508
3.07844949 -83.68651581 -1.39649093
3.23154068 -83.68651581 -1.33703172
3.39363217 -83.68651581 -1.22807765
3.50801182 -83.68651581 -1.11375427
3.61560130 -83.68651581 -0.98216033
3.74729228 -83.68651581 -0.84024996
3.85254121 -83.68651581 -0.67564458
3.98964453 -83.68651581 -0.49780214
3.82671690 -83.68651581 -0.29692295
3.78100610 -83.68651581 -0.14640222
3.70560670 -83.68651581 0.00840933
3.62036157 -83.68651581 0.27746481
3.58694792 -83.68651581 0.40372244
3.47621298 -83.68651581 0.59772062
3.40520334 -83.68651581 0.68717474
3.23318768 -83.68651581 0.78570145
3.10988832 -83.68651581 0.87176967
2.93536019 -83.68651581 0.92052740
2.68847013 -83.68651581 1.00180137
2.81047654 -83.68651581 0.96899408
2.44366145 -83.68651581 1.07743430
2.24966359 -83.68651581 1.11284268
1.25663102 -83.68651581 1.13124216
