1.02759004 -4.37819672 -1.34195876
1.27808046 -4.37819672 0.62099868
2.07500315 -4.37819672 0.22356357
2.12389827 -4.37819672 0.02418428
1.14969444 -4.38819122 -1.34568584
0.96299535 -4.38819122 -1.34641945
0.88934159 -4.38819122 -1.35261059
0.78054917 -4.38819122 -1.34143174
0.70069373 -4.38819122 -1.32932782
0.59336811 -4.38819122 -1.31083477
0.44522789 -4.38819122 -1.30884838
0.29178783 -4.38819122 -1.32270908
0.13241109 -4.38819122 -1.32663548
-0.07640859 -4.38819122 -1.29224980
-0.07214218 -4.38819122 -1.21393752
-0.08080955 -4.38819122 -1.10769796
-0.04914590 -4.38819122 -0.94855100
-0.04083004 -4.38819122 -0.86895335
0.05068485 -4.38819122 -0.73884022
0.05399489 -4.38819122 -0.63841820
0.09124020 -4.38819122 -0.53255510
0.08786709 -4.38819122 -0.46337944
0.11003738 -4.38819122 -0.40197331
0.12974045 -4.38819122 -0.32682604
0.16494019 -4.38819122 -0.25822413
0.20461880 -4.38819122 -0.15238479
0.23475705 -4.38819122 -0.04766086
0.25244406 -4.38819122 0.01214494
0.25242877 -4.38819122 0.10871184
0.24719526 -4.38819122 0.21469770
0.25003418 -4.38819122 0.30491701
0.26916534 -4.38819122 0.36478454
0.28145102 -4.38819122 0.42475352
0.36954901 -4.38819122 0.46347910
0.44932613 -4.38819122 0.48750591
0.54043669 -4.38819122 0.49543184
0.64105088 -4.38819122 0.51405549
0.75319433 -4.38819122 0.55568928
0.83322054 -4.38819122 0.60893214
0.91669130 -4.38819122 0.64293844
1.08940876 -4.38819122 0.69027585
1.33484948 -4.38819122 0.58033907
1.42610741 -4.38819122 0.53758228
1.53476906 -4.38819122 0.48670876
1.58732724 -4.38819122 0.44025093
1.66508996 -4.38819122 0.44301298
1.75729012 -4.38819122 0.40372357
1.82333851 -4.38819122 0.40408012
2.08917356 -4.38819122 0.16244249
2.09834623 -4.38819122 0.09038662
2.14365578 -4.38819122 -0.03348825
2.15142107 -4.38819122 -0.22137611
2.20010471 -4.38819122 -0.34333557
2.22224617 -4.38819122 -0.48449993
2.25998759 -4.38819122 -0.58515930
2.28281021 -4.38819122 -0.65572691
2.30737209 -4.38819122 -0.76141506
2.29582882 -4.38819122 -0.87625003
2.27259731 -4.38819122 -0.96087098
2.31392860 -4.38819122 -1.10307479
2.33858681 -4.38819122 -1.22510910
2.27783728 -4.38819122 -1.29415047
2.18425608 -4.38819122 -1.32828343
2.12284780 -4.38819122 -1.32618999
1.97311556 -4.38819122 -1.30264175
1.88057625 -4.38819122 -1.31002760
1.76096964 -4.38819122 -1.31514013
1.63773060 -4.38819122 -1.30613124
1.53547776 -4.38819122 -1.33693981
1.41186500 -4.38819122 -1.35351849
1.33135819 -4.38819122 -1.35394335
1.21006167 -4.38819122 -1.35269797
1.22631490 -4.38819122 0.65112787
1.96361113 -4.38819122 0.34502321
2.14600444 -4.38819122 -0.13086367
2.20319557 -4.38819122 -0.42430353
-0.01624201 -4.38819122 -1.32048523
1.02776432 -4.38819122 0.66018033
