-0.05378691 13.82141876 -0.74635357
0.67233956 13.82141876 0.64375973
0.59328216 13.81142426 0.62912190
0.52793556 13.81142426 0.62599981
0.46088830 13.81142426 0.60811925
0.42292210 13.81142426 0.55917686
0.38319412 13.81142426 0.47974944
0.32950601 13.81142426 0.39402574
0.30226400 13.81142426 0.31175521
0.23350796 13.81142426 0.20269388
0.15391682 13.81142426 0.10902745
0.11189791 13.81142426 0.04031002
0.05442828 13.81142426 -0.03050702
0.03099861 13.81142426 -0.10333664
-0.01324137 13.81142426 -0.26364556
-0.01109419 13.81142426 -0.34147543
-0.01144200 13.81142426 -0.43099138
-0.00899427 13.81142426 -0.51965678
-0.01565743 13.81142426 -0.62308574
-0.04700769 13.81142426 -0.80711693
-0.05207344 13.81142426 -0.94811928
-0.05605144 13.81142426 -0.87516046
-0.03861174 13.81142426 -1.12047112
-0.03282379 13.81142426 -1.03435147
0.21184996 13.81142426 -1.34379411
0.10679547 13.81142426 -1.28620434
0.28931907 13.81142426 -1.36592412
0.36854395 13.81142426 -1.39137650
0.50277358 13.81142426 -1.38786387
0.62382853 13.81142426 -1.39207447
0.83176839 13.81142426 -1.41032088
0.74718285 13.81142426 -1.39970458
0.89688784 13.81142426 -1.41794455
1.13766682 13.81142426 -1.41476321
1.02478719 13.81142426 -1.41357303
1.20340264 13.81142426 -1.41812420
1.32922351 13.81142426 -1.41431499
1.59842360 13.81142426 -1.39283609
1.51541388 13.81142426 -1.39860272
1.69851267 13.81142426 -1.41276014
1.91404092 13.81142426 -1.40441799
1.83287811 13.81142426 -1.40677476
2.11485696 13.81142426 -1.39875031
2.03705621 13.81142426 -1.40648293
2.33604550 13.81142426 -1.35690725
2.25108027 13.81142426 -1.39171839
2.47473478 13.81142426 -1.14673650
2.44220304 13.81142426 -1.25975811
2.36229992 13.81142426 -0.86969948
2.39418197 13.81142426 -0.93895280
2.38117814 13.81142426 -0.71443534
2.38196778 13.81142426 -0.78074044
2.34228969 13.81142426 -0.56235033
2.36719990 13.81142426 -0.63408804
2.29583740 13.81142426 -0.32913810
2.31822395 13.81142426 -0.38937062
2.22475576 13.81142426 -0.06610434
2.25037861 13.81142426 -0.12629142
2.17341042 13.81142426 0.17936064
2.12339973 13.81142426 0.24562024
2.08347464 13.81142426 0.33530247
2.03416538 13.81142426 0.42850870
1.86973727 13.81142426 0.61090142
1.74834228 13.81142426 0.62844104
1.65548253 13.81142426 0.68230313
1.59440267 13.81142426 0.70278555
1.43084991 13.81142426 0.71164888
1.36627614 13.81142426 0.72883475
1.28096616 13.81142426 0.71695840
1.51478386 13.81142426 0.71540391
1.93935454 13.81142426 0.53126538
2.24902177 13.81142426 0.04995230
2.34304905 13.81142426 -0.47054103
2.44777584 13.81142426 -1.03445125
2.44404244 13.81142426 -1.36330926
1.44938552 13.81142426 -1.41631067
0.95973879 13.81142426 -1.42041945
0.43698508 13.81142426 -1.39208233
-0.04473657 13.81142426 -0.68742967
0.01067513 13.81142426 -0.17635259
