-0.34076467 -77.17665863 -0.78991336
0.62439507 -77.17665863 0.91790086
2.45002389 -77.17665863 0.94919497
1.15716934 -77.18665314 0.99464625
1.04261792 -77.18665314 0.99145871
0.97096914 -77.18665314 0.98079056
0.83449882 -77.18665314 0.96445870
0.70774728 -77.18665314 0.94403714
0.78690189 -77.18665314 0.92726016
0.56564045 -77.18665314 0.89506990
0.44854811 -77.18665314 0.87616915
0.34206054 -77.18665314 0.82044750
0.23321286 -77.18665314 0.75190824
0.28342259 -77.18665314 0.78868395
0.11573272 -77.18665314 0.68073303
0.16743432 -77.18665314 0.72145581
-0.00330384 -77.18665314 0.59334338
0.05619792 -77.18665314 0.64386642
-0.13842086 -77.18665314 0.49551412
-0.06951921 -77.18665314 0.55673361
-0.30739501 -77.18665314 0.38106039
-0.19286735 -77.18665314 0.44295999
-0.39809319 -77.18665314 0.30483162
-0.43709293 -77.18665314 0.08118007
-0.41829252 -77.18665314 0.23553158
-0.47846359 -77.18665314 -0.03908953
-0.53598809 -77.18665314 -0.24188137
-0.51443565 -77.18665314 -0.34355542
-0.45081773 -77.18665314 -0.52343756
-0.50037444 -77.18665314 -0.40408224
-0.42812124 -77.18665314 -0.59661621
-0.23843597 -77.18665314 -0.98301518
-0.11337198 -77.18665314 -1.10270655
-0.06203674 -77.18665314 -1.15923619
0.19868556 -77.18665314 -1.30497432
0.36225051 -77.18665314 -1.35897756
0.51365012 -77.18665314 -1.40514791
0.67762786 -77.18665314 -1.41774952
0.87054110 -77.18665314 -1.43734765
0.75065535 -77.18665314 -1.42708158
1.01265895 -77.18665314 -1.44165957
1.11299372 -77.18665314 -1.45279157
1.28809714 -77.18665314 -1.46643293
1.18215096 -77.18665314 -1.45999444
1.47262156 -77.18665314 -1.46495211
1.65411401 -77.18665314 -1.45343375
1.53772926 -77.18665314 -1.46335471
1.80910754 -77.18665314 -1.45338058
1.94998348 -77.18665314 -1.44740009
2.09519362 -77.18665314 -1.43356264
2.24478793 -77.18665314 -1.41060686
2.39128852 -77.18665314 -1.37410557
2.51036716 -77.18665314 -1.17855501
2.44984245 -77.18665314 -1.30991054
2.67262101 -77.18665314 -1.06134307
2.55369520 -77.18665314 -1.12862098
2.75111318 -77.18665314 -0.94230950
2.70446181 -77.18665314 -0.99433368
2.78077865 -77.18665314 -0.79121614
2.78080273 -77.18665314 -0.88717663
2.90062451 -77.18665314 -0.56884807
2.94868135 -77.18665314 -0.36287940
2.92572331 -77.18665314 -0.42624474
2.99494362 -77.18665314 -0.15376133
2.98239350 -77.18665314 -0.30118313
3.10882640 -77.18665314 -0.02003245
3.04448867 -77.18665314 -0.08354720
3.19856715 -77.18665314 0.13826376
3.16066003 -77.18665314 0.06079159
3.22841334 -77.18665314 0.22048679
3.33660245 -77.18665314 0.49849117
3.34094262 -77.18665314 0.42310190
3.39767957 -77.18665314 0.55325502
3.32843471 -77.18665314 0.59290648
3.19757318 -77.18665314 0.71414977
3.24508071 -77.18665314 0.65773982
2.99919701 -77.18665314 0.81322491
3.08032966 -77.18665314 0.77919042
2.76765275 -77.18665314 0.86492348
2.83806109 -77.18665314 0.82905471
2.69644451 -77.18665314 0.90711564
2.51277542 -77.18665314 0.91896069
2.39869523 -77.18665314 0.99417561
2.31001019 -77.18665314 0.95263875
2.11766577 -77.18665314 1.00726044
2.00626588 -77.18665314 1.04714584
1.89319968 -77.18665314 1.07019043
1.74777210 -77.18665314 1.06713545
1.81962037 -77.18665314 1.05815744
1.64411974 -77.18665314 1.06788278
1.50418615 -77.18665314 1.02233255
1.57821298 -77.18665314 1.04349267
1.39230931 -77.18665314 1.05398428
1.24594176 -77.18665314 1.01938283
1.31765389 -77.18665314 1.03729737
-0.56628495 -77.18665314 -0.17542791
-0.33706495 -77.18665314 -0.85771120
0.04781268 -77.18665314 -1.23410821
2.81638670 -77.18665314 -0.72741300
2.23818374 -77.18665314 0.98282719
