0.31119147 -35.05754852 0.33490479
0.20218775 -35.05754852 -0.25294688
1.90844822 -35.05754852 0.79825854
2.24635458 -35.06754303 0.63294274
2.32559490 -35.06754303 0.55082375
2.39673519 -35.06754303 0.40391034
2.52457523 -35.06754303 0.06958161
2.56948924 -35.06754303 -0.09676806
2.59356666 -35.06754303 -0.21725620
2.60067534 -35.06754303 -0.34747884
2.62915587 -35.06754303 -0.50587857
2.67787576 -35.06754303 -0.62090832
2.66503286 -35.06754303 -0.72184598
2.66646838 -35.06754303 -0.78400421
2.65525699 -35.06754303 -0.89768881
2.68146229 -35.06754303 -1.00813687
2.65626526 -35.06754303 -1.07367384
2.59315205 -35.06754303 -1.25322104
2.55586267 -35.06754303 -1.31901717
2.39976788 -35.06754303 -1.41314030
2.33549333 -35.06754303 -1.44295800
2.15913367 -35.06754303 -1.44725311
2.01848197 -35.06754303 -1.45168209
1.86180735 -35.06754303 -1.45000231
1.76490164 -35.06754303 -1.44848692
1.68177962 -35.06754303 -1.45152509
1.61308229 -35.06754303 -1.46500075
1.53947604 -35.06754303 -1.46848392
1.46848714 -35.06754303 -1.47115159
1.33224607 -35.06754303 -1.47028148
1.26243186 -35.06754303 -1.46679473
1.20204616 -35.06754303 -1.45518792
1.13825405 -35.06754303 -1.46664691
1.04771066 -35.06754303 -1.47890842
0.97931963 -35.06754303 -1.47732115
0.90526253 -35.06754303 -1.47088814
0.83013517 -35.06754303 -1.46515882
0.73760790 -35.06754303 -1.46271920
0.62954003 -35.06754303 -1.46527827
0.56563270 -35.06754303 -1.46768129
0.49385160 -35.06754303 -1.47635162
0.42037830 -35.06754303 -1.47084129
0.25847727 -35.06754303 -1.42737520
0.22318770 -35.06754303 -1.33400869
0.18673410 -35.06754303 -1.21767771
0.16207722 -35.06754303 -1.15645802
0.13470700 -35.06754303 -1.07007003
0.12528792 -35.06754303 -1.00261664
0.14254038 -35.06754303 -0.92942691
0.13706927 -35.06754303 -0.82983285
0.15405238 -35.06754303 -0.72832966
0.15231970 -35.06754303 -0.63436139
0.17414559 -35.06754303 -0.57224685
0.18287013 -35.06754303 -0.48503670
0.19761449 -35.06754303 -0.40785047
0.20001647 -35.06754303 -0.32082266
0.15716483 -35.06754303 -0.15704602
0.17295884 -35.06754303 -0.07077453
0.17175098 -35.06754303 0.00621649
0.18016598 -35.06754303 0.09400726
0.20469391 -35.06754303 0.15703540
0.35886016 -35.06754303 0.38747293
0.46878499 -35.06754303 0.43902898
0.52486163 -35.06754303 0.46451923
0.57827890 -35.06754303 0.50038743
0.61857653 -35.06754303 0.56448472
0.65717196 -35.06754303 0.61854726
0.73220998 -35.06754303 0.67330241
0.81159705 -35.06754303 0.70618033
0.88772923 -35.06754303 0.73547876
0.99485183 -35.06754303 0.77477574
1.23387432 -35.06754303 0.77279335
1.39576197 -35.06754303 0.78841496
1.65120924 -35.06754303 0.83861846
1.78047216 -35.06754303 0.81152231
1.84215438 -35.06754303 0.80389607
2.01470208 -35.06754303 0.78370696
2.15322900 -35.06754303 0.72484565
2.44355464 -35.06754303 0.29715845
2.48126984 -35.06754303 0.22054233
2.50300097 -35.06754303 -1.39363492
1.40232337 -35.06754303 -1.46884978
0.35630083 -35.06754303 -1.46238518
0.20109020 -35.06754303 0.27870557
0.25760493 -35.06754303 0.30628473
1.54469931 -35.06754303 0.81992972
