1.28991091 -4.63819122 0.69376463
2.19627953 -4.63819122 -0.29857072
0.43965650 -4.64818573 0.47627759
0.38632739 -4.64818573 0.42716414
0.30248460 -4.64818573 0.37191978
0.28959966 -4.64818573 0.31234315
0.27870268 -4.64818573 0.23735777
0.26900199 -4.64818573 0.16795728
0.26310948 -4.64818573 0.08656745
0.24368568 -4.64818573 -0.01326367
0.21955262 -4.64818573 -0.07821652
0.19820182 -4.64818573 -0.17269114
0.15761161 -4.64818573 -0.25479034
0.12165430 -4.64818573 -0.35615301
0.07658308 -4.64818573 -0.44151393
0.04961650 -4.64818573 -0.53183675
-0.03907945 -4.64818573 -0.70063370
0.03408654 -4.64818573 -0.62440526
-0.09976891 -4.64818573 -0.78347152
-0.12443297 -4.64818573 -0.90736949
-0.12816876 -4.64818573 -1.00360239
-0.12817210 -4.64818573 -1.14977801
-0.13669103 -4.64818573 -1.07111955
-0.10948082 -4.64818573 -1.26184225
-0.08305464 -4.64818573 -1.32173431
0.03512912 -4.64818573 -1.33296967
0.18695509 -4.64818573 -1.34132969
0.10730331 -4.64818573 -1.33428955
0.32471347 -4.64818573 -1.33274519
0.25366929 -4.64818573 -1.33703613
0.48086882 -4.64818573 -1.33207536
0.38688692 -4.64818573 -1.32804573
1.61855924 -4.64818573 -1.35319400
2.18067956 -4.64818573 -1.33590233
2.09161019 -4.64818573 -1.34799767
2.31813288 -4.64818573 -1.27765143
2.26142979 -4.64818573 -1.30648482
2.35711002 -4.64818573 -1.14725208
2.35819912 -4.64818573 -1.20990384
2.29142547 -4.64818573 -0.89894456
2.31140924 -4.64818573 -0.96342748
2.30486369 -4.64818573 -0.78860784
2.28973341 -4.64818573 -0.58104080
2.28134441 -4.64818573 -0.64555544
2.24722409 -4.64818573 -0.46331373
2.16408658 -4.64818573 -0.18908794
2.13586950 -4.64818573 -0.07804807
2.08351302 -4.64818573 0.05103359
2.05014968 -4.64818573 0.14542063
1.89920425 -4.64818573 0.32413673
1.92888331 -4.64818573 0.25759482
1.71511090 -4.64818573 0.44243968
1.64869142 -4.64818573 0.47220758
1.54340124 -4.64818573 0.55362314
1.35801053 -4.64818573 0.63958246
1.23842013 -4.64818573 0.72549152
1.10330355 -4.64818573 0.74151379
1.02519238 -4.64818573 0.76416034
0.86531228 -4.64818573 0.71009129
0.79778630 -4.64818573 0.66193336
0.74108994 -4.64818573 0.59601700
0.63412511 -4.64818573 0.53553510
0.53092545 -4.64818573 0.49538201
0.70855749 -4.64818573 -1.34632683
0.79247868 -4.64818573 -1.34850943
0.62527359 -4.64818573 -1.34546125
0.54154164 -4.64818573 -1.33291268
0.95550036 -4.64818573 0.74299604
1.47218072 -4.64818573 0.60972410
1.79103315 -4.64818573 0.37773782
2.22085905 -4.64818573 -0.35596329
2.30505800 -4.64818573 -0.72220492
1.96676099 -4.64818573 -1.32834983
1.90046048 -4.64818573 -1.33351421
1.83670652 -4.64818573 -1.33151400
1.77430260 -4.64818573 -1.34500957
1.68062031 -4.64818573 -1.35332441
