0.98795545 -55.33712006 0.92435080
1.53176236 -55.34711456 0.91677034
1.59522283 -55.34711456 0.90318662
1.79750073 -55.34711456 0.88440865
1.88892269 -55.34711456 0.85681951
2.03170800 -55.34711456 0.87571752
2.10105872 -55.34711456 0.87287903
2.15796518 -55.34711456 0.89365727
2.34999084 -55.34711456 0.89610648
2.45692015 -55.34711456 0.90988147
2.58476853 -55.34711456 0.91130191
2.62289476 -55.34711456 0.85802448
2.64838910 -55.34711456 0.77021855
2.61830783 -55.34711456 0.50198305
2.61043215 -55.34711456 0.43100542
2.60337710 -55.34711456 0.36212713
2.59202647 -55.34711456 0.26395166
2.58534884 -55.34711456 0.19880486
2.53812766 -55.34711456 0.07388499
2.47246456 -55.34711456 0.00568910
2.48532796 -55.34711456 -0.05897960
2.50996637 -55.34711456 -0.12238257
2.52069402 -55.34711456 -0.21404099
2.49768782 -55.34711456 -0.27200344
2.49713159 -55.34711456 -0.36683288
2.47712207 -55.34711456 -0.48857638
2.48436403 -55.34711456 -0.61025405
2.48093677 -55.34711456 -0.71522152
2.46527648 -55.34711456 -0.77443528
2.42413402 -55.34711456 -0.93248165
2.43492270 -55.34711456 -1.01643586
2.42238188 -55.34711456 -1.11047280
2.40187263 -55.34711456 -1.22813249
2.33477974 -55.34711456 -1.31151223
2.26286817 -55.34711456 -1.33887255
2.12216163 -55.34711456 -1.36480141
2.04930902 -55.34711456 -1.37183082
1.97790861 -55.34711456 -1.38088524
1.90977883 -55.34711456 -1.39139843
1.84959781 -55.34711456 -1.39900327
1.78382993 -55.34711456 -1.40353799
1.69336176 -55.34711456 -1.41027749
1.59632242 -55.34711456 -1.42634571
1.49048197 -55.34711456 -1.44387674
1.41641080 -55.34711456 -1.45240295
1.35103643 -55.34711456 -1.45993948
1.26642239 -55.34711456 -1.45762491
1.19963074 -55.34711456 -1.45732224
1.11016500 -55.34711456 -1.45032942
0.99734539 -55.34711456 -1.43703473
0.90939403 -55.34711456 -1.42540669
0.77126855 -55.34711456 -1.41046441
0.67408967 -55.34711456 -1.39615285
0.58673918 -55.34711456 -1.38855672
0.41037410 -55.34711456 -1.37839794
0.24655201 -55.34711456 -1.34685206
0.08332512 -55.34711456 -1.26429236
0.06240425 -55.34711456 -1.11516809
0.02235185 -55.34711456 -0.95688814
0.02616755 -55.34711456 -0.87472069
0.03276171 -55.34711456 -0.73915011
0.04161365 -55.34711456 -0.57815224
0.07373121 -55.34711456 -0.40635875
0.08676796 -55.34711456 -0.34273049
0.09744252 -55.34711456 -0.26609591
0.12613600 -55.34711456 -0.14617771
0.14882204 -55.34711456 -0.02967484
0.18560876 -55.34711456 0.02836959
0.22339477 -55.34711456 0.15818447
0.26625541 -55.34711456 0.21834867
0.31271496 -55.34711456 0.34182912
0.34571943 -55.34711456 0.41562644
0.37099472 -55.34711456 0.48575634
0.42952564 -55.34711456 0.61100537
0.49163106 -55.34711456 0.72084105
0.55216897 -55.34711456 0.78272313
0.61249894 -55.34711456 0.82038665
0.69771284 -55.34711456 0.87435377
0.77719408 -55.34711456 0.89307773
0.83919662 -55.34711456 0.89103299
0.92935008 -55.34711456 0.90412778
1.08604372 -55.34711456 0.88853526
1.14724898 -55.34711456 0.89517188
1.25056410 -55.34711456 0.92764395
1.36058021 -55.34711456 0.94140410
1.42780161 -55.34711456 0.94482183
0.40949053 -55.34711456 0.54075021
1.68269801 -55.34711456 0.89599091
2.44378090 -55.34711456 -0.85315466
