1.18796051 23.95121002 0.81379694
1.10423338 23.95121002 0.83969486
1.02745998 23.95121002 0.83098692
0.95724249 23.95121002 0.80958331
0.87708098 23.95121002 0.79429805
0.69649953 23.95121002 0.80646867
0.78496820 23.95121002 0.79146415
0.36712587 23.95121002 0.88472039
0.56027520 23.95121002 0.81948543
0.08362032 23.95121002 0.93007678
0.30233252 23.95121002 0.88700086
0.03606299 23.95121002 0.88141435
-0.03798749 23.95121002 0.81542337
-0.06795023 23.95121002 0.58219928
-0.05362720 23.95121002 0.70384693
-0.08984112 23.95121002 0.42589375
-0.11601441 23.95121002 0.21576099
-0.09164881 23.95121002 0.00438919
-0.07706822 23.95121002 0.12543835
-0.07957203 23.95121002 -0.14951366
-0.13594526 23.95121002 -0.28705779
-0.18492219 23.95121002 -0.44142351
-0.21852528 23.95121002 -0.62111568
-0.25516769 23.95121002 -0.81251007
-0.27901530 23.95121002 -1.24537432
-0.32093769 23.95121002 -1.05872560
-0.24789822 23.95121002 -1.37854505
-0.16112287 23.95121002 -1.42814100
0.00946777 23.95121002 -1.47564125
0.25280476 23.95121002 -1.49091923
0.40453690 23.95121002 -1.49962521
0.57147306 23.95121002 -1.46999872
0.77202344 23.95121002 -1.43170917
0.92952317 23.95121002 -1.42387462
1.07182229 23.95121002 -1.39584124
1.17652082 23.95121002 -1.38914478
1.41726243 23.95121002 -1.39414334
1.55033314 23.95121002 -1.39198589
1.67392015 23.95121002 -1.39216888
1.80076134 23.95121002 -1.38977075
1.95402884 23.95121002 -1.37189889
2.10340643 23.95121002 -1.35842085
2.25328159 23.95121002 -1.33925736
2.32264686 23.95121002 -1.31497133
2.60645938 23.95121002 -1.24670959
2.39911175 23.95121002 -1.29579294
2.78575683 23.95121002 -1.19368935
2.86437321 23.95121002 -1.02689481
2.85051489 23.95121002 -1.16158843
2.88993025 23.95121002 -0.82652086
2.86938190 23.95121002 -0.93034440
2.90533710 23.95121002 -0.67290896
2.97732306 23.95121002 -0.36178994
2.92910814 23.95121002 -0.53406119
3.03376484 23.95121002 -0.12432686
3.00617051 23.95121002 -0.24577649
2.99279976 23.95121002 -0.04832626
2.93834686 23.95121002 0.09773302
2.96464968 23.95121002 0.04076187
2.66908097 23.95121002 0.34829667
2.77013206 23.95121002 0.29053691
2.55536985 23.95121002 0.43245110
2.47831917 23.95121002 0.51468390
2.33787990 23.95121002 0.59795487
2.39689302 23.95121002 0.55616969
2.27096772 23.95121002 0.63230646
2.15566373 23.95121002 0.71274704
2.21245980 23.95121002 0.68138593
2.07893300 23.95121002 0.77284795
2.01933908 23.95121002 0.79807925
1.86860776 23.95121002 0.80963808
1.67693520 23.95121002 0.80727470
1.75089908 23.95121002 0.83561200
1.59232318 23.95121002 0.79738337
1.49533415 23.95121002 0.79363149
1.40546572 23.95121002 0.76703238
1.32617319 23.95121002 0.77108437
2.82173371 23.95121002 0.20138897
1.95348048 23.95121002 0.83833772
