1.88568556 39.56087494 -0.02050781
1.98970425 39.56087494 -1.50460541
0.08659692 39.55088043 -1.51184940
-0.04638129 39.55088043 -1.47572339
-0.12469915 39.55088043 -1.37053919
-0.15772863 39.55088043 -1.06482923
0.19256385 39.55088043 -1.51375484
-0.11029343 39.55088043 -1.44218886
-0.18331745 39.55088043 -1.24169326
0.74335110 39.55088043 0.51002669
0.80377883 39.55088043 0.49199128
0.88454896 39.55088043 0.47193295
0.97433877 39.55088043 0.54940784
1.11135459 39.55088043 0.57042861
1.21743345 39.55088043 0.59096742
1.29468477 39.55088043 0.57543373
1.43605745 39.55088043 0.59795874
1.51767480 39.55088043 0.47905585
1.60103989 39.55088043 0.43247923
1.67685461 39.55088043 0.21054016
1.76373231 39.55088043 0.18224214
1.80812907 39.55088043 0.12414385
1.83229029 39.55088043 0.03895405
1.92057824 39.55088043 -0.06968410
1.96024740 39.55088043 -0.12048528
2.01775980 39.55088043 -0.17670408
2.07011580 39.55088043 -0.21031168
2.12287712 39.55088043 -0.27326837
2.17378426 39.55088043 -0.37688738
2.22312474 39.55088043 -0.43647712
2.28333926 39.55088043 -0.50293326
2.31281924 39.55088043 -0.55667168
2.27886868 39.55088043 -0.79570019
2.29974747 39.55088043 -0.88614511
2.26178098 39.55088043 -0.97660488
2.22781873 39.55088043 -1.11620545
2.19696641 39.55088043 -1.25589812
2.15843916 39.55088043 -1.37595975
2.08715272 39.55088043 -1.48631632
1.92738402 39.55088043 -1.50971031
1.75760138 39.55088043 -1.52629554
1.60378039 39.55088043 -1.52954185
1.45843029 39.55088043 -1.52687252
1.31150818 39.55088043 -1.52986681
1.21342289 39.55088043 -1.52933049
1.10483968 39.55088043 -1.52884364
0.91564459 39.55088043 -1.53182304
0.81971669 39.55088043 -1.53295541
0.71703267 39.55088043 -1.52814245
0.60473102 39.55088043 -1.51723957
0.48767498 39.55088043 -1.50988817
0.36237919 39.55088043 -1.51948130
-0.15012591 39.55088043 -0.93686008
-0.10868331 39.55088043 -0.79816282
-0.09451269 39.55088043 -0.69096142
-0.07808051 39.55088043 -0.59281015
-0.06295978 39.55088043 -0.49714246
-0.05497983 39.55088043 -0.41047794
-0.05272681 39.55088043 -0.33797690
-0.04560137 39.55088043 -0.22492057
-0.08383840 39.55088043 -0.09097368
-0.03702981 39.55088043 0.08352829
0.06099107 39.55088043 0.15659752
0.15003687 39.55088043 0.26251796
0.21872590 39.55088043 0.27541596
0.28422266 39.55088043 0.30168599
0.39625207 39.55088043 0.31765649
0.49401879 39.55088043 0.34336555
0.57149565 39.55088043 0.38477120
0.63211071 39.55088043 0.43235493
0.67982203 39.55088043 0.47881567
1.69560206 39.55088043 0.31947139
