0.80393749 44.50077057 0.47789094
0.63954169 44.50077057 0.48999014
0.45848191 44.50077057 0.52735209
0.27619880 44.50077057 0.41403088
0.14527287 44.50077057 0.30051386
-0.00321298 44.50077057 -0.11993742
-0.05508404 44.50077057 -0.38593379
-0.06972711 44.50077057 -0.95476770
-0.08409685 44.50077057 -1.47054720
2.24424505 44.50077057 -0.24166356
1.33076763 44.49077606 0.45002222
1.21192908 44.49077606 0.45294994
1.09020746 44.49077606 0.44844517
0.97919625 44.49077606 0.42956117
0.74230754 44.49077606 0.48106447
0.56130880 44.49077606 0.49554703
0.21547471 44.49077606 0.35853982
0.10380656 44.49077606 0.25370151
0.03766025 44.49077606 0.07281230
0.02088209 44.49077606 0.01100380
-0.00884222 44.49077606 -0.18062545
-0.02417926 44.49077606 -0.25020438
-0.07671764 44.49077606 -0.46549699
-0.08430019 44.49077606 -0.57337213
-0.07125566 44.49077606 -0.68592727
-0.03596836 44.49077606 -0.84398955
-0.08056635 44.49077606 -1.01312065
-0.07305311 44.49077606 -1.13096607
-0.05895566 44.49077606 -1.25312138
-0.06694932 44.49077606 -1.38797069
-0.06315576 44.49077606 -1.52886689
0.10479238 44.49077606 -1.54576576
0.28311989 44.49077606 -1.54700863
0.43277577 44.49077606 -1.54256153
0.55530816 44.49077606 -1.54329312
0.67408454 44.49077606 -1.53462756
0.76185739 44.49077606 -1.54422843
0.84778875 44.49077606 -1.55053830
0.92591405 44.49077606 -1.55045605
1.00842083 44.49077606 -1.54310453
1.13861203 44.49077606 -1.54722607
1.21902668 44.49077606 -1.55389977
1.28660643 44.49077606 -1.55395424
1.68269432 44.49077606 0.50521803
1.56613648 44.49077606 0.51441586
1.44585991 44.49077606 0.42445505
0.87079448 44.49077606 0.47874260
0.36803463 44.49077606 0.51447934
1.35532892 44.49077606 -1.55662918
1.43607152 44.49077606 -1.55349636
1.50137663 44.49077606 -1.54910600
1.60725713 44.49077606 -1.56742632
1.70298231 44.49077606 -1.56819940
1.79000652 44.49077606 -1.55458021
1.89871025 44.49077606 -1.53702986
2.02494717 44.49077606 -1.52846777
2.18352985 44.49077606 -1.53210115
2.31178141 44.49077606 -1.48773456
2.40790629 44.49077606 -1.41058397
2.43503356 44.49077606 -1.27123475
2.42198873 44.49077606 -1.34843767
2.40796661 44.49077606 -1.14310825
2.37765145 44.49077606 -0.96661240
2.38241768 44.49077606 -0.87125885
2.37824512 44.49077606 -0.80382413
2.31752372 44.49077606 -0.62170339
2.31084490 44.49077606 -0.54108256
2.28182626 44.49077606 -0.48794341
2.24716258 44.49077606 -0.32841223
2.18292665 44.49077606 -0.24022965
2.13988614 44.49077606 -0.05833251
2.13999271 44.49077606 0.08241732
2.11481190 44.49077606 0.21946105
2.09688306 44.49077606 0.38479742
1.93016791 44.49077606 0.49142352
2.04594517 44.49077606 0.44091600
1.86266422 44.49077606 0.50025046
