0.15200169 60.62042999 0.32231376
0.10597201 60.62042999 0.06122978
0.07377852 60.62042999 -0.13936445
0.10053739 60.62042999 -0.56185424
0.12407209 60.62042999 -0.71523845
0.17037676 60.62042999 -0.85664070
0.14065437 60.62042999 -1.10915351
1.12052655 60.62042999 -1.46404994
1.29026449 60.62042999 -1.46007240
1.40352285 60.61043549 -1.45720196
1.18616712 60.61043549 -1.46269166
1.01587975 60.61043549 -1.46602392
0.85185623 60.61043549 -1.49637532
0.67476040 60.61043549 -1.49737680
0.50203073 60.61043549 -1.47860062
0.22487618 60.61043549 -1.43417752
0.14687614 60.61043549 -1.28150868
0.18606876 60.61043549 -0.91845375
0.13456675 60.61043549 -0.77357388
0.10871036 60.61043549 -0.62140083
0.08554886 60.61043549 -0.46866336
0.07503795 60.61043549 -0.34623787
0.06783534 60.61043549 -0.21999376
0.08660138 60.61043549 -0.01140113
0.12346177 60.61043549 0.12221589
0.14921381 60.61043549 0.23180506
0.15559649 60.61043549 0.41068384
0.16579424 60.61043549 0.49713844
0.30834097 60.61043549 0.59137005
0.46331373 60.61043549 0.63048893
0.57699442 60.61043549 0.68218279
0.62497872 60.61043549 0.72521508
1.56177139 60.61043549 -1.44505858
0.12691078 60.61043549 -1.17368913
0.38255808 60.61043549 -1.53362942
1.71187449 60.61043549 -1.44790590
1.06961226 60.61043549 1.02674067
0.93204099 60.61043549 1.00603342
0.80499649 60.61043549 0.92600846
0.68311894 60.61043549 0.84843487
0.69173765 60.61043549 0.74755931
1.88760662 60.61043549 -1.44200933
1.98608398 60.61043549 -1.43095434
2.03255486 60.61043549 -1.30831242
2.17435122 60.61043549 -1.24097800
2.37122822 60.61043549 -1.03479743
2.42300963 60.61043549 -0.88956147
2.53759170 60.61043549 -0.80112010
2.61590791 60.61043549 -0.75094318
2.62860775 60.61043549 -0.69150102
2.74666429 60.61043549 -0.53279561
2.79941082 60.61043549 -0.42985702
2.87988043 60.61043549 -0.30920669
2.86402607 60.61043549 -0.18753842
2.81199574 60.61043549 -0.05133711
2.78338480 60.61043549 0.10956428
2.71436405 60.61043549 0.24304591
2.64123011 60.61043549 0.36319119
2.55543256 60.61043549 0.49786547
2.50722051 60.61043549 0.58455950
2.35660386 60.61043549 0.76104712
2.43157077 60.61043549 0.70992094
2.16525984 60.61043549 0.92938948
2.24849582 60.61043549 0.86208552
2.08237553 60.61043549 0.94627315
1.91223812 60.61043549 1.10221267
1.95551443 60.61043549 1.05737078
1.80348325 60.61043549 1.15028107
1.68399990 60.61043549 1.15026534
1.54300153 60.61043549 1.21582639
1.46784222 60.61043549 1.22284198
1.35387433 60.61043549 1.22368848
1.19691229 60.61043549 1.17769337
1.26847446 60.61043549 1.21429205
1.13643861 60.61043549 1.08860886
