2.22459984 -3.85820770 -0.39564368
1.72385287 -3.85820770 0.45949548
0.99239999 -3.85820770 0.55971724
0.66329283 -3.86820221 0.50419497
0.77436566 -3.86820221 0.51327115
0.50942338 -3.86820221 0.51623356
0.43374601 -3.86820221 0.52708489
0.34109741 -3.86820221 0.51598001
0.25990087 -3.86820221 0.45717412
0.24075687 -3.86820221 0.37886161
0.21601398 -3.86820221 0.30053419
0.21581817 -3.86820221 0.21546198
0.21406615 -3.86820221 0.06858876
0.18415973 -3.86820221 -0.04976485
0.12324473 -3.86820221 -0.16820700
0.16280159 -3.86820221 -0.10695449
0.08808604 -3.86820221 -0.24372464
0.07072060 -3.86820221 -0.31948164
0.08871376 -3.86820221 -0.42023832
0.11920553 -3.86820221 -0.52911216
0.09869940 -3.86820221 -0.72360581
0.01640721 -3.86820221 -0.88506907
0.00118547 -3.86820221 -1.04320145
-0.01330988 -3.86820221 -1.22252417
0.24243087 -3.86820221 -1.29693496
0.08979452 -3.86820221 -1.28035843
0.33729613 -3.86820221 -1.31063533
0.46303815 -3.86820221 -1.27709687
0.60072470 -3.86820221 -1.30968523
0.68207586 -3.86820221 -1.32950902
0.81653708 -3.86820221 -1.34555197
0.95233518 -3.86820221 -1.35267735
1.01448882 -3.86820221 -1.34741795
1.13950479 -3.86820221 -1.33147097
1.23294747 -3.86820221 -1.34665132
1.34850061 -3.86820221 -1.34486651
1.46444237 -3.86820221 -1.34203935
1.58248556 -3.86820221 -1.30356407
1.74767673 -3.86820221 -1.31399620
1.88951099 -3.86820221 -1.31258583
2.11646080 -3.86820221 -1.31483722
1.95660281 -3.86820221 -1.32769632
2.29493284 -3.86820221 -1.30338335
2.35066390 -3.86820221 -1.27185535
2.30890989 -3.86820221 -1.06300485
2.35129070 -3.86820221 -1.20706689
2.27001524 -3.86820221 -0.81756270
2.25700140 -3.86820221 -0.72471112
2.22784114 -3.86820221 -0.60710502
2.21333337 -3.86820221 -0.47120753
2.21668386 -3.86820221 -0.24553135
2.22323799 -3.86820221 -0.31965089
2.18173456 -3.86820221 -0.12127443
2.13822103 -3.86820221 0.01521192
2.12485433 -3.86820221 0.11063552
1.85130489 -3.86820221 0.42904332
1.98740232 -3.86820221 0.40693340
1.57459974 -3.86820221 0.49149609
1.66695261 -3.86820221 0.47676027
1.49158037 -3.86820221 0.46162543
1.41815412 -3.86820221 0.50621325
1.30118024 -3.86820221 0.57078052
1.25678039 -3.86820221 0.50594467
1.15823722 -3.86820221 0.53611046
1.08192182 -3.86820221 0.53296739
0.92958742 -3.86820221 0.55709708
0.85677564 -3.86820221 0.55457342
0.22406016 -3.86820221 0.12828743
0.09422798 -3.86820221 -0.62232065
2.09413528 -3.86820221 0.26319426
