0.28026330 20.06128693 0.34715128
1.24199748 20.06128693 0.65248019
2.28813219 20.06128693 -0.26840070
2.32917261 20.05129242 -0.38342869
2.33366847 20.05129242 -0.46449712
2.33346915 20.05129242 -0.54525435
2.33083272 20.05129242 -0.66776198
2.31327462 20.05129242 -0.77447873
2.29990625 20.05129242 -0.91886932
2.30227351 20.05129242 -1.01982272
2.25328398 20.05129242 -1.10310471
2.22865844 20.05129242 -1.23171866
2.19961071 20.05129242 -1.29056180
2.12807512 20.05129242 -1.32816637
2.00188279 20.05129242 -1.36133480
1.87943506 20.05129242 -1.37771487
1.76386881 20.05129242 -1.38844609
1.65989912 20.05129242 -1.39312410
1.52200770 20.05129242 -1.37088215
1.46051860 20.05129242 -1.37507975
1.37599146 20.05129242 -1.37303126
1.29409385 20.05129242 -1.37271440
1.19833457 20.05129242 -1.37562025
1.10467935 20.05129242 -1.37599587
1.03887463 20.05129242 -1.37207294
0.93175673 20.05129242 -1.37368870
0.84853560 20.05129242 -1.36948597
0.76002204 20.05129242 -1.36818779
0.66254407 20.05129242 -1.36436617
0.54907900 20.05129242 -1.37310338
0.43322450 20.05129242 -1.36685431
0.31021371 20.05129242 -1.35135925
0.22176659 20.05129242 -1.34357059
0.21928644 20.05129242 -1.27635372
0.29220691 20.05129242 -1.12967825
0.28357476 20.05129242 -1.02673376
0.34774125 20.05129242 -0.89311749
0.34880671 20.05129242 -0.72392422
0.34557912 20.05129242 -0.64273381
0.33821326 20.05129242 -0.56711149
0.35020629 20.05129242 -0.48496705
0.37090182 20.05129242 -0.39615482
0.39011985 20.05129242 -0.22836591
0.39315042 20.05129242 -0.15036707
0.39264992 20.05129242 -0.06630664
0.33613291 20.05129242 0.02653247
0.32038400 20.05129242 0.14780012
0.29939166 20.05129242 0.28590649
0.29517677 20.05129242 0.42000797
0.33076981 20.05129242 0.47217098
0.38269624 20.05129242 0.52174032
0.46407050 20.05129242 0.53848499
0.59274966 20.05129242 0.52304512
0.66827643 20.05129242 0.51929098
0.80040848 20.05129242 0.55803722
0.89566433 20.05129242 0.56903058
0.99966371 20.05129242 0.57205379
1.09576654 20.05129242 0.60247934
1.19222844 20.05129242 0.61833829
1.31533837 20.05129242 0.70246083
1.39048934 20.05129242 0.69851965
1.46981251 20.05129242 0.69235015
1.57575357 20.05129242 0.66677999
1.67682421 20.05129242 0.63609779
1.78243029 20.05129242 0.61829990
1.99659026 20.05129242 0.58483833
2.04742503 20.05129242 0.51358390
2.09619761 20.05129242 0.47540000
2.16855717 20.05129242 0.36627421
2.19020414 20.05129242 0.30230209
2.22201753 20.05129242 0.24774641
2.24105835 20.05129242 0.17643976
2.25949144 20.05129242 0.10044136
2.26269245 20.05129242 -0.00203893
2.26794434 20.05129242 -0.19183241
2.30597329 20.05129242 -0.32570010
0.31448597 20.05129242 -0.82204640
2.26324868 20.05129242 -0.12929893
1.90218723 20.05129242 0.60631090
0.34842652 20.05129242 -0.33735940
