0.85550267 58.02048492 0.56907237
0.59207571 58.02048492 0.49277028
0.31702000 58.02048492 0.49253744
-0.13816389 58.02048492 -0.15041588
-0.26065570 58.02048492 -0.32795793
-0.29622984 58.02048492 -0.75800908
-0.22179350 58.02048492 -1.21236789
1.82766080 58.02048492 -1.47722530
1.97943449 58.02048492 -1.46659017
2.04130340 58.02048492 -1.46637630
1.11875403 58.02048492 0.55844861
1.68575919 58.01049042 0.46040633
2.25952840 58.01049042 -1.38355124
2.13631415 58.01049042 -1.46612191
1.90642810 58.01049042 -1.46718216
1.74931347 58.01049042 -1.48740458
1.62916315 58.01049042 -1.50305676
1.47848141 58.01049042 -1.47053623
1.38194716 58.01049042 -1.47257864
1.28541934 58.01049042 -1.47574103
1.20068848 58.01049042 -1.47713149
1.13063240 58.01049042 -1.47813880
1.05920875 58.01049042 -1.46791291
0.97327572 58.01049042 -1.46067011
0.82767653 58.01049042 -1.47649479
0.76163483 58.01049042 -1.47857654
0.69233131 58.01049042 -1.47988081
0.62432444 58.01049042 -1.47984648
0.56021965 58.01049042 -1.47622812
0.46167767 58.01049042 -1.46484828
0.38036236 58.01049042 -1.45672727
0.29317963 58.01049042 -1.44381773
0.19637156 58.01049042 -1.44492483
0.10147394 58.01049042 -1.43675649
-0.04485603 58.01049042 -1.38956738
-0.12399107 58.01049042 -1.35633600
-0.19407569 58.01049042 -1.27268231
-0.26153246 58.01049042 -1.11595702
-0.26280510 58.01049042 -0.98103982
-0.28541431 58.01049042 -0.82601154
-0.23869823 58.01049042 -0.55327737
-0.24823225 58.01049042 -0.49183428
-0.27022183 58.01049042 -0.39916381
-0.21532221 58.01049042 -0.27191764
-0.17456917 58.01049042 -0.20719580
-0.08041301 58.01049042 -0.05709680
-0.03661526 58.01049042 0.01553517
0.01189217 58.01049042 0.10758726
0.07796434 58.01049042 0.25320429
0.11644431 58.01049042 0.34248260
0.23956840 58.01049042 0.47270805
0.40586317 58.01049042 0.48710349
0.51486796 58.01049042 0.49152926
0.72251910 58.01049042 0.50409222
0.79625350 58.01049042 0.56807345
0.92896259 58.01049042 0.57259166
1.04707170 58.01049042 0.56403518
1.28253913 58.01049042 0.53854901
-0.29747215 58.01049042 -0.67096871
-0.27785304 58.01049042 -1.05714488
2.30980277 58.01049042 -1.29810214
1.78849483 58.01049042 0.43820006
1.90166330 58.01049042 0.40233067
1.53949869 58.01049042 0.49348843
1.40399122 58.01049042 0.52317965
1.18320441 58.01049042 0.55492651
2.38328195 58.01049042 -1.15705264
2.45533514 58.01049042 -1.08839047
2.47361159 58.01049042 -0.94728196
2.45192266 58.01049042 -0.87349200
2.38917875 58.01049042 -0.73784846
2.29316497 58.01049042 -0.58997595
2.23075390 58.01049042 -0.48970869
2.21816468 58.01049042 -0.25001034
2.14849401 58.01049042 -0.09030389
2.04235172 58.01049042 0.08089701
2.03364611 58.01049042 0.24121161
1.99179244 58.01049042 0.35902035
