2.33785748 -20.75785065 -0.09358317
2.41064262 -20.75785065 -0.28675142
2.42696738 -20.75785065 -0.52923399
2.45348382 -20.75785065 -0.95484263
2.11937737 -20.75785065 -1.49047256
-0.15029429 -20.75785065 -0.65337247
-0.04821128 -20.75785065 -0.49482882
-0.02041022 -20.75785065 -0.30675536
0.00492286 -20.75785065 -0.05368754
0.11389641 -20.75785065 0.49854371
0.25627068 -20.75785065 0.56916821
0.55097055 -20.75785065 0.62891990
0.43962064 -20.76784515 0.61848199
0.34359786 -20.76784515 0.55538148
0.17196946 -20.76784515 0.57178593
0.06770135 -20.76784515 0.43441060
0.06449085 -20.76784515 0.36582482
0.03269559 -20.76784515 0.25530371
0.02267572 -20.76784515 0.14147340
0.01086741 -20.76784515 0.02593967
-0.00188712 -20.76784515 -0.11660085
-0.01643918 -20.76784515 -0.20221137
-0.04207187 -20.76784515 -0.39499828
-0.07277926 -20.76784515 -0.55705923
-0.19199570 -20.76784515 -0.71166229
-0.22901435 -20.76784515 -0.84773016
-0.24769412 -20.76784515 -0.95636433
-0.28716600 -20.76784515 -1.11943793
-0.24113065 -20.76784515 -1.17202616
-0.14535701 -20.76784515 -1.25184166
-0.02347785 -20.76784515 -1.39641964
0.05721566 -20.76784515 -1.42594182
0.19354588 -20.76784515 -1.43889523
0.35618234 -20.76784515 -1.42060542
0.50288492 -20.76784515 -1.39278638
0.62124825 -20.76784515 -1.39859331
0.72811860 -20.76784515 -1.40324771
0.82117999 -20.76784515 -1.40899503
1.00544536 -20.76784515 -1.40604830
1.17795575 -20.76784515 -1.43951690
1.34145057 -20.76784515 -1.45428491
1.46444297 -20.76784515 -1.45243406
1.55713165 -20.76784515 -1.43612635
1.69842052 -20.76784515 -1.46064353
1.82183194 -20.76784515 -1.46233261
1.96392107 -20.76784515 -1.45279944
2.30740929 -20.76784515 -1.44798219
2.45860553 -20.76784515 -1.20225525
2.47831154 -20.76784515 -1.05743814
2.43675041 -20.76784515 -0.89713597
2.43055439 -20.76784515 -0.76764905
2.41444468 -20.76784515 -0.63257533
2.43685246 -20.76784515 -0.44400331
2.43393302 -20.76784515 -0.36930904
2.38343954 -20.76784515 -0.19211766
2.26647329 -20.76784515 -0.00366477
2.29837418 -20.76784515 0.25924540
2.06500387 -20.76784515 0.52168226
2.01281023 -20.76784515 0.58782405
1.92947209 -20.76784515 0.62326092
1.83975124 -20.76784515 0.62623221
1.50474262 -20.76784515 0.72450030
1.41853452 -20.76784515 0.73003328
1.28876317 -20.76784515 0.75528532
1.13478935 -20.76784515 0.76531470
0.99973607 -20.76784515 0.69821888
0.86395049 -20.76784515 0.65311491
0.74117911 -20.76784515 0.67728513
0.64680779 -20.76784515 0.63760042
1.63055897 -20.76784515 0.72028053
2.25855994 -20.76784515 0.38073269
2.29076338 -20.76784515 0.11280593
2.45926952 -20.76784515 -1.38589466
2.17924714 -20.76784515 -1.50515056
1.26869524 -20.76784515 -1.45002842
0.92543465 -20.76784515 -1.41128266
