1.97456932 4.98160553 0.60335290
2.32226992 4.98160553 0.52760816
1.15092885 4.98160553 0.65747052
2.42695451 4.97161102 0.54228663
2.50190592 4.97161102 0.54646504
2.58432770 4.97161102 0.54347205
2.70500636 4.97161102 0.52887678
2.77155709 4.97161102 0.48063913
2.81503868 4.97161102 0.42875552
2.84987020 4.97161102 0.29329374
2.89222312 4.97161102 0.19777003
2.89629221 4.97161102 0.09897006
2.91034842 4.97161102 0.00820115
2.92139077 4.97161102 -0.17274323
2.93858981 4.97161102 -0.23650829
2.95465422 4.97161102 -0.39936325
2.95093703 4.97161102 -0.47105420
2.93408823 4.97161102 -0.59686947
2.98607874 4.97161102 -0.69581652
3.00958061 4.97161102 -0.78272063
2.96365619 4.97161102 -0.91900361
2.96595025 4.97161102 -0.99583709
2.92895031 4.97161102 -1.07748735
2.32302713 4.97161102 -1.23811269
0.75027287 4.97161102 -1.14694440
0.25273129 4.97161102 -0.91182685
0.25400257 4.97161102 -0.75880527
0.31635293 4.97161102 -0.56510925
0.34800529 4.97161102 -0.50796819
0.34287700 4.97161102 -0.39814469
0.32230887 4.97161102 -0.33362645
0.29604745 4.97161102 -0.23521978
0.28007242 4.97161102 -0.16606846
0.29781812 4.97161102 -0.08963391
0.32711175 4.97161102 0.04720038
0.36665264 4.97161102 0.13596202
0.40501127 4.97161102 0.22284004
0.44663027 4.97161102 0.28589618
0.47839308 4.97161102 0.34063119
0.53358740 4.97161102 0.38950714
0.58980638 4.97161102 0.53328276
0.63239658 4.97161102 0.58037251
0.75342572 4.97161102 0.63537735
2.04982328 4.97161102 0.57900816
2.11870790 4.97161102 0.57333779
2.21332622 4.97161102 0.56794226
2.26154232 4.97161102 0.53212035
2.86844659 4.97161102 0.35096762
2.92242432 4.97161102 -0.10657567
2.98352981 4.97161102 -0.84373331
2.90036178 4.97161102 -1.17399192
2.74914789 4.97161102 -1.22435415
2.66362619 4.97161102 -1.22186685
2.59993148 4.97161102 -1.21329105
2.51343989 4.97161102 -1.23581994
2.40833187 4.97161102 -1.24560654
0.67754471 4.97161102 -1.14747071
0.58379614 4.97161102 -1.14694655
0.49311456 4.97161102 -1.13708031
0.38493490 4.97161102 -1.12519741
0.29953039 4.97161102 -1.10668886
0.27439451 4.97161102 -1.03940105
0.83125228 4.97161102 0.65469414
0.91179520 4.97161102 0.65833145
1.01409292 4.97161102 0.64029348
1.09469140 4.97161102 0.63397002
