0.69851947 68.68025970 -1.49506903
1.06804144 68.68025970 0.83194214
0.00451120 68.67026520 0.47584686
-0.03768127 68.67026520 0.40130323
-0.15864879 68.67026520 0.33528423
-0.16621068 68.67026520 0.16457097
-0.15378818 68.67026520 0.22755505
-0.18651474 68.67026520 0.09828465
-0.16688615 68.67026520 -0.10932141
-0.14693123 68.67026520 -0.04896632
-0.19695391 68.67026520 -0.17950042
-0.19660096 68.67026520 -0.34518504
-0.21016122 68.67026520 -0.26503605
-0.17252499 68.67026520 -0.40398961
-0.08824672 68.67026520 -0.57901514
-0.12286109 68.67026520 -0.48328829
-0.05660187 68.67026520 -0.64233780
-0.04942386 68.67026520 -0.75863630
-0.01692382 68.67026520 -0.95996952
0.03393164 68.67026520 -0.99578315
0.14015384 68.67026520 -1.16874218
0.08487709 68.67026520 -1.11836302
0.15811956 68.67026520 -1.33040643
0.13767695 68.67026520 -1.24634826
0.19932570 68.67026520 -1.45878839
0.18319818 68.67026520 -1.39619756
0.25946638 68.67026520 -1.47750711
0.38040277 68.67026520 -1.48747647
0.51175231 68.67026520 -1.48950362
0.44153449 68.67026520 -1.48778081
0.63783371 68.67026520 -1.49375880
0.57323861 68.67026520 -1.49172175
0.76470965 68.67026520 -1.49609089
0.97019094 68.67026520 -1.50048482
0.86677021 68.67026520 -1.49639606
1.05673385 68.67026520 -1.50827086
1.15987980 68.67026520 -1.51207650
1.30575562 68.67026520 -1.50465596
1.40946364 68.67026520 -1.49009836
1.56197023 68.67026520 -1.49420631
1.70841503 68.67026520 -1.47449350
1.85562754 68.67026520 -1.44839275
1.90293288 68.67026520 -1.40074754
1.97625124 68.67026520 -1.31117427
1.99763846 68.67026520 -1.09970057
2.00591540 68.67026520 -1.16072190
2.01523972 68.67026520 -0.99205875
2.02566385 68.67026520 -0.77158272
2.02057600 68.67026520 -0.68030530
1.94757164 68.67026520 -0.56321943
1.95454407 68.67026520 -0.46461359
1.95594132 68.67026520 -0.35620263
1.95247555 68.67026520 -0.25949216
1.93999279 68.67026520 -0.16233285
1.91815507 68.67026520 -0.06396012
1.89274013 68.67026520 0.11257496
1.87549031 68.67026520 0.30168509
1.85961390 68.67026520 0.37379298
1.79959047 68.67026520 0.46742675
1.77192843 68.67026520 0.60677361
1.73805439 68.67026520 0.73620689
1.67503107 68.67026520 0.78823572
1.39840126 68.67026520 0.87491721
1.32506227 68.67026520 0.87762910
1.21424174 68.67026520 0.84928417
1.12732649 68.67026520 0.84767628
1.00773680 68.67026520 0.81442595
0.93189931 68.67026520 0.76617962
0.84010416 68.67026520 0.74573243
0.77732766 68.67026520 0.73324615
0.70768780 68.67026520 0.72616833
0.60075778 68.67026520 0.70221341
0.41515461 68.67026520 0.64441615
0.33301571 68.67026520 0.63464391
0.11893602 68.67026520 0.57854152
0.07298775 68.67026520 0.51801080
-0.04240961 68.67026520 -0.88220030
0.23907152 68.67026520 0.58620262
0.52557236 68.67026520 0.68448478
1.87717569 68.67026520 0.22544350
