0.76242203 -22.57781219 0.52841455
0.38269538 -22.57781219 0.55177182
0.21421036 -22.57781219 0.54762214
-0.24969961 -22.57781219 -0.01168360
-0.25648656 -22.57781219 -0.54240084
-0.27507120 -22.57781219 -1.04479241
0.54873550 -22.58780670 0.53702021
0.31081659 -22.58780670 0.56104004
0.15039232 -22.58780670 0.54526633
0.09878686 -22.58780670 0.46995825
0.04701369 -22.58780670 0.33721408
0.08183210 -22.58780670 0.40706432
-0.10509787 -22.58780670 0.16317186
-0.17831807 -22.58780670 0.04928953
-0.25834832 -22.58780670 -0.17323211
-0.24498369 -22.58780670 -0.24211848
-0.19518031 -22.58780670 -0.39033279
-0.21098715 -22.58780670 -0.32181713
-0.26311016 -22.58780670 -0.61162740
-0.26206070 -22.58780670 -0.67205495
-0.29736167 -22.58780670 -0.84781742
-0.26570827 -22.58780670 -0.75894696
-0.24520022 -22.58780670 -1.10801446
-0.30882943 -22.58780670 -1.29493487
-0.28318650 -22.58780670 -1.20278931
-0.26649633 -22.58780670 -1.36206424
-0.06208338 -22.58780670 -1.37810910
-0.15415590 -22.58780670 -1.37192023
0.12619935 -22.58780670 -1.40827310
0.05912988 -22.58780670 -1.39763284
0.30408353 -22.58780670 -1.41955745
0.24348493 -22.58780670 -1.41785634
0.41438052 -22.58780670 -1.41465580
0.57977808 -22.58780670 -1.41968906
0.70082217 -22.58780670 -1.43689704
0.83314687 -22.58780670 -1.44746959
1.13311672 -22.58780670 -1.44521224
1.06848431 -22.58780670 -1.44270492
1.21281242 -22.58780670 -1.46541202
1.32465684 -22.58780670 -1.47329593
1.43983829 -22.58780670 -1.47984242
1.55226290 -22.58780670 -1.46930230
1.69305968 -22.58780670 -1.46524084
1.83928120 -22.58780670 -1.46161234
1.98316181 -22.58780670 -1.46589959
2.10869813 -22.58780670 -1.46495569
2.21496654 -22.58780670 -1.41741908
2.25223279 -22.58780670 -1.06548536
2.25784802 -22.58780670 -1.12620652
2.33493280 -22.58780670 -0.96671283
2.39240384 -22.58780670 -0.85411966
2.37280536 -22.58780670 -0.62815684
2.37547946 -22.58780670 -0.51871729
2.46964741 -22.58780670 -0.33105895
2.49058557 -22.58780670 -0.19811258
2.43700814 -22.58780670 -0.12142594
2.36362219 -22.58780670 0.04475897
2.29479384 -22.58780670 0.23151568
2.23999715 -22.58780670 0.34980544
2.19723821 -22.58780670 0.40645263
2.15069962 -22.58780670 0.49658209
1.89040685 -22.58780670 0.79164726
1.99274993 -22.58780670 0.69216561
1.19395232 -22.58780670 0.65685540
0.82532847 -22.58780670 0.55988455
0.69945693 -22.58780670 0.52789491
0.62336659 -22.58780670 0.54524750
-0.02738343 -22.58780670 0.26826075
-0.28056353 -22.58780670 -0.07189239
-0.30155414 -22.58780670 -0.96215701
0.94971222 -22.58780670 -1.44541252
2.25414443 -22.58780670 -1.35322571
2.36887360 -22.58780670 -0.70567536
2.49261856 -22.58780670 -0.26730409
2.35179305 -22.58780670 0.15961774
2.04892993 -22.58780670 0.61425960
1.83714974 -22.58780670 0.86430645
1.75795817 -22.58780670 0.97248989
1.62608266 -22.58780670 0.90009964
