0.61481529 47.88069916 0.46097487
0.86915606 47.88069916 0.78131819
1.54053819 47.87070465 0.78099114
1.44305158 47.87070465 0.85392225
1.35067713 47.87070465 0.87568426
1.27087629 47.87070465 0.84984612
1.14138377 47.87070465 0.85854089
1.01259494 47.87070465 0.88563627
0.81475478 47.87070465 0.73717844
0.66581440 47.87070465 0.54319221
0.58105975 47.87070465 0.40120938
0.54135448 47.87070465 0.28348550
0.52189893 47.87070465 0.17159569
0.51688641 47.87070465 0.10528399
0.51443315 47.87070465 -0.05120914
0.48179439 47.87070465 -0.13617830
0.44895196 47.87070465 -0.30253747
0.43969315 47.87070465 -0.22723877
0.43349245 47.87070465 -0.42468414
0.41837978 47.87070465 -0.57618886
0.42861122 47.87070465 -0.72351938
0.43503782 47.87070465 -0.65794814
0.43636966 47.87070465 -0.85394198
0.43669617 47.87070465 -0.78463161
0.41241953 47.87070465 -1.04687929
0.41995215 47.87070465 -0.95712805
0.37872532 47.87070465 -1.28395367
0.38537532 47.87070465 -1.16981959
0.41231763 47.87070465 -1.35466242
0.46600887 47.87070465 -1.42856300
0.61795568 47.87070465 -1.45580482
0.53273058 47.87070465 -1.44793975
0.79196656 47.87070465 -1.45536518
0.70784348 47.87070465 -1.45216048
0.93461037 47.87070465 -1.46380830
0.86523223 47.87070465 -1.46144688
1.11584783 47.87070465 -1.47627926
1.04898250 47.87070465 -1.47196376
1.20165646 47.87070465 -1.47911966
1.27641141 47.87070465 -1.47747397
1.51623940 47.87070465 -1.47897708
1.41231537 47.87070465 -1.47730577
1.64281321 47.87070465 -1.48080325
1.83565104 47.87070465 -1.47364831
1.97957790 47.87070465 -1.45445275
2.11813641 47.87070465 -1.44953549
2.27020049 47.87070465 -1.43191743
2.44216275 47.87070465 -1.41337729
2.53678823 47.87070465 -1.38100278
2.57254601 47.87070465 -1.27343130
2.54890919 47.87070465 -1.05076873
2.59155226 47.87070465 -0.85617131
2.64706421 47.87070465 -0.69582933
2.63925362 47.87070465 -0.62483603
2.68238282 47.87070465 -0.26890579
2.62353063 47.87070465 -0.20882742
2.66358399 47.87070465 -0.07073888
2.67238092 47.87070465 0.07186262
2.70152903 47.87070465 0.21868126
2.65405989 47.87070465 0.30107042
2.59462571 47.87070465 0.38855687
2.54667234 47.87070465 0.46648932
2.47849774 47.87070465 0.54763895
2.37356663 47.87070465 0.61575991
2.25619626 47.87070465 0.62765312
2.18300080 47.87070465 0.66498959
2.07182837 47.87070465 0.68733275
1.97343802 47.87070465 0.70515585
1.87778795 47.87070465 0.69663411
1.73407459 47.87070465 0.72624248
1.67774761 47.87070465 0.81069696
1.80417728 47.87070465 0.71151489
2.72079372 47.87070465 0.13490336
2.58564091 47.87070465 -0.43239105
2.57979608 47.87070465 -0.76831669
1.77050328 47.87070465 -1.48123884
0.40452105 47.87070465 -0.49236521
0.53687596 47.87070465 0.00540094
0.52314872 47.87070465 0.35755801
0.73363966 47.87070465 0.64354211
0.92716610 47.87070465 0.83091146
