1.83470333 71.79019928 0.61348867
1.83182120 71.79019928 0.54677510
1.87578917 71.79019928 0.43279284
1.91018879 71.79019928 0.32559827
1.93703115 71.79019928 0.24046297
1.95642042 71.79019928 0.16557163
1.93422163 71.79019928 0.07428928
1.94901681 71.79019928 -0.01140375
2.02874827 71.79019928 -0.09372535
2.06952262 71.79019928 -0.20498815
2.08882451 71.79019928 -0.31431851
2.11950898 71.79019928 -0.40643907
2.12272191 71.79019928 -0.49700549
2.12163162 71.79019928 -0.58961070
2.15592408 71.79019928 -0.65750587
2.14923096 71.79019928 -0.77726918
2.15875149 71.79019928 -0.84193969
2.15839338 71.79019928 -0.91061538
2.16815424 71.79019928 -0.98348939
2.17097163 71.79019928 -1.06301141
2.17985773 71.79019928 -1.14297867
2.18435073 71.79019928 -1.23384655
2.19735098 71.79019928 -1.31677198
2.18842602 71.79019928 -1.39554012
2.17818952 71.79019928 -1.46763909
2.11415553 71.79019928 -1.49003446
1.97100365 71.79019928 -1.51180959
1.89500761 71.79019928 -1.53873777
1.82859766 71.79019928 -1.55682099
1.74395728 71.79019928 -1.56686330
1.68363667 71.79019928 -1.56716084
1.60129237 71.79019928 -1.57195723
1.50290322 71.79019928 -1.55232489
1.44018424 71.79019928 -1.54551339
1.32549536 71.79019928 -1.55528212
1.21078181 71.79019928 -1.55615199
1.10283267 71.79019928 -1.56092477
0.91795349 71.79019928 -1.56870639
0.84682113 71.79019928 -1.55943847
0.75270110 71.79019928 -1.56293190
0.63775188 71.79019928 -1.56084263
0.56520295 71.79019928 -1.56025362
0.42550710 71.79019928 -1.55286598
0.32541561 71.79019928 -1.54029489
0.08308219 71.79019928 -1.42811298
0.06175087 71.79019928 -1.30169213
0.07588956 71.79019928 -1.14288342
0.04660435 71.79019928 -1.02304804
0.03756458 71.79019928 -0.94485456
0.01812892 71.79019928 -0.82108015
-0.00403984 71.79019928 -0.71029305
-0.02946666 71.79019928 -0.62306470
-0.03056470 71.79019928 -0.51984996
-0.05382003 71.79019928 -0.33791929
-0.09015941 71.79019928 -0.24173288
-0.10894984 71.79019928 -0.12716837
-0.14545394 71.79019928 -0.02290669
-0.16799872 71.79019928 0.10869983
-0.18096396 71.79019928 0.24471106
-0.19487840 71.79019928 0.39444622
-0.16961978 71.79019928 0.54403007
-0.17381956 71.79019928 0.72643721
-0.07883237 71.79019928 0.83573472
0.08471863 71.79019928 0.84623319
0.25544369 71.79019928 0.80323833
0.41556779 71.79019928 0.78178495
0.53568357 71.79019928 0.78294599
0.64758533 71.79019928 0.76156622
0.76763105 71.79019928 0.76995015
0.87403744 71.79019928 0.76694721
0.96381527 71.79019928 0.76258630
1.14304614 71.79019928 0.74279755
1.25087070 71.79019928 0.74491930
1.33983326 71.79019928 0.71171761
1.45937872 71.79019928 0.70154703
1.52066076 71.79019928 0.67842311
1.58606076 71.79019928 0.66178513
1.66348565 71.79019928 0.63413876
0.19191918 71.79019928 -1.51067126
