0.75725168 -53.77715302 -1.40613413
2.26519251 -53.77715302 0.56392890
0.29351398 -53.77715302 0.02512143
0.28073427 -53.77715302 0.20359319
0.30712640 -53.77715302 0.37786546
0.43187898 -53.77715302 0.62299556
0.92156702 -53.77715302 0.74614960
1.62721121 -53.77715302 0.73546350
1.28038538 -53.78714752 0.82462764
2.17821956 -53.78714752 0.59347194
2.33730102 -53.78714752 0.54770064
2.29754186 -53.78714752 0.39788616
2.32606363 -53.78714752 0.23739980
2.35388017 -53.78714752 0.09065662
2.38183641 -53.78714752 -0.03984374
2.38514018 -53.78714752 -0.17806596
2.37799525 -53.78714752 -0.31808871
2.36305547 -53.78714752 -0.41999549
2.36742949 -53.78714752 -0.52829462
2.38127446 -53.78714752 -0.66076142
2.41522026 -53.78714752 -0.73341763
2.41106629 -53.78714752 -0.90849245
2.44484258 -53.78714752 -1.01748371
2.47719169 -53.78714752 -1.12958658
2.46535063 -53.78714752 -1.25145006
2.34046292 -53.78714752 -1.33481407
2.20377469 -53.78714752 -1.37284744
2.07489252 -53.78714752 -1.39056730
1.94953537 -53.78714752 -1.39669824
1.85422826 -53.78714752 -1.40698195
1.76425707 -53.78714752 -1.41037118
1.67924070 -53.78714752 -1.41377437
1.60580051 -53.78714752 -1.41593480
1.50666678 -53.78714752 -1.43388283
1.44200492 -53.78714752 -1.43921125
1.37884748 -53.78714752 -1.43974125
1.30492234 -53.78714752 -1.44027853
1.22762668 -53.78714752 -1.44495761
1.15733624 -53.78714752 -1.45507693
1.08995235 -53.78714752 -1.44837093
0.97683692 -53.78714752 -1.42627180
0.90741783 -53.78714752 -1.42012990
0.83246458 -53.78714752 -1.41702783
0.59216499 -53.78714752 -1.38608265
0.48564047 -53.78714752 -1.36259258
0.40191305 -53.78714752 -1.34550965
0.27064902 -53.78714752 -1.31093454
0.19761617 -53.78714752 -1.26587272
0.17661475 -53.78714752 -1.18805575
0.17066868 -53.78714752 -1.10557222
0.17504607 -53.78714752 -1.02423513
0.17181042 -53.78714752 -0.91926569
0.19419521 -53.78714752 -0.76563460
0.21645351 -53.78714752 -0.66495121
0.22712053 -53.78714752 -0.56555593
0.24440324 -53.78714752 -0.46320757
0.25223559 -53.78714752 -0.35186845
0.24836251 -53.78714752 -0.17543559
0.29768407 -53.78714752 -0.03942946
0.27441454 -53.78714752 0.13528582
0.29482019 -53.78714752 0.29902360
0.32143763 -53.78714752 0.48705724
0.36938784 -53.78714752 0.58457094
0.58124375 -53.78714752 0.67075473
0.72562981 -53.78714752 0.69475609
1.15874469 -53.78714752 0.81832260
0.69526088 -53.78714752 -1.39833438
0.26046741 -53.78714752 -0.26070404
0.51209313 -53.78714752 0.66472650
