2.31432843 -26.99771881 0.19162987
0.11986511 -26.99771881 0.40833685
1.18841231 -27.00771332 0.59709674
1.25794661 -27.00771332 0.61870533
1.32727623 -27.00771332 0.65102839
1.46486032 -27.00771332 0.66902834
1.66362286 -27.00771332 0.66831344
1.75672495 -27.00771332 0.67550576
1.91232634 -27.00771332 0.65468568
2.02602744 -27.00771332 0.59806657
2.11619353 -27.00771332 0.53646767
2.14019251 -27.00771332 0.38426575
2.23408246 -27.00771332 0.29479346
2.26925826 -27.00771332 0.24489176
2.37874365 -27.00771332 0.07959182
2.44692755 -27.00771332 -0.03106918
2.49470115 -27.00771332 -0.11291078
2.51669240 -27.00771332 -0.22006837
2.51380658 -27.00771332 -0.34402901
2.53089905 -27.00771332 -0.44583705
2.52803540 -27.00771332 -0.58662522
2.50438833 -27.00771332 -0.70404202
2.51214290 -27.00771332 -0.79328918
2.49400616 -27.00771332 -0.85804302
2.51172757 -27.00771332 -1.03517425
2.49381948 -27.00771332 -1.12962496
2.45781851 -27.00771332 -1.18986893
2.41815925 -27.00771332 -1.35642874
2.38883042 -27.00771332 -1.40905046
2.30958891 -27.00771332 -1.43680453
2.16441441 -27.00771332 -1.44250572
2.02950549 -27.00771332 -1.43318009
1.92210293 -27.00771332 -1.43963742
1.82264280 -27.00771332 -1.44713855
1.72661257 -27.00771332 -1.43990231
1.64735949 -27.00771332 -1.42806649
1.55407834 -27.00771332 -1.43974268
1.48554695 -27.00771332 -1.44286621
1.41561985 -27.00771332 -1.44451869
1.23860776 -27.00771332 -1.42895293
1.12462223 -27.00771332 -1.43328047
1.03696799 -27.00771332 -1.43793631
0.95140922 -27.00771332 -1.43709517
0.85608250 -27.00771332 -1.43767834
0.75032622 -27.00771332 -1.43670583
0.62100625 -27.00771332 -1.44182634
0.48584014 -27.00771332 -1.43437839
0.42552364 -27.00771332 -1.40264845
0.36077419 -27.00771332 -1.32645965
0.26824981 -27.00771332 -1.17977405
0.26750565 -27.00771332 -1.10640109
0.25426641 -27.00771332 -1.00526237
0.27090821 -27.00771332 -0.90162480
0.27216816 -27.00771332 -0.83544779
0.27764422 -27.00771332 -0.76864773
0.27150369 -27.00771332 -0.66986668
0.26216447 -27.00771332 -0.60332674
0.19737940 -27.00771332 -0.49182341
0.18804604 -27.00771332 -0.39837372
0.17065358 -27.00771332 -0.31322244
0.20402351 -27.00771332 -0.25432959
0.16501424 -27.00771332 -0.18952534
0.08990831 -27.00771332 -0.00803577
0.07614557 -27.00771332 0.05503181
0.06890477 -27.00771332 0.14873837
0.05608117 -27.00771332 0.22136062
0.08162834 -27.00771332 0.28758159
0.07845471 -27.00771332 0.36437699
0.18993936 -27.00771332 0.42245129
0.36545932 -27.00771332 0.47029936
0.56708002 -27.00771332 0.58766943
0.62913954 -27.00771332 0.59700304
0.71448314 -27.00771332 0.58075774
0.80917364 -27.00771332 0.57211548
1.00103843 -27.00771332 0.62968749
1.06627214 -27.00771332 0.66209215
1.59108043 -27.00771332 0.68708450
1.82452083 -27.00771332 0.68676406
1.33935726 -27.00771332 -1.44339561
0.30075648 -27.00771332 -1.25956631
0.12364955 -27.00771332 -0.10271965
0.43834776 -27.00771332 0.57830757
0.87764645 -27.00771332 0.62352490
