0.69179940 -67.03687286 -1.43226707
1.11509097 -67.03687286 -1.47324562
1.31422126 -67.03687286 -1.48282874
0.33619186 -67.03687286 0.25753561
1.22637463 -67.04686737 0.61842191
1.14118993 -67.04686737 0.58957136
1.07231188 -67.04686737 0.58808726
0.97619879 -67.04686737 0.60717297
0.87049007 -67.04686737 0.64274192
0.78652054 -67.04686737 0.65556079
0.71021676 -67.04686737 0.60332078
0.64969450 -67.04686737 0.55841964
0.59436584 -67.04686737 0.50647408
0.52070624 -67.04686737 0.43804970
0.45177528 -67.04686737 0.39144382
0.37187216 -67.04686737 0.31459054
0.29208463 -67.04686737 0.21625710
0.21743198 -67.04686737 0.11939581
0.20184267 -67.04686737 0.05513156
0.16824666 -67.04686737 -0.02898175
0.13096812 -67.04686737 -0.17820239
0.15261750 -67.04686737 -0.11534593
0.13465759 -67.04686737 -0.33446038
0.14161046 -67.04686737 -0.26647478
0.14828877 -67.04686737 -0.46972683
0.15039510 -67.04686737 -0.39548737
0.16167493 -67.04686737 -0.54500818
0.20464548 -67.04686737 -0.76700461
0.19894624 -67.04686737 -0.67126590
0.20599948 -67.04686737 -0.84665966
0.30532461 -67.04686737 -1.04237366
0.21554318 -67.04686737 -0.93836814
0.34345672 -67.04686737 -1.17562532
0.43339634 -67.04686737 -1.31799579
0.34356558 -67.04686737 -1.24253547
0.63356793 -67.04686737 -1.41272771
0.50835091 -67.04686737 -1.36687386
0.77979183 -67.04686737 -1.45323408
0.91917092 -67.04686737 -1.47489095
1.05391455 -67.04686737 -1.46987319
1.47010541 -67.04686737 -1.47894967
1.60776246 -67.04686737 -1.48423791
1.77237260 -67.04686737 -1.45768523
1.91228473 -67.04686737 -1.46701396
2.08923101 -67.04686737 -1.44741309
2.22082734 -67.04686737 -1.42036092
2.28708959 -67.04686737 -1.41360235
2.41293812 -67.04686737 -1.08265531
2.37384629 -67.04686737 -1.30038619
2.41189551 -67.04686737 -0.99830014
2.39457273 -67.04686737 -0.80350906
2.41398311 -67.04686737 -0.90415144
2.43206596 -67.04686737 -0.68527186
2.40277886 -67.04686737 -0.74042344
2.46512723 -67.04686737 -0.56851840
2.44124651 -67.04686737 -0.62553293
2.46940351 -67.04686737 -0.50817543
2.44899774 -67.04686737 -0.38155708
2.45955539 -67.04686737 -0.27517891
2.43090296 -67.04686737 -0.15329792
2.41983891 -67.04686737 -0.02400707
2.41077542 -67.04686737 0.08394007
2.38535690 -67.04686737 0.22510071
2.33859253 -67.04686737 0.33961368
2.31594348 -67.04686737 0.41994533
2.08100438 -67.04686737 0.64011049
1.96188235 -67.04686737 0.65747070
1.81820047 -67.04686737 0.73607254
1.73018086 -67.04686737 0.77480632
1.63081789 -67.04686737 0.77707690
1.54035771 -67.04686737 0.75796974
1.38311946 -67.04686737 0.66660416
1.32016361 -67.04686737 0.65696365
1.24938929 -67.04686737 -1.48496103
2.36442399 -67.04686737 -1.39117539
2.30292487 -67.04686737 0.54981673
2.32333922 -67.04686737 0.65179205
2.24784994 -67.04686737 0.67097294
