1.00209439 61.66040802 -1.49160147
0.87755162 61.66040802 -1.50181437
2.22353745 61.66040802 0.01348360
1.09839332 61.65041351 0.56284636
1.18243670 61.65041351 0.53271496
1.24443102 61.65041351 0.54041147
1.36525869 61.65041351 0.52369326
1.46516633 61.65041351 0.51305968
1.53757560 61.65041351 0.54802591
1.66021574 61.65041351 0.50865459
1.86996603 61.65041351 0.49913660
1.94910502 61.65041351 0.47148070
1.99703789 61.65041351 0.43332750
2.04468298 61.65041351 0.33760557
2.05697608 61.65041351 0.27079767
2.15229249 61.65041351 0.14881414
2.20671892 61.65041351 0.08118607
2.23367310 61.65041351 -0.17320889
2.19849467 61.65041351 -0.32768199
2.19674325 61.65041351 -0.42751917
2.16422796 61.65041351 -0.63563120
2.16686296 61.65041351 -0.70567751
2.16010427 61.65041351 -0.78395694
2.16434765 61.65041351 -0.84879833
2.15415072 61.65041351 -0.97238851
2.16142106 61.65041351 -1.06852555
2.16801476 61.65041351 -1.15853095
2.17572165 61.65041351 -1.29723775
2.15033817 61.65041351 -1.38742650
1.99557984 61.65041351 -1.47174692
1.88874519 61.65041351 -1.48072255
1.82481873 61.65041351 -1.48322916
1.69510353 61.65041351 -1.49545622
1.62504768 61.65041351 -1.50079310
1.54918909 61.65041351 -1.50972939
1.39483917 61.65041351 -1.48386383
1.24496102 61.65041351 -1.48749363
1.18297577 61.65041351 -1.49170291
1.09324110 61.65041351 -1.49030030
0.93897837 61.65041351 -1.49584997
0.81625444 61.65041351 -1.50756800
0.74271375 61.65041351 -1.51112580
0.65581304 61.65041351 -1.51116741
0.54032934 61.65041351 -1.50350273
0.42326716 61.65041351 -1.48113799
0.30085003 61.65041351 -1.47396672
0.21847670 61.65041351 -1.45143664
0.15306711 61.65041351 -1.42846799
0.12169261 61.65041351 -1.31045687
0.13821667 61.65041351 -1.24058926
0.16171204 61.65041351 -1.13435912
0.13343206 61.65041351 -1.04101253
0.12307464 61.65041351 -0.96079373
0.11481070 61.65041351 -0.89607370
0.11089945 61.65041351 -0.83226728
0.10329211 61.65041351 -0.76984429
0.08016101 61.65041351 -0.54550320
0.07584208 61.65041351 -0.47683513
0.11619937 61.65041351 -0.42878470
0.10474316 61.65041351 -0.36236492
0.09661733 61.65041351 -0.27225992
0.10828514 61.65041351 -0.11274317
0.09464417 61.65041351 -0.02866405
0.07718829 61.65041351 0.06881947
0.13860273 61.65041351 0.13864709
0.29053631 61.65041351 0.35678372
0.37936896 61.65041351 0.43239588
0.46084487 61.65041351 0.46288779
0.51710463 61.65041351 0.48692364
0.59932387 61.65041351 0.50963408
0.69826406 61.65041351 0.54339707
0.75439018 61.65041351 0.57772583
0.82093811 61.65041351 0.57216287
0.90630013 61.65041351 0.56578851
0.96583551 61.65041351 0.54548019
1.03707409 61.65041351 0.54681545
1.76732588 61.65041351 0.49848327
2.26607633 61.65041351 -0.09862397
2.22013474 61.65041351 -0.26131666
2.22549319 61.65041351 -0.57829779
2.10996246 61.65041351 -1.45204437
1.30625057 61.65041351 -1.48701000
0.09436756 61.65041351 -0.67951989
0.07954223 61.65041351 -0.18823111
0.11205721 61.65041351 0.19602053
0.19961593 61.65041351 0.29557347
