1.95879209 20.84127045 0.60178751
1.86884367 20.84127045 0.76843405
-3.19103622 20.84127045 -0.52093500
-3.08612633 20.84127045 -0.40762472
-3.54544759 20.84127045 -0.50414008
-3.55061722 20.84127045 -0.38917738
-2.96389437 20.84127045 -0.45558995
0.07058232 20.83127594 -0.69378239
0.02240319 20.83127594 -0.61651409
0.06029619 20.83127594 -0.81245035
0.05811638 20.83127594 -0.89112884
0.03543771 20.83127594 -0.98131001
0.05665191 20.83127594 -1.05859780
0.06609263 20.83127594 -1.15502906
0.08919638 20.83127594 -1.29452097
0.15047367 20.83127594 -1.31148207
0.28568891 20.83127594 -1.30945861
0.52501637 20.83127594 -1.36158502
0.60759270 20.83127594 -1.36240244
0.68412822 20.83127594 -1.36537814
0.84618872 20.83127594 -1.37520266
0.96482027 20.83127594 -1.37758350
1.03984511 20.83127594 -1.37579894
1.24247897 20.83127594 -1.37338221
1.13327110 20.83127594 -1.37115443
1.41027808 20.83127594 -1.39352858
1.32823586 20.83127594 -1.37348473
1.51902664 20.83127594 -1.38795424
1.65613759 20.83127594 -1.37948942
1.58619595 20.83127594 -1.38840592
1.71949494 20.83127594 -1.36818075
1.90431213 20.83127594 -1.37015402
1.83299875 20.83127594 -1.38219905
1.98700535 20.83127594 -1.32672989
2.01410651 20.83127594 -1.20131326
2.15785670 20.83127594 -1.13877010
2.12960768 20.83127594 -1.19733965
2.34985709 20.83127594 -0.84337175
2.31596327 20.83127594 -0.91002363
2.32967281 20.83127594 -0.74501997
2.35623884 20.83127594 -0.65804988
2.45522308 20.83127594 -0.47254235
2.44421721 20.83127594 -0.15284181
2.45445514 20.83127594 -0.23761001
2.43765092 20.83127594 -0.06295087
2.11727834 20.83127594 0.32004890
2.11701083 20.83127594 0.43015191
2.07424784 20.83127594 0.52477378
1.97650659 20.83127594 0.53427821
1.97878885 20.83127594 0.69975233
1.93012214 20.83127594 0.74516392
1.67483890 20.83127594 0.77246326
1.74492264 20.83127594 0.76711690
1.53265703 20.83127594 0.78459305
1.46974671 20.83127594 0.77845103
1.31720006 20.83127594 0.76612699
1.13921416 20.83127594 0.76500422
1.24941373 20.83127594 0.76218659
1.07207215 20.83127594 0.74922067
0.95726866 20.83127594 0.75850695
0.86329699 20.83127594 0.68776536
0.74551338 20.83127594 0.65098131
0.50583822 20.83127594 0.58457965
0.32824329 20.83127594 0.60153407
0.23494133 20.83127594 0.51757765
0.12963006 20.83127594 0.49851239
0.06928580 20.83127594 0.40958339
-0.01345151 20.83127594 0.39660478
-0.02779525 20.83127594 0.32512924
0.40994900 20.83127594 -1.33329296
0.35429940 20.83127594 -1.30520630
0.39173007 20.83127594 0.58933443
0.58617419 20.83127594 0.58251905
0.67299259 20.83127594 0.61566794
2.31005573 20.83127594 0.31117204
2.41102886 20.83127594 0.30627537
2.46414733 20.83127594 0.04946988
2.47747350 20.83127594 -0.34764573
2.44107199 20.83127594 -0.56345272
2.24602056 20.83127594 -1.04399884
-3.02590227 20.83127594 -0.44946286
-3.28837371 20.83127594 -0.40763423
-3.29015565 20.83127594 -0.51459688
-3.41312242 20.83127594 -0.41599643
-3.44165468 20.83127594 -0.49348763
-0.25974861 20.83127594 -0.05186401
-0.22526173 20.83127594 -0.13035607
-0.23275256 20.83127594 -0.23826733
-0.20309155 20.83127594 -0.29151258
-0.24681544 20.83127594 -0.36076784
-0.11919934 20.83127594 -0.41172233
-0.08325081 20.83127594 -0.46652564
-0.33104736 20.83127594 0.17884465
-0.32841584 20.83127594 0.11129997
-0.29261512 20.83127594 0.04748229
-0.16920397 20.83127594 0.00351440
-3.56933594 20.83349991 -0.44750980
