-0.04157795 55.68053436 -0.48719954
0.30683139 55.68053436 0.47315362
0.44079417 55.68053436 0.49458677
0.50783402 55.67053986 0.49436241
0.37039626 55.67053986 0.48938680
0.23761199 55.67053986 0.45622712
0.10360257 55.67053986 0.40478665
0.05521457 55.67053986 0.31627470
0.01259530 55.67053986 0.18987115
0.04569484 55.67053986 0.24587032
-0.03118577 55.67053986 0.10601504
-0.07045557 55.67053986 0.02577396
-0.09268915 55.67053986 -0.06405191
-0.07683726 55.67053986 -0.15953280
-0.07276094 55.67053986 -0.25944158
-0.05686115 55.67053986 -0.33686748
-0.05122908 55.67053986 -0.42515048
-0.04669789 55.67053986 -0.54874533
-0.03824397 55.67053986 -0.62417984
-0.03768835 55.67053986 -0.69187802
-0.09259944 55.67053986 -0.89368755
-0.11418864 55.67053986 -0.99104536
-0.12457523 55.67053986 -1.11131859
-0.08967277 55.67053986 -1.21227360
-0.10352171 55.67053986 -1.29113734
-0.04482354 55.67053986 -1.36538815
0.06347662 55.67053986 -1.46589959
0.13574834 55.67053986 -1.47190762
0.23963150 55.67053986 -1.49127507
0.34534132 55.67053986 -1.48703754
0.45783699 55.67053986 -1.49654937
0.57435793 55.67053986 -1.51021600
0.64914709 55.67053986 -1.51671100
0.73518384 55.67053986 -1.51421380
0.81835914 55.67053986 -1.50636923
0.90300864 55.67053986 -1.49509299
1.04135144 55.67053986 -1.47930753
1.12368536 55.67053986 -1.48122835
1.26282394 55.67053986 -1.48129034
1.45315611 55.67053986 -1.47540712
1.52345657 55.67053986 -1.48770177
1.64813936 55.67053986 -1.50370908
1.77441394 55.67053986 -1.48273301
1.97978091 55.67053986 -1.46727908
2.10096097 55.67053986 -1.23400068
2.09038305 55.67053986 -1.08921158
2.05786705 55.67053986 -0.94785285
2.09555268 55.67053986 -0.78342098
2.05208278 55.67053986 -0.61288697
2.05248976 55.67053986 -0.41226810
2.06334710 55.67053986 -0.28328177
2.06302142 55.67053986 -0.17061861
2.07002807 55.67053986 -0.05102094
2.03632236 55.67053986 0.04538208
2.00118899 55.67053986 0.18728711
1.92954671 55.67053986 0.28471380
1.84074795 55.67053986 0.39756042
1.63152540 55.67053986 0.41178742
1.72061622 55.67053986 0.41332299
1.38662386 55.67053986 0.40177214
1.25712049 55.67053986 0.43333247
1.10943103 55.67053986 0.44931278
1.02212954 55.67053986 0.44957918
0.91026694 55.67053986 0.47091034
0.79601002 55.67053986 0.49051523
0.71162111 55.67053986 0.50559771
0.62436461 55.67053986 0.49793330
1.18607605 55.67053986 0.44763508
1.52540910 55.67053986 0.41101640
1.89279377 55.67053986 0.33263743
2.05126524 55.67053986 -0.70738304
2.14328432 55.67053986 -1.42371571
1.35985506 55.67053986 -1.48230922
-0.01058700 55.67053986 -1.44382882
-0.06731219 55.67053986 -0.80047953
0.15084398 55.67053986 0.45822474
