0.64690858 -10.09807587 0.33648980
0.09293522 -10.09807587 -0.36838189
0.37142700 -10.09807587 -1.34997761
1.34528053 -10.10807037 0.49442112
1.09345400 -10.10807037 0.45744872
1.16552246 -10.10807037 0.48447573
1.01717174 -10.10807037 0.44929537
0.87354028 -10.10807037 0.41448364
0.81416321 -10.10807037 0.39156139
0.70581913 -10.10807037 0.35398924
0.58869195 -10.10807037 0.32533321
0.46370769 -10.10807037 0.29844329
0.53633529 -10.10807037 0.29371127
0.39776334 -10.10807037 0.24247448
0.35679942 -10.10807037 0.18869495
0.26057819 -10.10807037 0.14763130
0.24812126 -10.10807037 0.07824224
0.22659248 -10.10807037 -0.08454826
0.21477488 -10.10807037 -0.00276824
0.16163471 -10.10807037 -0.20817491
0.17217478 -10.10807037 -0.14410104
0.11674716 -10.10807037 -0.27692309
0.08113158 -10.10807037 -0.42788756
0.09651960 -10.10807037 -0.49076658
0.06359933 -10.10807037 -0.68066186
0.08303996 -10.10807037 -0.56679797
0.09082225 -10.10807037 -0.81430280
0.07593689 -10.10807037 -0.88936752
0.08385698 -10.10807037 -0.99040943
0.10496160 -10.10807037 -1.16244745
0.09846635 -10.10807037 -1.09086800
0.14339083 -10.10807037 -1.27425241
0.21889532 -10.10807037 -1.31004965
0.30942729 -10.10807037 -1.33794534
0.44856319 -10.10807037 -1.36110294
0.57185662 -10.10807037 -1.37624145
0.68054718 -10.10807037 -1.38084292
0.77520287 -10.10807037 -1.38670480
0.85247093 -10.10807037 -1.39920771
0.92825377 -10.10807037 -1.41096687
0.99914819 -10.10807037 -1.40416455
1.07857323 -10.10807037 -1.39959848
1.15590310 -10.10807037 -1.40536809
1.23492527 -10.10807037 -1.40972793
1.31210804 -10.10807037 -1.41386342
1.38971019 -10.10807037 -1.41725993
1.46596825 -10.10807037 -1.41256380
1.54840255 -10.10807037 -1.41343641
1.62685442 -10.10807037 -1.40805948
1.71946824 -10.10807037 -1.41463661
1.80681777 -10.10807037 -1.41678262
1.90658343 -10.10807037 -1.41181815
2.08424330 -10.10807037 -1.40862608
2.02425551 -10.10807037 -1.41037595
2.21256948 -10.10807037 -1.39323866
2.14718151 -10.10807037 -1.39570761
2.33321619 -10.10807037 -1.34484851
2.27521777 -10.10807037 -1.36985052
2.41575050 -10.10807037 -1.28488529
2.44647479 -10.10807037 -1.22609651
2.47667170 -10.10807037 -1.14355695
2.44694519 -10.10807037 -1.07876301
2.43253732 -10.10807037 -0.92140651
2.42055750 -10.10807037 -0.99214756
2.47908497 -10.10807037 -0.77417624
2.43970871 -10.10807037 -0.83808416
2.46869254 -10.10807037 -0.56438845
2.46809530 -10.10807037 -0.14294149
2.46847987 -10.10807037 -0.35336435
2.44998002 -10.10807037 0.02837923
2.45031953 -10.10807037 -0.03517929
2.40047193 -10.10807037 0.11050315
2.35255384 -10.10807037 0.18482818
2.32400393 -10.10807037 0.24947508
2.19895959 -10.10807037 0.29640049
2.03895831 -10.10807037 0.34284467
1.85959911 -10.10807037 0.34885988
1.97420788 -10.10807037 0.35597485
1.71941197 -10.10807037 0.41654783
1.56480956 -10.10807037 0.48637280
1.63119686 -10.10807037 0.46506602
1.42467642 -10.10807037 0.48752955
1.24372065 -10.10807037 0.49513769
2.48695827 -10.10807037 -0.41227210
2.46165490 -10.10807037 -0.48308668
2.49866152 -10.10807037 -0.69257689
0.06366098 -10.10807037 -0.74286652
