0.52520305 -58.19705963 0.63993913
0.25339848 -58.19705963 0.36832073
0.01148349 -58.19705963 -0.11230520
-0.04396683 -58.19705963 -0.23975642
-0.11154021 -58.19705963 -0.38349345
2.32526517 -58.19705963 0.58064020
2.07137084 -58.19705963 0.57883912
0.45668259 -58.20705414 0.64693224
0.38489076 -58.20705414 0.66490871
0.33193210 -58.20705414 0.54937822
0.32080951 -58.20705414 0.47084549
0.21699023 -58.20705414 0.31419963
0.16365407 -58.20705414 0.20114525
0.17511694 -58.20705414 0.07769324
0.11249720 -58.20705414 0.01061412
0.06391116 -58.20705414 -0.05144802
-0.01607912 -58.20705414 -0.17168424
-0.06692541 -58.20705414 -0.30547008
-0.12953919 -58.20705414 -0.45463464
-0.16438350 -58.20705414 -0.60119146
-0.15796505 -58.20705414 -0.53705162
-0.20425351 -58.20705414 -0.77310133
-0.17991832 -58.20705414 -0.69548196
-0.17001361 -58.20705414 -0.93756145
-0.18718947 -58.20705414 -0.85927665
-0.09085262 -58.20705414 -1.13666201
-0.13030986 -58.20705414 -1.07297218
-0.05115224 -58.20705414 -1.19504619
-0.01859026 -58.20705414 -1.24814987
0.09599762 -58.20705414 -1.35286450
0.03455302 -58.20705414 -1.32398021
0.23912042 -58.20705414 -1.38396847
0.42485562 -58.20705414 -1.40547311
0.33975101 -58.20705414 -1.39724874
0.58576673 -58.20705414 -1.42331910
0.49984848 -58.20705414 -1.40665495
0.66263413 -58.20705414 -1.42344499
0.86004031 -58.20705414 -1.43285728
0.77883017 -58.20705414 -1.42784762
0.93438482 -58.20705414 -1.43971944
1.20931518 -58.20705414 -1.47631133
1.12548757 -58.20705414 -1.45913434
1.27064371 -58.20705414 -1.48085487
1.46960318 -58.20705414 -1.48040926
1.38742900 -58.20705414 -1.48412097
1.53236496 -58.20705414 -1.46986568
1.73285019 -58.20705414 -1.44105816
1.65425026 -58.20705414 -1.45492017
1.86656499 -58.20705414 -1.43889236
1.79392838 -58.20705414 -1.44279528
1.93189979 -58.20705414 -1.43248308
2.11910605 -58.20705414 -1.40594399
2.05010223 -58.20705414 -1.42411327
2.18946624 -58.20705414 -1.38391066
2.23828340 -58.20705414 -1.34160948
2.32223988 -58.20705414 -1.13607419
2.29864979 -58.20705414 -1.19773221
2.32252097 -58.20705414 -1.06975818
2.35747123 -58.20705414 -0.94827002
2.45822883 -58.20705414 -0.75276989
2.47380686 -58.20705414 -0.66264504
2.45211077 -58.20705414 -0.53458488
2.45147586 -58.20705414 -0.41027942
2.43507195 -58.20705414 -0.32654837
2.42237377 -58.20705414 -0.22935365
2.44203210 -58.20705414 -0.07035585
2.46247435 -58.20705414 0.02188952
2.44696498 -58.20705414 0.13232587
2.44549227 -58.20705414 0.24863325
2.44941998 -58.20705414 0.35418665
2.42862821 -58.20705414 0.46207821
2.38562012 -58.20705414 0.56472623
2.23728204 -58.20705414 0.59133482
1.88314998 -58.20705414 0.56412858
1.82406580 -58.20705414 0.57541114
1.64517772 -58.20705414 0.57911551
1.58460760 -58.20705414 0.58946604
1.47413909 -58.20705414 0.60185218
1.32123613 -58.20705414 0.54695445
0.89595711 -58.20705414 0.63603979
1.02087343 -58.20705414 0.62634343
1.25726008 -58.20705414 0.61330384
1.13973439 -58.20705414 0.61961049
0.82036400 -58.20705414 0.63993007
0.75118196 -58.20705414 0.64378303
0.64259505 -58.20705414 0.65009677
-0.15970089 -58.20705414 -1.00023210
1.04619980 -58.20705414 -1.44202840
2.43055701 -58.20705414 -0.82779318
1.75557828 -58.20705414 0.56520766
1.37228656 -58.20705414 0.58506030
