1.76905406 21.36125946 -1.36710978
-1.11666214 21.36125946 -1.36193037
-1.79253697 21.36125946 0.49218392
-2.02922845 21.36125946 0.49249208
-1.94061351 21.36125946 -1.39947474
-2.83648467 21.36125946 -1.43534219
-3.13295627 21.36125946 0.51978576
-3.10006666 21.36125946 -1.42896986
-3.62710238 21.36125946 -1.28861260
-4.02931690 21.36125946 0.48754272
-0.71707612 21.36125946 0.54070288
-0.03219175 21.35126495 0.63554251
-0.11085752 21.35126495 0.62736905
-0.20554277 21.35126495 0.61777121
-0.29938459 21.35126495 0.60849804
-0.39458513 21.35126495 0.59837282
-0.55560970 21.35126495 0.50845730
-0.50368315 21.35126495 0.58634710
-0.47145453 21.35126495 -1.41448963
-0.57986283 21.35126495 -1.41906536
-0.39626291 21.35126495 -1.41163695
-0.30776620 21.35126495 -1.40361714
-0.19243592 21.35126495 -1.31903064
-0.08906784 21.35126495 -1.33785164
0.07039652 21.35126495 -1.36571944
0.16438234 21.35126495 -1.38231182
0.26101017 21.35126495 -1.39040256
0.34109101 21.35126495 -1.38810372
0.45449391 21.35126495 -1.38066316
0.54914606 21.35126495 -1.36815381
0.65573734 21.35126495 -1.35273278
0.76274842 21.35126495 -1.35266054
0.90944976 21.35126495 -1.35081828
1.02082980 21.35126495 -1.34004641
1.20631933 21.35126495 -1.34191704
1.38404739 21.35126495 -1.34548581
1.71048188 21.35126495 -1.37646818
1.47264564 21.35126495 -1.35380197
1.98190975 21.35126495 -1.33672678
2.25059295 21.35126495 -1.27295864
2.04786229 21.35126495 -1.33053708
2.41960597 21.35126495 -1.16502559
2.31073833 21.35126495 -1.24616122
2.58579540 21.35126495 -0.99611259
2.81929493 21.35126495 -0.80841559
2.66356111 21.35126495 -0.95084637
3.02633929 21.35126495 -0.34283355
2.95961308 21.35126495 -0.62367636
3.03915071 21.35126495 -0.00807085
3.00325489 21.35126495 -0.17615028
3.05564094 21.35126495 0.12102035
2.99855471 21.35126495 0.27867043
3.06482339 21.35126495 0.24325933
2.86923432 21.35126495 0.66580641
2.99910593 21.35126495 0.35664967
2.84945846 21.35126495 0.82242441
2.84778285 21.35126495 0.74191022
2.62644935 21.35126495 0.91726607
2.77858186 21.35126495 0.86447835
2.03884482 21.35126495 0.82675004
2.50305057 21.35126495 0.91658866
1.87365448 21.35126495 0.76033294
1.46720552 21.35126495 0.70911700
1.32017398 21.35126495 0.74351126
1.15898490 21.35126495 0.76906419
0.98302901 21.35126495 0.72763401
0.79984403 21.35126495 0.66996562
0.70353252 21.35126495 0.70647651
0.59814382 21.35126495 0.69776332
0.32773340 21.35126495 0.58746934
0.47959706 21.35126495 0.68675381
0.27557516 21.35126495 0.66591203
0.20608929 21.35126495 0.65637577
0.09676053 21.35126495 0.64214128
2.91621709 21.35126495 -0.76156014
3.01572847 21.35126495 -0.28316998
-0.98938370 21.35126495 -1.35427511
-1.23909938 21.35126495 -1.33685207
-1.05859399 21.35126495 0.57643723
-1.25462925 21.35126495 0.54386622
-1.34000754 21.35126495 0.52992892
-1.46930718 21.35126495 0.47965840
-1.32457924 21.35126495 -1.34412694
-1.60587621 21.35126495 0.47405747
-1.53359258 21.35126495 -1.36176717
-1.66892076 21.35126495 -1.37623823
-1.87680948 21.35126495 0.49045670
-1.82443523 21.35126495 -1.39384067
-1.94954848 21.35126495 0.48848739
-2.00033283 21.35126495 -1.39339578
-2.16086531 21.35126495 0.47650099
-2.09418654 21.35126495 -1.39478838
-2.27295804 21.35126495 0.50738406
-2.27740955 21.35126495 -1.41103899
-2.40022421 21.35126495 -1.40886486
-2.38585806 21.35126495 0.52660733
-2.52066660 21.35126495 -1.42240739
-2.61285067 21.35126495 0.53352475
-2.67153430 21.35126495 -1.43003047
-2.68574429 21.35126495 0.53606325
-2.93997073 21.35126495 0.52895653
-2.95650411 21.35126495 -1.43402719
-3.03877640 21.35126495 -1.43273890
-3.21383429 21.35126495 0.52942890
-3.25167727 21.35126495 -1.41753614
-3.40912414 21.35126495 0.63666147
-3.44559145 21.35126495 -1.35939920
-3.52983809 21.35126495 -1.33655119
-3.48739195 21.35126495 0.68144816
-3.71509528 21.35126495 -1.24508250
-3.77182913 21.35126495 -1.00177062
-3.54954982 21.35126495 0.71030802
-3.73594713 21.35126495 0.72567719
-3.77835202 21.35126495 -0.93997520
-3.75885558 21.35126495 -1.12760317
-3.82251430 21.35126495 0.68347883
-3.80496097 21.35126495 0.48023742
-3.96501327 21.35126495 0.27695426
-3.93955612 21.35126495 0.16143627
-3.93842173 21.35126495 0.05819329
-3.92189407 21.35126495 -0.07576898
-3.90989327 21.35126495 -0.14730658
-3.90080690 21.35126495 -0.24911609
-3.87399173 21.35126495 -0.55761492
-3.84853244 21.35126495 -0.64462173
-3.78886914 21.35126495 -0.78980511
-3.84331965 21.35126495 -0.42913586
-3.96276498 21.35126495 0.51210350
-0.87398940 21.35126495 -1.31140411
-0.66608149 21.35126495 -1.42133999
-0.80248386 21.35126495 0.54371643
-0.65092468 21.35126495 0.52125078
