1.13847780 -25.43775177 0.65911776
0.18634711 -25.43775177 0.28415889
0.15119158 -25.43775177 -0.06814874
0.41084772 -25.43775177 -1.45845318
1.29568589 -25.43775177 0.66238171
0.98282909 -25.43775177 0.61521226
0.73241109 -25.43775177 0.61578429
0.51868969 -25.43775177 0.55606133
1.87977052 -25.44774628 0.70389026
1.59150612 -25.44774628 -1.42555118
1.49767339 -25.44774628 -1.42896473
1.41977668 -25.44774628 -1.42140484
1.34320533 -25.44774628 -1.42848241
1.24359977 -25.44774628 -1.42393100
1.13259852 -25.44774628 -1.43195462
1.00425363 -25.44774628 -1.43915975
0.85896331 -25.44774628 -1.44260645
0.69870812 -25.44774628 -1.44479442
0.47402894 -25.44774628 -1.46249402
0.23229536 -25.44774628 -1.44543242
0.11641625 -25.44774628 -1.38842475
0.11411694 -25.44774628 -1.30954444
0.10274661 -25.44774628 -1.17744243
0.07422536 -25.44774628 -1.00564420
0.09748928 -25.44774628 -0.86048269
0.10986785 -25.44774628 -0.70913702
0.14026213 -25.44774628 -0.52798718
0.11600886 -25.44774628 -0.37576196
0.11586541 -25.44774628 -0.22358717
0.14429493 -25.44774628 -0.13179952
0.15607591 -25.44774628 0.12100936
0.16593872 -25.44774628 0.20553461
0.25368053 -25.44774628 0.42815754
0.27145788 -25.44774628 0.50427139
0.43842918 -25.44774628 0.53975719
0.66792333 -25.44774628 0.60135633
1.21312165 -25.44774628 0.66397876
1.97424591 -25.44774628 0.63342100
1.70533860 -25.44774628 0.75025374
1.58866203 -25.44774628 0.71596736
1.51853561 -25.44774628 0.69885403
1.40497148 -25.44774628 0.66395378
1.07873154 -25.44774628 0.63302946
0.91546416 -25.44774628 0.60764086
0.82079399 -25.44774628 0.61138439
1.64983797 -25.44774628 -1.40755510
1.77096200 -25.44774628 -1.41895235
1.86040485 -25.44774628 -1.41878390
1.99238217 -25.44774628 -1.41328788
2.08612013 -25.44774628 -1.41736078
2.17671490 -25.44774628 -1.41732132
2.25946617 -25.44774628 -1.41589916
2.34239817 -25.44774628 -1.39087784
2.44014382 -25.44774628 -1.33609664
2.56220794 -25.44774628 -1.22193789
2.62916279 -25.44774628 -1.13195539
2.65020514 -25.44774628 -1.04650295
2.66110039 -25.44774628 -0.95570922
2.68172812 -25.44774628 -0.78230959
2.69125342 -25.44774628 -0.70762599
2.64330578 -25.44774628 -0.61725205
2.70300555 -25.44774628 -0.52994972
2.72401166 -25.44774628 -0.45684186
2.72833252 -25.44774628 -0.35816932
2.68354774 -25.44774628 -0.25709820
2.64410257 -25.44774628 -0.19077387
2.57954955 -25.44774628 -0.07683147
2.52077699 -25.44774628 0.05164433
2.52101231 -25.44774628 0.16739075
2.52068710 -25.44774628 0.31923002
2.41063881 -25.44774628 0.38189381
2.30744147 -25.44774628 0.44098896
2.04851484 -25.44774628 0.54204553
2.14857292 -25.44774628 0.48474485
