2.50370288 14.34140778 -0.95887285
-0.09220073 14.34140778 -0.82514715
-0.05928198 14.34140778 -0.57878387
1.47693539 14.33141327 0.68382215
1.59725952 14.33141327 0.65432900
1.66875684 14.33141327 0.64399415
2.11485648 14.33141327 0.52288944
2.20999503 14.33141327 0.43532720
2.29344177 14.33141327 0.32515565
2.33099723 14.33141327 0.26005808
2.40993404 14.33141327 0.08851407
2.39012694 14.33141327 0.02980253
2.42163682 14.33141327 -0.08455976
2.44024086 14.33141327 -0.17873664
2.52461004 14.33141327 -0.36050403
2.50517583 14.33141327 -0.53540933
2.46829581 14.33141327 -0.70033902
2.46381855 14.33141327 -0.80261803
2.46993232 14.33141327 -0.90380526
2.49129581 14.33141327 -1.01870501
2.50874782 14.33141327 -1.09063292
2.50615692 14.33141327 -1.24277627
2.50837278 14.33141327 -1.30903101
2.45982599 14.33141327 -1.37837934
2.23758769 14.33141327 -1.39369190
2.14948654 14.33141327 -1.39832354
2.03693151 14.33141327 -1.41105831
1.95540774 14.33141327 -1.40965807
1.81650198 14.33141327 -1.41516590
1.70829809 14.33141327 -1.42059636
1.63969946 14.33141327 -1.40689814
1.49071240 14.33141327 -1.40829110
1.40353358 14.33141327 -1.40574980
1.29923081 14.33141327 -1.41181970
1.14393771 14.33141327 -1.41044891
1.04840243 14.33141327 -1.41306293
0.91784066 14.33141327 -1.41926336
0.79936105 14.33141327 -1.40550256
0.67927146 14.33141327 -1.39802647
0.55997264 14.33141327 -1.39946079
0.48970875 14.33141327 -1.40427864
0.38520709 14.33141327 -1.40705025
0.29966807 14.33141327 -1.38188112
0.20265858 14.33141327 -1.34210491
0.10123610 14.33141327 -1.21750045
-0.06760991 14.33141327 -1.05165958
-0.09579167 14.33141327 -0.95667928
-0.10018324 14.33141327 -0.88692921
-0.08782664 14.33141327 -0.75745785
-0.08296054 14.33141327 -0.63675153
-0.03374738 14.33141327 -0.52214766
-0.02106828 14.33141327 -0.45072332
0.00120753 14.33141327 -0.38702905
0.01003729 14.33141327 -0.29619345
0.02506794 14.33141327 -0.21021543
0.04578222 14.33141327 -0.15226850
0.08146996 14.33141327 -0.05238217
0.13783978 14.33141327 0.04431735
0.19094901 14.33141327 0.13480341
0.24414635 14.33141327 0.21823585
0.29744712 14.33141327 0.29692864
0.34678319 14.33141327 0.37054783
0.37455824 14.33141327 0.42910793
0.44278732 14.33141327 0.51032734
0.99101561 14.33141327 0.73843962
1.40482247 14.33141327 0.72080421
2.40316629 14.33141327 0.15569280
2.49623632 14.33141327 -0.26153424
2.52639890 14.33141327 -0.44857642
2.35256004 14.33141327 -1.39337778
1.21543336 14.33141327 -1.41381443
0.48492715 14.33141327 0.59975243
0.56278878 14.33141327 0.66841012
