-0.11272365 54.64055634 -0.33780691
-0.19019769 54.64055634 -0.49456772
-0.24533442 54.64055634 -0.63467538
-0.27958372 54.64055634 -0.78432155
-0.27500707 54.64055634 -1.05723119
-0.04579699 54.64055634 -1.48714066
0.12765881 54.64055634 -1.49890685
0.27468884 54.64055634 -1.49681830
0.20402896 54.63056183 0.38593999
0.05273001 54.63056183 0.31047195
0.05715340 54.63056183 0.11026514
-0.00969101 54.63056183 0.00420125
-0.03929784 54.63056183 -0.11312638
-0.08101431 54.63056183 -0.27887511
-0.15467870 54.63056183 -0.43055481
-0.21859151 54.63056183 -0.55944538
-0.25493318 54.63056183 -0.70234609
-0.28661191 54.63056183 -0.84638238
-0.29108655 54.63056183 -0.91637260
-0.26338762 54.63056183 -1.15672076
-0.25142023 54.63056183 -1.30731678
-0.16557053 54.63056183 -1.46690130
0.03342870 54.63056183 -1.49941945
0.19590908 54.63056183 -1.49818254
0.35702166 54.63056183 -1.49490833
0.49914750 54.63056183 -1.51701796
0.64808792 54.63056183 -1.52064979
0.75770956 54.63056183 -1.51611698
0.27750561 54.63056183 0.41925707
-0.24828440 54.63056183 -1.42624998
1.15455341 54.63056183 0.48515081
0.97228026 54.63056183 0.53525984
1.07385504 54.63056183 0.49920714
0.80665725 54.63056183 0.52881610
0.88976908 54.63056183 0.52963865
0.69751525 54.63056183 0.55316883
0.58769655 54.63056183 0.55374712
0.49284872 54.63056183 0.54404080
0.39694375 54.63056183 0.48871505
0.89983267 54.63056183 -1.50157893
0.99905652 54.63056183 -1.44566464
1.09086382 54.63056183 -1.45728457
1.23062789 54.63056183 -1.45849693
1.38013017 54.63056183 -1.46218097
1.47706926 54.63056183 -1.45542336
1.57484591 54.63056183 -1.49436176
1.71894705 54.63056183 -1.48372757
1.83870661 54.63056183 -1.46426439
1.98366117 54.63056183 -1.46922600
2.06492305 54.63056183 -1.45016801
2.14422274 54.63056183 -1.29661596
2.11914158 54.63056183 -1.41132534
2.14351583 54.63056183 -1.14965093
2.08808637 54.63056183 -0.97146827
2.15062737 54.63056183 -0.80542868
2.17675638 54.63056183 -0.68594515
2.15753603 54.63056183 -0.58792859
2.16524243 54.63056183 -0.48959848
2.16540575 54.63056183 -0.38793293
2.13069630 54.63056183 -0.20323628
2.14780331 54.63056183 -0.31090727
2.13190913 54.63056183 -0.09823174
2.10756326 54.63056183 -0.00832523
2.11718559 54.63056183 0.09105922
2.08290291 54.63056183 0.28189000
2.11037922 54.63056183 0.21423168
2.02255940 54.63056183 0.37673610
1.94813859 54.63056183 0.42602876
1.82259786 54.63056183 0.42786768
1.69718862 54.63056183 0.40210068
1.60145140 54.63056183 0.39742088
1.51946378 54.63056183 0.39444736
1.44775057 54.63056183 0.39732721
1.27133775 54.63056183 0.43255591
1.32924330 54.63056183 0.41403803
