0.39993280 62.18039703 -1.48075044
0.13521089 62.18039703 -1.21132851
0.18104295 62.18039703 -0.86629540
1.37589014 62.17040253 0.55891484
1.49705601 62.17040253 0.53376448
1.57201684 62.17040253 0.53925419
1.64156485 62.17040253 0.55206311
1.75036597 62.17040253 0.53216362
1.87404740 62.17040253 0.56069756
1.97246897 62.17040253 0.51967120
2.13196754 62.17040253 0.34435889
2.16093302 62.17040253 0.27755094
2.17790365 62.17040253 0.18953431
2.19204116 62.17040253 0.11986548
2.21633554 62.17040253 0.02348222
2.23286557 62.17040253 -0.04368734
2.22321534 62.17040253 -0.12473153
2.24844193 62.17040253 -0.21874660
2.21485567 62.17040253 -0.30167916
2.21028614 62.17040253 -0.39484555
2.21316075 62.17040253 -0.49407130
2.19466758 62.17040253 -0.57247925
2.18955016 62.17040253 -0.64842540
2.20136952 62.17040253 -0.73457456
2.20126581 62.17040253 -0.80921400
2.19976473 62.17040253 -0.88707519
2.22974133 62.17040253 -1.00303435
2.13611627 62.17040253 -1.16005051
2.14586282 62.17040253 -1.25817502
2.14094710 62.17040253 -1.33884656
2.07915950 62.17040253 -1.41530621
2.02342296 62.17040253 -1.47231209
1.92301071 62.17040253 -1.46796429
1.80688274 62.17040253 -1.48099792
1.73251820 62.17040253 -1.49277484
1.59191406 62.17040253 -1.51386058
1.51160181 62.17040253 -1.49371755
1.42336118 62.17040253 -1.47545254
1.30712616 62.17040253 -1.48940527
1.22253132 62.17040253 -1.49017215
1.12593460 62.17040253 -1.48538983
1.04637110 62.17040253 -1.48276007
0.94986600 62.17040253 -1.48891127
0.81696820 62.17040253 -1.50272727
0.74903077 62.17040253 -1.50659204
0.63622433 62.17040253 -1.51073241
0.53264731 62.17040253 -1.50411963
0.47005373 62.17040253 -1.49439692
0.33999705 62.17040253 -1.47457218
0.22643974 62.17040253 -1.45974946
0.16272435 62.17040253 -1.26776230
0.18261029 62.17040253 -1.05822635
0.16916859 62.17040253 -0.92581207
0.14318478 62.17040253 -0.79980081
0.11911231 62.17040253 -0.56563759
0.11646673 62.17040253 -0.48375896
0.11133127 62.17040253 -0.31932965
0.10655657 62.17040253 -0.17840755
0.16326332 62.17040253 -0.06336441
0.16123861 62.17040253 0.01220549
0.14887258 62.17040253 0.11766535
0.06845755 62.17040253 0.22463445
0.08931464 62.17040253 0.35642982
0.13996834 62.17040253 0.39425731
0.23021130 62.17040253 0.50110394
0.32000658 62.17040253 0.53135645
0.45482305 62.17040253 0.54470778
0.75032675 62.17040253 0.51293117
0.83179432 62.17040253 0.52793711
0.89204448 62.17040253 0.53190523
0.99372208 62.17040253 0.53366876
1.06043983 62.17040253 0.57462114
1.13778162 62.17040253 0.57443607
1.22977316 62.17040253 0.58342934
1.29511321 62.17040253 0.58323234
2.07205820 62.17040253 0.41057724
2.22441626 62.17040253 -1.09094238
0.15891574 62.17040253 -1.45563424
0.12306152 62.17040253 -0.68511754
