0.23996538 -69.37682343 0.18010350
1.11727309 -69.37682343 0.89860445
1.78712225 -69.38681793 1.03742325
1.48546696 -69.38681793 1.03102028
1.38833678 -69.38681793 1.01150560
1.03115749 -69.38681793 0.87129211
0.97266155 -69.38681793 0.85431588
0.81068122 -69.38681793 0.88656843
0.75361621 -69.38681793 0.86172813
0.51131982 -69.38681793 0.79711473
0.44103625 -69.38681793 0.66529554
0.36658114 -69.38681793 0.61825579
0.30079854 -69.38681793 0.48404548
0.27936733 -69.38681793 0.36937240
0.25784704 -69.38681793 0.28326434
0.24016239 -69.38681793 0.11763714
0.20778470 -69.38681793 -0.02663668
0.19977760 -69.38681793 -0.12765872
0.20113131 -69.38681793 -0.22207248
0.25995269 -69.38681793 -0.37550303
0.27682462 -69.38681793 -0.46242258
0.29471624 -69.38681793 -0.55948371
0.30212963 -69.38681793 -0.70109499
0.31592724 -69.38681793 -0.87935263
0.34705606 -69.38681793 -0.95299804
0.33557647 -69.38681793 -1.12553108
0.35226953 -69.38681793 -1.05035591
0.34971431 -69.38681793 -1.21236837
0.51389343 -69.38681793 -1.33700538
0.58361942 -69.38681793 -1.35639548
0.64579070 -69.38681793 -1.38568985
0.82869506 -69.38681793 -1.42413068
0.76938170 -69.38681793 -1.41328502
0.94654316 -69.38681793 -1.44589913
1.04642248 -69.38681793 -1.45758533
1.15409172 -69.38681793 -1.46152580
1.23566568 -69.38681793 -1.47984219
1.32589269 -69.38681793 -1.47744882
1.41451299 -69.38681793 -1.47573924
1.51569128 -69.38681793 -1.47315001
1.60348845 -69.38681793 -1.47198153
1.74420965 -69.38681793 -1.44505882
1.67884564 -69.38681793 -1.45544195
1.82251918 -69.38681793 -1.44481826
1.91878474 -69.38681793 -1.44259501
2.03244495 -69.38681793 -1.43207097
2.10114408 -69.38681793 -1.43367922
2.19950986 -69.38681793 -1.43076336
2.39106512 -69.38681793 -1.37745476
2.45886087 -69.38681793 -1.37418056
2.55946350 -69.38681793 -1.33934879
2.66367269 -69.38681793 -1.23168695
2.62112880 -69.38681793 -1.27757227
2.70390821 -69.38681793 -1.18038642
2.78235340 -69.38681793 -1.06896949
2.84753895 -69.38681793 -0.94132829
2.89771724 -69.38681793 -0.85040438
2.89061141 -69.38681793 -0.78418094
2.86749506 -69.38681793 -0.64822334
2.81443381 -69.38681793 -0.53900337
2.77441049 -69.38681793 -0.42903352
2.71340299 -69.38681793 -0.28663021
2.66672492 -69.38681793 -0.19432124
2.62687159 -69.38681793 -0.09926550
2.51262784 -69.38681793 0.10819571
2.47682214 -69.38681793 0.19807696
2.47003460 -69.38681793 0.26048896
2.42763925 -69.38681793 0.37062222
2.37773561 -69.38681793 0.53259355
2.32042146 -69.38681793 0.71870935
2.22073221 -69.38681793 0.82586193
2.02786732 -69.38681793 0.94294190
1.87397480 -69.38681793 1.02059650
2.57806158 -69.38681793 0.02364279
2.29131079 -69.38681793 -1.40223908
0.40397727 -69.38681793 -1.29448903
0.30874372 -69.38681793 -0.80042392
