-0.04267134 56.20052338 -1.23815930
1.23088074 56.19052887 -1.48861289
1.16950309 56.19052887 -1.48872113
1.31032550 56.19052887 -1.48950052
1.41211367 56.19052887 -1.48525631
1.50352931 56.19052887 -1.47237432
1.63864708 56.19052887 -1.48485875
1.57156587 56.19052887 -1.47988641
1.70245826 56.19052887 -1.47492337
1.83810723 56.19052887 -1.46351111
1.91840768 56.19052887 -1.45680463
2.06082988 56.19052887 -1.40851450
2.08544111 56.19052887 -1.32822871
2.06562877 56.19052887 -1.23323333
2.06871295 56.19052887 -1.11381507
2.07000256 56.19052887 -1.03971612
2.09124970 56.19052887 -0.93127787
2.12231565 56.19052887 -0.78705794
2.11213064 56.19052887 -0.69212312
2.10539460 56.19052887 -0.50419557
2.08690739 56.19052887 -0.42567632
2.05448651 56.19052887 -0.28312749
2.03940439 56.19052887 -0.20130077
2.03614140 56.19052887 -0.13404582
2.00433111 56.19052887 -0.04112760
1.99054444 56.19052887 0.05965554
1.97637665 56.19052887 0.16452001
1.99105382 56.19052887 0.30375510
1.98924029 56.19052887 0.40059388
1.79971743 56.19052887 0.42524531
1.88465476 56.19052887 0.44828051
1.70437109 56.19052887 0.40604317
1.34053850 56.19052887 0.45183414
1.42879832 56.19052887 0.48208544
1.26881909 56.19052887 0.46713546
1.18043852 56.19052887 0.47131214
1.05323696 56.19052887 0.50749469
1.11900580 56.19052887 0.47659168
0.93034500 56.19052887 0.55575871
0.81947339 56.19052887 0.57523984
0.75547457 56.19052887 0.58006859
0.68088508 56.19052887 0.55960608
0.52344340 56.19052887 0.55086195
0.42366379 56.19052887 0.51892745
0.18825018 56.19052887 0.54869449
0.34925187 56.19052887 0.55583495
0.12461405 56.19052887 0.55305076
0.10398750 56.19052887 0.45707694
0.09068895 56.19052887 0.34138092
0.05006627 56.19052887 0.22665371
0.00812526 56.19052887 0.12691699
-0.05846498 56.19052887 -0.09551698
-0.04501764 56.19052887 0.01315048
-0.07357512 56.19052887 -0.17013304
-0.04363924 56.19052887 -0.29923618
-0.02483559 56.19052887 -0.45523918
-0.03606481 56.19052887 -0.38374275
-0.03004701 56.19052887 -0.54013151
-0.03825608 56.19052887 -0.68093777
-0.08207146 56.19052887 -0.80304199
-0.11681259 56.19052887 -0.92628539
-0.10587033 56.19052887 -1.02078128
-0.05309243 56.19052887 -1.13807380
0.00446860 56.19052887 -1.37570751
-0.00576395 56.19052887 -1.28940296
0.12559016 56.19052887 -1.44934464
0.04386358 56.19052887 -1.42222619
0.25600532 56.19052887 -1.47014678
0.38111824 56.19052887 -1.47796512
0.48879710 56.19052887 -1.49703121
0.60173053 56.19052887 -1.51137209
0.69518435 56.19052887 -1.50805044
0.79877132 56.19052887 -1.50377917
0.94543511 56.19052887 -1.48560941
0.88016808 56.19052887 -1.49411905
1.07757485 56.19052887 -1.48120642
1.01391888 56.19052887 -1.48403168
1.57202685 56.19052887 0.44679672
2.12498760 56.19052887 -0.57091504
1.98747647 56.19052887 -1.43910360
