-0.18194328 -51.43720245 -0.57964927
0.71881491 -51.44719696 0.74947292
0.55837917 -51.44719696 0.73252827
0.47606519 -51.44719696 0.70127338
0.39029869 -51.44719696 0.65433377
0.32273316 -51.44719696 0.57576865
0.21722984 -51.44719696 0.55829865
0.16450916 -51.44719696 0.50622857
0.08896552 -51.44719696 0.44113988
0.03097640 -51.44719696 0.40123662
-0.04483714 -51.44719696 0.29116440
-0.02243608 -51.44719696 0.17376809
-0.03123446 -51.44719696 0.08229122
-0.08523402 -51.44719696 -0.03716904
-0.09588528 -51.44719696 -0.10503931
-0.15263528 -51.44719696 -0.21276011
-0.18551680 -51.44719696 -0.32625908
-0.19739832 -51.44719696 -0.40069774
-0.20704572 -51.44719696 -0.49677956
-0.17886393 -51.44719696 -0.64278001
-0.13811670 -51.44719696 -0.74263704
-0.08243258 -51.44719696 -0.84519780
-0.05337871 -51.44719696 -0.90319210
0.04378782 -51.44719696 -1.02174401
-0.01403746 -51.44719696 -0.96514016
0.09444389 -51.44719696 -1.14403689
0.15245110 -51.44719696 -1.24110436
0.23211232 -51.44719696 -1.40254402
0.31836316 -51.44719696 -1.40445423
0.49195302 -51.44719696 -1.40843785
0.42824340 -51.44719696 -1.40407157
0.63447571 -51.44719696 -1.41259181
0.85394198 -51.44719696 -1.43359637
0.78474402 -51.44719696 -1.42886472
0.92933339 -51.44719696 -1.43519342
1.13668478 -51.44719696 -1.44212449
1.05262280 -51.44719696 -1.44054317
1.21917081 -51.44719696 -1.44531071
1.36154330 -51.44719696 -1.44767499
1.48093355 -51.44719696 -1.43685246
1.69422984 -51.44719696 -1.41762555
1.63324213 -51.44719696 -1.41926515
1.86510885 -51.44719696 -1.41305280
1.80507898 -51.44719696 -1.41523433
2.03295255 -51.44719696 -1.40714753
1.96547544 -51.44719696 -1.40724277
2.16013551 -51.44719696 -1.40612710
2.44138169 -51.44719696 -1.31460583
2.37676382 -51.44719696 -1.07795286
2.40612125 -51.44719696 -1.16666293
2.33699250 -51.44719696 -0.87925595
2.36289978 -51.44719696 -0.94026685
2.30486107 -51.44719696 -0.75421190
2.26925421 -51.44719696 -0.58993906
2.22403646 -51.44719696 -0.44165954
2.21754742 -51.44719696 -0.32064122
2.17300367 -51.44719696 -0.06570113
2.17524242 -51.44719696 0.01457542
2.11037469 -51.44719696 0.22612061
2.05102491 -51.44719696 0.34941432
1.99359298 -51.44719696 0.44051856
1.93291223 -51.44719696 0.49237281
1.80476856 -51.44719696 0.57878190
1.66772509 -51.44719696 0.58133274
1.72676694 -51.44719696 0.59240925
1.57261562 -51.44719696 0.63601619
1.48619998 -51.44719696 0.68189448
1.40581059 -51.44719696 0.70909894
1.34381294 -51.44719696 0.72984833
1.20734787 -51.44719696 0.76342976
1.10737967 -51.44719696 0.79592109
1.03603041 -51.44719696 0.80006826
0.94390488 -51.44719696 0.80086303
0.84307677 -51.44719696 0.77706844
0.78261399 -51.44719696 0.77120030
0.63326508 -51.44719696 0.74387145
-0.04282490 -51.44719696 0.35856861
-0.10311627 -51.44719696 0.02299702
0.04660212 -51.44719696 -1.10181057
0.18636999 -51.44719696 -1.35678732
2.34535193 -51.44719696 -1.37416399
2.18746758 -51.44719696 -0.15300606
2.13239765 -51.44719696 0.14368212
1.26842010 -51.44719696 0.76216942
