0.65108520 49.70066071 0.61129308
2.14907956 49.69066620 0.53803480
2.26459742 49.69066620 0.52135503
2.42662239 49.69066620 0.47326550
2.49271154 49.69066620 0.45101589
2.63224196 49.69066620 0.36791933
2.78311324 49.69066620 0.25692254
2.81096387 49.69066620 0.19979590
2.88943195 49.69066620 0.08007605
2.87947607 49.69066620 -0.05588538
2.89096737 49.69066620 -0.11605757
2.90542698 49.69066620 -0.44883803
2.91018891 49.69066620 -0.58698606
2.89877081 49.69066620 -0.66150862
2.89190006 49.69066620 -0.73530936
2.84630966 49.69066620 -0.88541353
2.81949139 49.69066620 -0.94704413
2.77617311 49.69066620 -1.11331093
2.72889590 49.69066620 -1.27372706
2.72807455 49.69066620 -1.40237689
2.69524407 49.69066620 -1.50238216
2.61664486 49.69066620 -1.52225125
2.45114207 49.69066620 -1.53251052
2.29424453 49.69066620 -1.52035868
2.19806719 49.69066620 -1.51229334
2.14214683 49.69066620 -1.49054074
2.01564932 49.69066620 -1.47451317
1.91556239 49.69066620 -1.46279776
1.82050669 49.69066620 -1.47263122
1.71090579 49.69066620 -1.48302150
1.63795888 49.69066620 -1.48033500
1.53545964 49.69066620 -1.46481276
1.32974720 49.69066620 -1.46348560
1.23398077 49.69066620 -1.46376717
1.13176405 49.69066620 -1.46414411
1.07028866 49.69066620 -1.46480966
0.90858501 49.69066620 -1.46030378
0.83649814 49.69066620 -1.45810223
0.77307731 49.69066620 -1.45711243
0.66910553 49.69066620 -1.49492681
0.59812117 49.69066620 -1.49421823
0.52847773 49.69066620 -1.45161414
0.46154404 49.69066620 -1.43627608
0.37240380 49.69066620 -1.42750227
0.31676692 49.69066620 -1.40436697
0.24741094 49.69066620 -1.37067485
0.28576112 49.69066620 -1.31047094
0.28342882 49.69066620 -1.22375858
0.21636285 49.69066620 -1.01962936
0.23293534 49.69066620 -0.88177490
0.20454115 49.69066620 -0.74500865
0.22526924 49.69066620 -0.68859482
0.19992684 49.69066620 -0.60693198
0.20736447 49.69066620 -0.40560994
0.20837349 49.69066620 -0.31310979
0.21906820 49.69066620 -0.21009995
0.22666109 49.69066620 -0.12364342
0.26191086 49.69066620 -0.00526412
0.27164513 49.69066620 0.12400986
0.24796528 49.69066620 0.18649650
0.27877179 49.69066620 0.32441735
0.32686338 49.69066620 0.47964996
0.44740161 49.69066620 0.56166005
0.58937788 49.69066620 0.61177665
0.75963604 49.69066620 0.58458418
0.88234490 49.69066620 0.63074547
0.95921332 49.69066620 0.63093209
1.12868524 49.69066620 0.58088332
1.20011401 49.69066620 0.58216345
1.38456273 49.69066620 0.59440720
1.51537752 49.69066620 0.65786058
1.62115526 49.69066620 0.64846843
1.68175864 49.69066620 0.65850365
1.82419217 49.69066620 0.61497319
1.95524573 49.69066620 0.59631717
2.04326391 49.69066620 0.59443641
1.43607152 49.69066620 0.64078355
1.05950987 49.69066620 0.63310212
0.37579641 49.69066620 0.56297070
0.26979217 49.69066620 0.26297888
0.20973602 49.69066620 -0.49254674
0.23169227 49.69066620 -1.16576719
1.43096948 49.69066620 -1.46295846
2.78836370 49.69066620 -1.01860678
2.90728521 49.69066620 -0.29581854
2.86373091 49.69066620 0.15865466
2.71408629 49.69066620 0.31568259
2.33586001 49.69066620 0.51955611
