-0.04734782 -43.89736176 -1.16899049
1.27788055 -43.90735626 0.90465027
1.38136661 -43.90735626 0.90346682
1.47482145 -43.90735626 0.89913309
1.54997063 -43.90735626 0.91294676
1.64465225 -43.90735626 0.90171444
1.69535089 -43.90735626 0.86665356
1.75162792 -43.90735626 0.82543951
1.89028239 -43.90735626 0.74801064
1.96230614 -43.90735626 0.67515081
2.00451016 -43.90735626 0.59845775
2.05454516 -43.90735626 0.50344664
2.12172127 -43.90735626 0.49834245
2.19851828 -43.90735626 0.42003179
2.31562614 -43.90735626 0.33926871
2.38512230 -43.90735626 0.27998886
2.43769240 -43.90735626 0.17020741
2.47615695 -43.90735626 0.05913976
2.49615407 -43.90735626 -0.00117655
2.53754544 -43.90735626 -0.16881527
2.61560583 -43.90735626 -0.39962891
2.57864523 -43.90735626 -0.56172132
2.56659031 -43.90735626 -0.71474266
2.57458663 -43.90735626 -0.89005494
2.56616497 -43.90735626 -1.04629588
2.54975629 -43.90735626 -1.14659202
2.49146724 -43.90735626 -1.27349865
2.43829179 -43.90735626 -1.36763787
2.35508561 -43.90735626 -1.39527583
2.18124318 -43.90735626 -1.42837071
1.98971462 -43.90735626 -1.41451120
1.82000947 -43.90735626 -1.41664588
1.67657769 -43.90735626 -1.41936338
1.60992813 -43.90735626 -1.42249894
1.44754255 -43.90735626 -1.43149197
1.23851454 -43.90735626 -1.43775439
1.09717178 -43.90735626 -1.43769765
0.91811955 -43.90735626 -1.44008768
0.77121496 -43.90735626 -1.44284916
0.58277547 -43.90735626 -1.43679142
0.39844775 -43.90735626 -1.44931436
0.21588272 -43.90735626 -1.44222987
0.06929457 -43.90735626 -1.42667449
-0.03434042 -43.90735626 -1.23380947
-0.10820029 -43.90735626 -0.99035192
-0.12702966 -43.90735626 -0.84322715
-0.18093295 -43.90735626 -0.68563759
-0.14490312 -43.90735626 -0.51584518
-0.13778199 -43.90735626 -0.36949167
-0.04321523 -43.90735626 -0.20065141
-0.05114246 -43.90735626 -0.13381280
-0.04748515 -43.90735626 0.00863375
-0.00005262 -43.90735626 0.10414962
0.13194281 -43.90735626 0.19814181
0.21277869 -43.90735626 0.31495631
0.24002035 -43.90735626 0.37436458
0.32671061 -43.90735626 0.55476242
0.43774524 -43.90735626 0.59740216
0.52460575 -43.90735626 0.62933367
0.63241053 -43.90735626 0.66512692
0.72586942 -43.90735626 0.70077819
0.81352818 -43.90735626 0.75756836
0.88413566 -43.90735626 0.77041745
0.97873145 -43.90735626 0.79798841
1.03961480 -43.90735626 0.82403505
1.18048847 -43.90735626 0.85853571
2.50078583 -43.90735626 -0.11194426
0.26846412 -43.90735626 0.50352746
