2.65167403 78.04006195 0.08553792
2.36545730 78.04006195 -1.39580631
1.57543814 78.04006195 0.58353496
1.18970406 78.04006195 0.56842721
1.12094569 78.03006744 0.56605715
1.00147367 78.03006744 0.56174237
0.93898207 78.03006744 0.56078011
0.87119907 78.03006744 0.50988424
0.78399622 78.03006744 0.47388071
0.70039004 78.03006744 0.47632194
0.58998251 78.03006744 0.47835475
0.40943113 78.03006744 0.44056082
0.47725180 78.03006744 0.47219095
0.33456478 78.03006744 0.44600847
0.21231414 78.03006744 0.28244713
0.13310921 78.03006744 0.16088580
0.10629754 78.03006744 0.08800139
0.03426576 78.03006744 -0.00702893
0.00021471 78.03006744 -0.11973576
0.00779973 78.03006744 -0.30024430
0.01091027 78.03006744 -0.44958019
0.00107221 78.03006744 -0.57005119
-0.01784657 78.03006744 -0.68333960
0.01956516 78.03006744 -0.84247965
0.02290621 78.03006744 -1.01342702
0.06858016 78.03006744 -1.27025247
0.05288475 78.03006744 -1.19196260
0.14609392 78.03006744 -1.40678716
0.33172140 78.03006744 -1.46885014
0.20779395 78.03006744 -1.43663287
0.51733178 78.03006744 -1.50261211
0.39470369 78.03006744 -1.48151362
0.68589824 78.03006744 -1.50186729
0.80395395 78.03006744 -1.49880743
0.96479201 78.03006744 -1.48658478
1.07446635 78.03006744 -1.49235463
1.22143817 78.03006744 -1.49193144
1.39637554 78.03006744 -1.48984563
1.54321802 78.03006744 -1.49432218
1.47665393 78.03006744 -1.49280465
1.65148854 78.03006744 -1.47532785
1.78784764 78.03006744 -1.47256541
1.95616364 78.03006744 -1.47714031
1.85952449 78.03006744 -1.47091198
2.12203264 78.03006744 -1.48035586
2.03372288 78.03006744 -1.48150826
2.19522262 78.03006744 -1.47709465
2.31344914 78.03006744 -1.42538226
2.47018075 78.03006744 -1.29893112
2.59498620 78.03006744 -1.20089650
2.62826252 78.03006744 -1.12717295
2.66051006 78.03006744 -0.96876323
2.64038563 78.03006744 -1.02624321
2.65611887 78.03006744 -0.80167246
2.67055178 78.03006744 -0.87655598
2.66692114 78.03006744 -0.65904665
2.67538619 78.03006744 -0.72514200
2.66685677 78.03006744 -0.57135093
2.67331743 78.03006744 -0.42784789
2.67924261 78.03006744 -0.30195144
2.68635488 78.03006744 -0.08799811
2.67711997 78.03006744 -0.18062378
2.67876768 78.03006744 0.03071915
2.63349581 78.03006744 0.16132879
2.59986258 78.03006744 0.25192070
2.56689620 78.03006744 0.33029711
2.48917818 78.03006744 0.39038625
2.43445420 78.03006744 0.46556544
2.35256338 78.03006744 0.59258109
2.23821950 78.03006744 0.65251768
1.96427834 78.03006744 0.60269487
2.06419373 78.03006744 0.63423359
1.89832354 78.03006744 0.60515022
1.81777442 78.03006744 0.62296408
1.74040210 78.03006744 0.59398961
1.66311681 78.03006744 0.59826106
1.51804078 78.03006744 0.55352670
1.45563543 78.03006744 0.55124491
1.39352012 78.03006744 0.55209833
0.21761964 78.03006744 0.38165542
2.30110979 78.03006744 0.67267007
