1.69396865 -4.89818573 -1.34561253
0.51781666 -4.89818573 0.51889133
0.83124286 -4.90818024 0.68765670
0.77785152 -4.90818024 0.64790618
0.59510809 -4.90818024 0.54759425
0.40228829 -4.90818024 0.44251704
0.26490173 -4.90818024 0.32377440
0.22958873 -4.90818024 0.15510644
0.25910521 -4.90818024 0.22262789
0.20021136 -4.90818024 0.07117362
0.17561665 -4.90818024 0.00124325
0.15218773 -4.90818024 -0.09223628
0.10385712 -4.90818024 -0.22587204
0.14054668 -4.90818024 -0.15167484
0.00853210 -4.90818024 -0.32336956
-0.02014694 -4.90818024 -0.47559953
0.00752619 -4.90818024 -0.41208598
-0.03906542 -4.90818024 -0.56903523
-0.13652444 -4.90818024 -0.70677769
-0.11209776 -4.90818024 -0.64618325
-0.17094554 -4.90818024 -0.78087652
-0.19244802 -4.90818024 -0.95763910
-0.19092344 -4.90818024 -0.89266413
-0.23733567 -4.90818024 -1.13022578
-0.19586781 -4.90818024 -1.04643154
-0.21646403 -4.90818024 -1.20659626
-0.15723401 -4.90818024 -1.24587393
-0.03571499 -4.90818024 -1.32177770
-0.11919643 -4.90818024 -1.30408788
0.12049645 -4.90818024 -1.33355045
0.04202346 -4.90818024 -1.32998657
0.34058547 -4.90818024 -1.32943368
0.26715696 -4.90818024 -1.33634198
0.43822590 -4.90818024 -1.33407593
0.53256887 -4.90818024 -1.35092807
0.63980216 -4.90818024 -1.34605992
0.70162159 -4.90818024 -1.34312940
1.80190134 -4.90818024 -1.34553862
1.88359535 -4.90818024 -1.34255230
1.94683146 -4.90818024 -1.34028172
2.00857472 -4.90818024 -1.33797586
2.19575381 -4.90818024 -1.32539678
2.30926633 -4.90818024 -1.14943993
2.29715133 -4.90818024 -1.03464234
2.26821423 -4.90818024 -0.89842987
2.26744413 -4.90818024 -0.74194068
2.28580761 -4.90818024 -0.58754152
2.26468635 -4.90818024 -0.47431159
2.22085166 -4.90818024 -0.35382831
2.16034126 -4.90818024 -0.23292629
2.13049412 -4.90818024 -0.12024767
2.04860282 -4.90818024 0.07335300
2.00353718 -4.90818024 0.16095519
1.91284382 -4.90818024 0.33629319
1.81090581 -4.90818024 0.46453348
1.68098712 -4.90818024 0.53471583
1.54965949 -4.90818024 0.59180212
1.47315359 -4.90818024 0.61034334
1.33773839 -4.90818024 0.66648978
1.28619075 -4.90818024 0.70075756
1.21508718 -4.90818024 0.73894495
1.15157962 -4.90818024 0.76298350
0.99517637 -4.90818024 0.75794631
0.92738605 -4.90818024 0.72681987
0.46285188 -4.90818024 0.49664173
0.34430233 -4.90818024 0.39445463
0.19667096 -4.90818024 -1.34042418
2.31107068 -4.90818024 -1.25720942
2.07523370 -4.90818024 -0.01092136
1.74720955 -4.90818024 0.49356019
1.07521176 -4.90818024 0.77573186
0.68470138 -4.90818024 0.58390659
