0.31941450 6.80156708 -0.51177567
0.73276263 6.80156708 0.53739101
0.40246618 6.80156708 -0.00462596
2.97875094 6.80156708 -0.35331613
2.00431061 6.79157257 0.61874390
2.11996508 6.79157257 0.60916305
2.24691868 6.79157257 0.63713634
2.35010219 6.79157257 0.62435496
2.47202039 6.79157257 0.60499382
2.59411597 6.79157257 0.57661140
2.80014849 6.79157257 0.51821524
2.98452163 6.79157257 0.27495798
2.99523306 6.79157257 0.21552050
2.98121524 6.79157257 0.08459338
2.97714400 6.79157257 -0.06220313
2.95418358 6.79157257 -0.18312030
2.99204087 6.79157257 -0.45264098
3.02956319 6.79157257 -0.60850972
3.01681948 6.79157257 -0.73299748
3.04057169 6.79157257 -0.87573832
3.02800155 6.79157257 -1.03415072
3.01220250 6.79157257 -1.15158057
2.98050523 6.79157257 -1.20454955
2.86313272 6.79157257 -1.30222881
2.74983597 6.79157257 -1.33592451
2.60424852 6.79157257 -1.36462128
2.44989967 6.79157257 -1.36374629
2.30428696 6.79157257 -1.34830320
2.14869213 6.79157257 -1.33864772
2.07009244 6.79157257 -1.35357881
1.99276078 6.79157257 -1.35601902
1.89442289 6.79157257 -1.36102188
1.78404152 6.79157257 -1.35853899
1.67751789 6.79157257 -1.35296392
1.59667957 6.79157257 -1.33925927
1.53615761 6.79157257 -1.35439789
1.41038930 6.79157257 -1.37204695
1.28850651 6.79157257 -1.37484479
1.22451437 6.79157257 -1.37556016
1.12129140 6.79157257 -1.36434138
1.06170678 6.79157257 -1.34856892
0.99545979 6.79157257 -1.35289955
0.85837382 6.79157257 -1.35983872
0.77343351 6.79157257 -1.35184538
0.65817273 6.79157257 -1.36934400
0.54583687 6.79157257 -1.38599718
0.46579576 6.79157257 -1.36715508
0.31584111 6.79157257 -1.32192755
0.26343340 6.79157257 -1.29095507
0.28203610 6.79157257 -1.21365666
0.32148591 6.79157257 -1.12031853
0.32964456 6.79157257 -1.02743459
0.29463154 6.79157257 -0.97393352
0.31359839 6.79157257 -0.88601053
0.31244758 6.79157257 -0.80562609
0.31862268 6.79157257 -0.63417327
0.31819957 6.79157257 -0.57093632
0.34820002 6.79157257 -0.42767468
0.31771931 6.79157257 -0.26648355
0.36467710 6.79157257 -0.19905099
0.42884466 6.79157257 0.10988842
0.45591861 6.79157257 0.20170765
0.48540422 6.79157257 0.29136512
0.51880008 6.79157257 0.36250824
0.53248453 6.79157257 0.50594527
0.66440725 6.79157257 0.52903408
0.81119716 6.79157257 0.55341470
0.87222010 6.79157257 0.56678075
0.95048845 6.79157257 0.56687105
1.01468289 6.79157257 0.59002215
1.12717140 6.79157257 0.64317018
1.24832749 6.79157257 0.67551118
1.37789583 6.79157257 0.66005462
1.44009960 6.79157257 0.65942383
1.56602037 6.79157257 0.69145733
1.63479209 6.79157257 0.68263400
1.70469046 6.79157257 0.65657240
1.79138231 6.79157257 0.63433200
1.92621553 6.79157257 0.60699213
1.18611193 6.79157257 0.65951020
0.38259661 6.79157257 -0.07261629
0.34595174 6.79157257 -0.32224092
0.31906101 6.79157257 -0.72906446
1.34874690 6.79157257 -1.37367582
2.89382863 6.79157257 0.46364230
