-0.14928517 69.98023224 -0.68114799
-0.11792879 69.98023224 -0.86453348
0.01559770 69.98023224 -1.26962543
0.13793761 69.98023224 -1.44942546
-0.14793842 69.98023224 0.62614357
1.93799436 69.98023224 -1.39453924
1.81380153 69.98023224 0.32442182
1.71910131 69.98023224 0.60575557
0.33410284 69.97023773 -1.53024876
0.21629097 69.97023773 -1.50943553
0.05188384 69.97023773 -1.38180411
-0.03851821 69.97023773 -1.09625053
-0.10459220 69.97023773 -0.93997473
-0.14173663 69.97023773 -0.74174118
-0.15691409 69.97023773 -0.57212430
-0.19915329 69.97023773 -0.40577179
-0.20558716 69.97023773 -0.26486704
-0.19349407 69.97023773 -0.15962152
-0.17478915 69.97023773 -0.07903606
-0.18612857 69.97023773 -0.00217874
-0.19796926 69.97023773 0.14078826
-0.13387930 69.97023773 0.29661900
-0.14572622 69.97023773 0.55299789
-0.15185560 69.97023773 0.74847907
0.08752211 69.97023773 0.81244290
0.16341162 69.97023773 0.79396850
0.22545610 69.97023773 0.77052200
-0.21238726 69.97023773 0.06539749
-0.20540150 69.97023773 -0.33214951
-0.18317363 69.97023773 -0.46388137
0.35010204 69.97023773 0.73098755
-0.08677001 69.97023773 0.79631102
-0.17086612 69.97023773 0.42853335
-0.18916419 69.97023773 0.21786688
0.45134887 69.97023773 -1.53983927
0.63406271 69.97023773 -1.54098606
0.81519866 69.97023773 -1.54609656
0.99760133 69.97023773 -1.55049670
1.17865145 69.97023773 -1.54646969
1.41862679 69.97023773 -1.54770315
1.69955122 69.97023773 -1.54454982
1.47865343 69.97023773 -1.55049002
1.81036294 69.97023773 -1.50700891
1.91812038 69.97023773 -1.45045292
1.97133183 69.97023773 -1.23811722
2.00521326 69.97023773 -1.02297533
1.97097015 69.97023773 -1.17003262
1.95548058 69.97023773 -0.76428354
2.00197554 69.97023773 -0.93385559
1.95743263 69.97023773 -0.62535709
1.95447969 69.97023773 -0.31294042
1.95791602 69.97023773 -0.17805928
1.94670284 69.97023773 -0.24538864
1.87695003 69.97023773 -0.04577287
1.83240473 69.97023773 0.13199988
1.84395623 69.97023773 0.00755281
1.82419240 69.97023773 0.26576641
1.76684904 69.97023773 0.47774413
1.11401832 69.97023773 0.68453717
1.02076864 69.97023773 0.67998105
0.79770309 69.97023773 0.71296769
0.64075977 69.97023773 0.73917013
0.50696433 69.97023773 0.77038401
1.89135504 69.97023773 -1.52498746
1.95983827 69.97023773 -0.54770225
1.74723506 69.97023773 0.55131453
