1.05050731 -55.85710907 0.81255454
0.76637518 -55.85710907 0.71649963
0.18262362 -55.85710907 0.31845799
0.14352898 -55.85710907 -0.10176461
0.09837712 -55.85710907 -0.23037040
0.04625720 -55.85710907 -0.35461324
0.02908255 -55.85710907 -0.78482497
1.32627058 -55.85710907 0.83539438
1.26829994 -55.86710358 0.81232882
1.45270813 -55.86710358 0.89624953
1.52556014 -55.86710358 0.93194056
1.68854594 -55.86710358 0.90522087
1.79704297 -55.86710358 0.90068316
1.89046907 -55.86710358 0.88434380
2.06991673 -55.86710358 0.86535132
2.26162243 -55.86710358 0.84021753
2.31931973 -55.86710358 0.82036853
2.63296771 -55.86710358 0.63076437
2.61092877 -55.86710358 0.44404805
2.65862560 -55.86710358 0.27442038
2.62205577 -55.86710358 0.19785364
2.66791558 -55.86710358 0.03643569
2.62983108 -55.86710358 -0.11140042
2.61987305 -55.86710358 -0.22825389
2.59755826 -55.86710358 -0.33195162
2.56350851 -55.86710358 -0.50052822
2.57915592 -55.86710358 -0.57799882
2.56501746 -55.86710358 -0.64097643
2.54331136 -55.86710358 -0.83298492
2.53637981 -55.86710358 -0.95279026
2.50763345 -55.86710358 -1.06327045
2.48406386 -55.86710358 -1.15549946
2.42718410 -55.86710358 -1.23992240
2.36991310 -55.86710358 -1.27709866
2.25364852 -55.86710358 -1.33361602
2.13759327 -55.86710358 -1.36771619
2.00153184 -55.86710358 -1.38126767
1.89222646 -55.86710358 -1.39107537
1.78670251 -55.86710358 -1.40513253
1.72124410 -55.86710358 -1.40796685
1.62940741 -55.86710358 -1.42214203
1.48862100 -55.86710358 -1.44477987
1.37593639 -55.86710358 -1.45545733
1.27863562 -55.86710358 -1.45870507
1.21109319 -55.86710358 -1.45928109
1.12598240 -55.86710358 -1.46361721
1.06162035 -55.86710358 -1.45081913
0.92000210 -55.86710358 -1.43084061
0.79993021 -55.86710358 -1.41760147
0.67491460 -55.86710358 -1.40735447
0.59417051 -55.86710358 -1.39392090
0.49411550 -55.86710358 -1.38157022
0.40132019 -55.86710358 -1.37470472
0.33351773 -55.86710358 -1.36990201
0.24656156 -55.86710358 -1.35473692
0.18922326 -55.86710358 -1.32587087
0.05973478 -55.86710358 -1.23793173
0.03480130 -55.86710358 -1.12698770
0.01349923 -55.86710358 -0.99890143
0.02347841 -55.86710358 -0.93388236
0.02518470 -55.86710358 -0.85266238
0.03451743 -55.86710358 -0.71020353
0.01710246 -55.86710358 -0.63318640
0.02263208 -55.86710358 -0.51351553
0.02034308 -55.86710358 -0.41036007
0.05737839 -55.86710358 -0.28583822
0.13220589 -55.86710358 -0.17279300
0.17422749 -55.86710358 -0.00960930
0.19417211 -55.86710358 0.06050623
0.18675925 -55.86710358 0.25818154
0.20833856 -55.86710358 0.38742620
0.25766221 -55.86710358 0.50149733
0.33182207 -55.86710358 0.61700213
0.45110300 -55.86710358 0.68292964
0.62730539 -55.86710358 0.67534363
0.69720763 -55.86710358 0.68197095
0.98729312 -55.86710358 0.79307818
1.12283993 -55.86710358 0.79199487
0.28171843 -55.86710358 0.56673175
0.21380728 -55.86710358 0.16628259
0.11141513 -55.86710358 -1.29828084
2.55423951 -55.86710358 -0.71526444
2.64505386 -55.86710358 0.71100426
1.39496553 -55.86710358 0.86411607
