1.49815154 -62.61696625 0.65995008
1.37679791 -62.61696625 0.65577823
0.66774440 -62.61696625 0.30048177
0.55554605 -62.61696625 0.09132481
2.45023465 -62.62696075 -0.12804346
2.51927853 -62.62696075 -0.30540109
2.56663299 -62.62696075 -0.47809988
2.53404880 -62.62696075 -0.58836985
2.53446984 -62.62696075 -0.68833810
2.53032970 -62.62696075 -0.75651860
2.54231071 -62.62696075 -0.83359611
2.53478050 -62.62696075 -0.90771443
2.50149393 -62.62696075 -0.99962890
2.47828078 -62.62696075 -1.11929095
2.46366477 -62.62696075 -1.22667003
2.44181919 -62.62696075 -1.31947029
2.38646984 -62.62696075 -1.37317753
2.32332873 -62.62696075 -1.39644134
2.24036217 -62.62696075 -1.42224443
2.12035871 -62.62696075 -1.44157374
2.02081943 -62.62696075 -1.45594954
1.92091477 -62.62696075 -1.46505785
1.82000840 -62.62696075 -1.46830916
1.72810376 -62.62696075 -1.46860194
1.65177667 -62.62696075 -1.48174393
1.55481207 -62.62696075 -1.49597955
1.48922503 -62.62696075 -1.48778534
1.35358763 -62.62696075 -1.48149109
1.28591907 -62.62696075 -1.48472345
1.21606994 -62.62696075 -1.49465442
1.12776029 -62.62696075 -1.46341991
1.04768288 -62.62696075 -1.44777024
0.95281678 -62.62696075 -1.44380677
0.85851121 -62.62696075 -1.43238890
0.75485754 -62.62696075 -1.41300881
0.59815878 -62.62696075 -1.38311934
0.53262281 -62.62696075 -1.36393774
0.47433984 -62.62696075 -1.34230554
0.40859354 -62.62696075 -1.31651723
0.30172583 -62.62696075 -1.25918555
0.20555468 -62.62696075 -1.19414783
0.19327629 -62.62696075 -1.09419382
0.20855096 -62.62696075 -0.97327030
0.21939510 -62.62696075 -0.91200185
0.24661504 -62.62696075 -0.79722899
0.26480311 -62.62696075 -0.68845147
0.26008576 -62.62696075 -0.54046273
0.27247956 -62.62696075 -0.46714997
0.30881900 -62.62696075 -0.41617543
0.36470634 -62.62696075 -0.32682690
0.39409706 -62.62696075 -0.25823876
0.42235127 -62.62696075 -0.20449139
0.47038504 -62.62696075 -0.11732412
0.49184406 -62.62696075 -0.04015723
0.53231901 -62.62696075 0.03096973
0.58793873 -62.62696075 0.14699210
0.63697797 -62.62696075 0.24159838
0.70570344 -62.62696075 0.35883465
0.74894452 -62.62696075 0.42042097
0.85116637 -62.62696075 0.50845391
1.01202536 -62.62696075 0.52759898
1.07270169 -62.62696075 0.54780251
1.17281330 -62.62696075 0.59510708
1.30668557 -62.62696075 0.64351863
1.43741703 -62.62696075 0.64855629
1.60423744 -62.62696075 0.66588938
1.70997691 -62.62696075 0.68527174
1.82404125 -62.62696075 0.69452709
1.95184767 -62.62696075 0.67277116
2.08505917 -62.62696075 0.58761704
2.12370872 -62.62696075 0.49681854
2.20153904 -62.62696075 0.42085859
2.32266974 -62.62696075 0.25110093
2.36751699 -62.62696075 0.06580979
2.55097985 -62.62696075 -0.40075481
2.41820335 -62.62696075 -0.05802912
2.39488292 -62.62696075 0.00764563
2.33690262 -62.62696075 0.13503829
2.29959249 -62.62696075 0.34426683
2.01905823 -62.62696075 0.65841806
0.93463767 -62.62696075 0.53470725
