1.79223454 73.87015533 0.27373111
1.83732152 73.87015533 0.17483100
1.88297606 73.87015533 0.11470592
1.91048908 73.87015533 0.05461478
1.94916785 73.87015533 -0.00359544
1.97037435 73.87015533 -0.07476705
1.97125244 73.87015533 -0.15442841
1.98552513 73.87015533 -0.26074827
1.99354255 73.87015533 -0.32879269
2.02247667 73.87015533 -0.38650981
2.06024408 73.87015533 -0.47565505
2.07372999 73.87015533 -0.56033653
2.08357835 73.87015533 -0.62497294
2.08318067 73.87015533 -0.69142908
2.10348058 73.87015533 -0.75266272
2.09306502 73.87015533 -0.83624452
2.11554742 73.87015533 -0.94739711
2.10344315 73.87015533 -1.04778576
2.10164309 73.87015533 -1.11892951
2.14842319 73.87015533 -1.16320741
2.10079813 73.87015533 -1.24406493
2.06669068 73.87015533 -1.32190192
1.99682438 73.87015533 -1.42538166
2.01204395 73.87015533 -1.50109720
1.89815319 73.87015533 -1.56778359
1.83196294 73.87015533 -1.56398046
1.74764526 73.87015533 -1.57366216
1.67825413 73.87015533 -1.57646501
1.61396861 73.87015533 -1.55157256
1.50228393 73.87015533 -1.55255687
1.39511490 73.87015533 -1.54031062
1.30119169 73.87015533 -1.55059230
1.18124044 73.87015533 -1.55374956
1.07529342 73.87015533 -1.55606556
0.97048277 73.87015533 -1.56441772
0.88449752 73.87015533 -1.56709433
0.78513426 73.87015533 -1.57626021
0.69393104 73.87015533 -1.57562852
0.60037076 73.87015533 -1.57472110
0.50306380 73.87015533 -1.57150292
0.40556166 73.87015533 -1.56845450
0.29676664 73.87015533 -1.55123556
0.19133845 73.87015533 -1.52807236
0.12864554 73.87015533 -1.51447368
0.05364963 73.87015533 -1.41388142
-0.00336165 73.87015533 -1.15183449
-0.03225480 73.87015533 -1.04071724
-0.06647161 73.87015533 -0.86540890
-0.08731870 73.87015533 -0.78290290
-0.09149887 73.87015533 -0.62656862
-0.07714531 73.87015533 -0.52243185
-0.06939281 73.87015533 -0.40402764
-0.08968889 73.87015533 -0.29510894
-0.09313136 73.87015533 -0.20380788
-0.09692383 73.87015533 -0.07599739
-0.11732235 73.87015533 0.05509065
-0.12704708 73.87015533 0.18838777
-0.09480828 73.87015533 0.31328216
0.01794024 73.87015533 0.38520601
0.14088306 73.87015533 0.42242885
0.28091216 73.87015533 0.43334705
0.39512154 73.87015533 0.45907745
0.50686932 73.87015533 0.49381199
0.58600473 73.87015533 0.51582688
0.69553196 73.87015533 0.51519948
0.83039361 73.87015533 0.50908244
0.89322817 73.87015533 0.48468450
1.05088496 73.87015533 0.49378702
1.16711223 73.87015533 0.49217042
1.23045850 73.87015533 0.48321527
1.29261935 73.87015533 0.48243758
1.36304188 73.87015533 0.45428646
1.47120309 73.87015533 0.45344877
1.60918021 73.87015533 0.46288300
1.71260250 73.87015533 0.37094548
1.99721277 73.87015533 -1.56302869
0.02333632 73.87015533 -1.35508490
1.65803647 73.87015533 0.40763927
