2.39192128 -74.05672455 -0.52429694
1.17970133 -74.05672455 -1.42829621
-0.23545347 -74.05672455 -0.57681364
-0.26917368 -74.05672455 -0.38548100
-0.18658368 -74.05672455 -0.11960945
-0.12049119 -74.05672455 0.04712689
0.18636955 -74.06671906 0.30225623
0.11948396 -74.06671906 0.22026545
0.03062794 -74.06671906 0.14093986
-0.06007981 -74.06671906 0.07210231
-0.15962957 -74.06671906 -0.01020763
-0.20903926 -74.06671906 -0.20321986
-0.24673013 -74.06671906 -0.31704792
-0.27358779 -74.06671906 -0.44836253
-0.22406019 -74.06671906 -0.63765806
-0.21603592 -74.06671906 -0.74504828
-0.19088532 -74.06671906 -0.86398059
-0.07041951 -74.06671906 -1.07825089
-0.11452964 -74.06671906 -1.02681601
-0.00164763 -74.06671906 -1.18759668
0.04089851 -74.06671906 -1.25958896
0.08181105 -74.06671906 -1.32158744
0.24094962 -74.06671906 -1.37511396
0.37520924 -74.06671906 -1.38256919
0.51936245 -74.06671906 -1.39771771
0.64302993 -74.06671906 -1.39256811
0.75048995 -74.06671906 -1.40772963
0.85572082 -74.06671906 -1.41476357
1.05209506 -74.06671906 -1.41882575
1.24239647 -74.06671906 -1.43567598
1.31608272 -74.06671906 -1.44084859
1.42144692 -74.06671906 -1.44261146
1.58124793 -74.06671906 -1.43303633
1.68761611 -74.06671906 -1.42510378
1.84383941 -74.06671906 -1.43855500
2.00466681 -74.06671906 -1.43581975
2.20618892 -74.06671906 -1.40556169
2.39513469 -74.06671906 -1.29102278
2.38775849 -74.06671906 -1.16302240
2.49912286 -74.06671906 -0.99561721
2.47811604 -74.06671906 -0.89333087
2.44655633 -74.06671906 -0.73264945
2.40107656 -74.06671906 -0.58484197
2.39201355 -74.06671906 -0.45527732
2.36439180 -74.06671906 -0.32648861
2.36144400 -74.06671906 -0.23905012
2.34759760 -74.06671906 -1.36709499
0.97889757 -74.06671906 -1.41880107
0.15559195 -74.06671906 -1.35477650
-0.15505964 -74.06671906 -0.92662263
0.24298839 -74.06671906 0.38889655
1.23627090 -74.06671906 0.58956009
1.33301580 -74.06671906 0.59791905
1.45462358 -74.06671906 0.64436358
1.59513474 -74.06671906 0.67885512
1.67543507 -74.06671906 0.65739053
1.89905632 -74.06671906 0.59586799
1.99606645 -74.06671906 0.52338362
2.09106946 -74.06671906 0.42138064
2.15857387 -74.06671906 0.40728325
2.28275752 -74.06671906 0.25687686
2.32620430 -74.06671906 0.16498442
2.35450506 -74.06671906 0.10719220
2.35026765 -74.06671906 0.02193970
2.35883570 -74.06671906 -0.10133895
0.34073582 -74.06671906 0.47480765
0.46671155 -74.06671906 0.52330053
0.60703319 -74.06671906 0.54350531
1.13628769 -74.06671906 0.63197768
