1.32778525 81.93997955 0.48465893
0.74097145 81.93997955 0.52882242
0.28546685 81.93997955 0.43643180
1.50351226 81.92998505 0.50300807
1.62087595 81.92998505 0.46706256
1.69738317 81.92998505 0.46015507
1.75879741 81.92998505 0.43565843
1.88675821 81.92998505 0.42177632
2.02256608 81.92998505 0.39269093
2.14070725 81.92998505 0.28195000
2.15469241 81.92998505 0.21377236
2.19167399 81.92998505 0.10640603
2.21999526 81.92998505 -0.00187889
2.21073198 81.92998505 -0.11968913
2.22356820 81.92998505 -0.26008710
2.22092867 81.92998505 -0.41577038
2.18299150 81.92998505 -0.47565112
2.21942925 81.92998505 -0.60387504
2.20444655 81.92998505 -0.69026953
2.22304487 81.92998505 -0.85274744
2.22187138 81.92998505 -0.94896233
2.24285507 81.92998505 -1.09754717
2.20022964 81.92998505 -1.16525662
2.12084913 81.92998505 -1.26620579
2.09268498 81.92998505 -1.35988605
2.10100484 81.92998505 -1.45459306
1.97008002 81.92998505 -1.48550284
1.79190946 81.92998505 -1.52817452
1.63252878 81.92998505 -1.53752792
1.53860652 81.92998505 -1.61600900
1.46493423 81.92998505 -1.61957860
1.33224511 81.92998505 -1.62938738
1.23062468 81.92998505 -1.63006747
1.15066314 81.92998505 -1.63000476
1.07012892 81.92998505 -1.62855756
1.00801551 81.92998505 -1.62345040
0.87235773 81.92998505 -1.62716496
0.72693789 81.92998505 -1.63161302
0.57969457 81.92998505 -1.63302171
0.51882935 81.92998505 -1.60937941
0.39326951 81.92998505 -1.60579753
0.31521815 81.92998505 -1.60835516
0.21249241 81.92998505 -1.60580873
0.08725048 81.92998505 -1.56656229
0.05943870 81.92998505 -1.47111273
0.06903584 81.92998505 -1.21467304
0.05900133 81.92998505 -1.14213586
0.05267745 81.92998505 -1.01946914
-0.00029282 81.92998505 -0.95591813
0.00992869 81.92998505 -0.89150310
-0.01825730 81.92998505 -0.80027747
-0.01537363 81.92998505 -0.72494459
-0.01832141 81.92998505 -0.63913816
0.01530056 81.92998505 -0.57682776
0.03059473 81.92998505 -0.44488922
0.00889358 81.92998505 -0.35597849
0.01555643 81.92998505 -0.29199722
0.07424907 81.92998505 -0.19926660
0.08052158 81.92998505 -0.08083834
0.09033547 81.92998505 -0.00766164
0.14223032 81.92998505 0.18145320
0.19991739 81.92998505 0.26713440
0.24249531 81.92998505 0.33282205
0.23978442 81.92998505 0.39640272
0.37158120 81.92998505 0.46938542
0.48790863 81.92998505 0.51007348
0.56372821 81.92998505 0.54203629
0.67475331 81.92998505 0.53387702
0.82098830 81.92998505 0.55863607
0.88260424 81.92998505 0.55951548
1.02465534 81.92998505 0.49214554
1.11291039 81.92998505 0.50167787
1.17946053 81.92998505 0.50567544
1.26413333 81.92998505 0.49666515
1.39877689 81.92998505 0.47699100
0.10004678 81.92998505 0.09047582
0.03702622 81.92998505 -1.37918091
1.39303803 81.92998505 -1.62499678
1.88089561 81.92998505 -1.52239239
2.03373718 81.92998505 -1.47518992
2.15633059 81.92998505 -1.21417665
2.19736195 81.92998505 -1.03486001
2.21291447 81.92998505 -0.75837880
2.22069955 81.92998505 -0.52484709
2.20998478 81.92998505 -0.33310866
2.07814217 81.92998505 0.35971692
