0.37070829 -68.85683441 -0.64054912
2.53586745 -68.86682892 0.11321421
2.58525038 -68.86682892 0.00492681
2.63196540 -68.86682892 -0.08070185
2.67909956 -68.86682892 -0.16430347
2.73820662 -68.86682892 -0.25383839
2.78432536 -68.86682892 -0.30430955
2.84670687 -68.86682892 -0.44197062
2.85754013 -68.86682892 -0.52521217
2.84645939 -68.86682892 -0.61896890
2.84799957 -68.86682892 -0.69872105
2.83139133 -68.86682892 -0.77678990
2.78083372 -68.86682892 -0.87858450
2.75440192 -68.86682892 -1.00428033
2.71154237 -68.86682892 -1.11150467
2.69455361 -68.86682892 -1.18523610
2.64834118 -68.86682892 -1.29383624
2.57780147 -68.86682892 -1.34261358
2.46631360 -68.86682892 -1.37312388
2.33510852 -68.86682892 -1.39441419
2.20932436 -68.86682892 -1.42062891
2.11465907 -68.86682892 -1.42843449
2.01547050 -68.86682892 -1.43961346
1.92541063 -68.86682892 -1.44812584
1.83686829 -68.86682892 -1.45037317
1.72240496 -68.86682892 -1.45706141
1.56706727 -68.86682892 -1.47785592
1.46409297 -68.86682892 -1.47710705
1.36731708 -68.86682892 -1.47579741
1.28276241 -68.86682892 -1.48106551
1.19690645 -68.86682892 -1.47689521
1.11060131 -68.86682892 -1.46711290
1.02229702 -68.86682892 -1.46444249
0.92293388 -68.86682892 -1.45199287
0.81819344 -68.86682892 -1.43931675
0.71141589 -68.86682892 -1.41612911
0.63417274 -68.86682892 -1.39836049
0.52070206 -68.86682892 -1.34476137
0.45306179 -68.86682892 -1.31418598
0.39728373 -68.86682892 -1.12133884
0.38461447 -68.86682892 -0.94072521
0.38173655 -68.86682892 -0.87647879
0.35901257 -68.86682892 -0.80568576
0.36719632 -68.86682892 -0.70537609
0.32616958 -68.86682892 -0.50985456
0.35123459 -68.86682892 -0.31841791
0.31619433 -68.86682892 -0.17706315
0.30580032 -68.86682892 -0.04895864
0.28761092 -68.86682892 0.06548318
0.30608091 -68.86682892 0.14807977
0.29911780 -68.86682892 0.24118957
0.31975380 -68.86682892 0.30551699
0.42650482 -68.86682892 0.39945030
0.51109034 -68.86682892 0.47947389
0.51709664 -68.86682892 0.57934695
0.57118171 -68.86682892 0.65219820
0.64254373 -68.86682892 0.68445373
0.72201443 -68.86682892 0.72555643
0.78471160 -68.86682892 0.74055207
0.87566131 -68.86682892 0.79736859
0.99263757 -68.86682892 0.82567722
1.12433290 -68.86682892 0.92564619
1.24819732 -68.86682892 0.95385784
1.34258080 -68.86682892 0.95992178
1.41083753 -68.86682892 0.96172082
1.54529595 -68.86682892 0.98528534
1.65234137 -68.86682892 0.98844147
1.86358213 -68.86682892 0.93045449
2.01418781 -68.86682892 0.81946850
2.08392191 -68.86682892 0.79709435
2.18188643 -68.86682892 0.72756618
2.27811813 -68.86682892 0.67300248
2.34056020 -68.86682892 0.57712126
2.36046314 -68.86682892 0.51692635
2.38984847 -68.86682892 0.37067857
2.44436598 -68.86682892 0.26534227
2.47981501 -68.86682892 0.20655046
0.38717011 -68.86682892 -1.23841870
0.38681227 -68.86682892 -0.43392152
1.04818392 -68.86682892 0.87503177
1.73105907 -68.86682892 1.03607810
1.93693340 -68.86682892 0.86298215
