0.78298211 -78.99662018 0.89208066
2.72452450 -78.99662018 0.86864245
1.63053095 -79.00661469 1.16549683
1.53774750 -79.00661469 1.12694466
1.45580506 -79.00661469 1.13102186
1.29020011 -79.00661469 1.06213939
1.20913851 -79.00661469 1.02783000
1.11417747 -79.00661469 0.98944068
0.85301119 -79.00661469 0.90000427
0.97810918 -79.00661469 0.91340417
0.59965801 -79.00661469 0.83400542
0.72549832 -79.00661469 0.86892319
0.54057914 -79.00661469 0.81761777
0.43723360 -79.00661469 0.75292772
0.34019437 -79.00661469 0.58947080
0.41986564 -79.00661469 0.66812283
0.23944061 -79.00661469 0.39538047
0.11586870 -79.00661469 0.20418531
0.17253321 -79.00661469 0.31440374
-0.00298757 -79.00661469 0.00346818
0.06839003 -79.00661469 0.14374188
-0.13429280 -79.00661469 -0.21893108
-0.05562719 -79.00661469 -0.06396996
-0.19961204 -79.00661469 -0.30238387
-0.34625399 -79.00661469 -0.56747091
-0.26574856 -79.00661469 -0.72991258
-0.32994056 -79.00661469 -0.69545567
-0.21537730 -79.00661469 -0.78167564
0.06297159 -79.00661469 -1.06826544
-0.02801848 -79.00661469 -0.97565180
0.30681029 -79.00661469 -1.32987475
0.11833920 -79.00661469 -1.13899684
0.35508293 -79.00661469 -1.37307179
0.55002046 -79.00661469 -1.40508187
0.77585173 -79.00661469 -1.43066072
0.97538173 -79.00661469 -1.44931519
1.17220640 -79.00661469 -1.47460902
1.34696114 -79.00661469 -1.48779297
1.52988827 -79.00661469 -1.49053383
1.71722746 -79.00661469 -1.48037648
1.92859602 -79.00661469 -1.48760021
2.05780458 -79.00661469 -1.48066652
2.34502530 -79.00661469 -1.44944167
2.12042809 -79.00661469 -1.47163117
2.46379948 -79.00661469 -1.43578947
2.65946507 -79.00661469 -1.42171288
2.85741639 -79.00661469 -1.39886200
2.98939991 -79.00661469 -1.36042881
3.05454206 -79.00661469 -1.28471708
3.25123978 -79.00661469 -1.08530223
3.11071730 -79.00661469 -1.24704170
3.40158200 -79.00661469 -0.88278347
3.29856920 -79.00661469 -1.03970301
3.45137763 -79.00661469 -0.73292065
3.51754427 -79.00661469 -0.53319365
3.57113361 -79.00661469 -0.33585063
3.55527997 -79.00661469 -0.47408152
3.62691188 -79.00661469 -0.13900726
3.64023590 -79.00661469 -0.25508541
3.65479875 -79.00661469 0.07710528
3.67832875 -79.00661469 0.17334136
3.67811322 -79.00661469 0.30283868
3.31006145 -79.00661469 0.48480222
3.55208206 -79.00661469 0.40286726
3.12617230 -79.00661469 0.56897199
3.24578977 -79.00661469 0.51727641
3.05618310 -79.00661469 0.66532445
2.90954494 -79.00661469 0.80724150
2.94523573 -79.00661469 0.75840807
2.78758907 -79.00661469 0.84293580
2.66549540 -79.00661469 0.89546895
2.58430457 -79.00661469 0.97322035
2.49484801 -79.00661469 1.03606689
2.44300461 -79.00661469 1.07951450
2.35754800 -79.00661469 1.12263310
2.24556279 -79.00661469 1.19707239
2.15659475 -79.00661469 1.25769055
2.08959222 -79.00661469 1.31489253
1.97549403 -79.00661469 1.33933139
1.82948947 -79.00661469 1.26481092
1.76456857 -79.00661469 1.22700512
1.68959606 -79.00661469 1.21158671
1.35049760 -79.00661469 1.08692253
3.64701986 -79.00661469 0.35435548
1.88630736 -79.00661469 1.31000614
