0.13792750 -12.95801544 -1.40265214
1.28023124 -12.96800995 0.60663617
1.38227701 -12.96800995 0.60598910
1.47984803 -12.96800995 0.60043669
1.54309881 -12.96800995 0.60521853
1.65307820 -12.96800995 0.60383356
1.78286564 -12.96800995 0.58965403
1.84592915 -12.96800995 0.52428180
1.88990188 -12.96800995 0.48009613
1.95183027 -12.96800995 0.43455562
2.03911781 -12.96800995 0.37676379
2.15700912 -12.96800995 0.36448163
2.23754263 -12.96800995 0.36133781
2.31388259 -12.96800995 0.28396523
2.37252331 -12.96800995 0.26078558
2.49116921 -12.96800995 0.08393745
2.51737070 -12.96800995 0.00875432
2.47900820 -12.96800995 -0.03950991
2.49763155 -12.96800995 -0.13329226
2.53516865 -12.96800995 -0.23443522
2.56857395 -12.96800995 -0.33559713
2.61637759 -12.96800995 -0.44077912
2.61895132 -12.96800995 -0.50095350
2.58549428 -12.96800995 -0.65224844
2.56617093 -12.96800995 -0.71591383
2.53592420 -12.96800995 -0.77693492
2.56940293 -12.96800995 -0.87318605
2.60038638 -12.96800995 -1.01134658
2.56381226 -12.96800995 -1.14300299
2.56429577 -12.96800995 -1.21870852
2.57759213 -12.96800995 -1.30293918
2.56861663 -12.96800995 -1.40910530
2.51250315 -12.96800995 -1.44012129
2.45001459 -12.96800995 -1.47105730
2.38213301 -12.96800995 -1.48050737
2.30173564 -12.96800995 -1.48202014
2.18990517 -12.96800995 -1.45451534
2.11873651 -12.96800995 -1.45099390
2.04923749 -12.96800995 -1.44680417
1.97469795 -12.96800995 -1.42046821
1.85537660 -12.96800995 -1.41724586
1.75232422 -12.96800995 -1.42266142
1.62272358 -12.96800995 -1.40464294
1.51298511 -12.96800995 -1.40144229
1.42280126 -12.96800995 -1.40810668
1.31601143 -12.96800995 -1.40569901
1.24476516 -12.96800995 -1.40318799
1.18384469 -12.96800995 -1.39381194
1.09675181 -12.96800995 -1.40563595
1.03139806 -12.96800995 -1.42043436
0.94377452 -12.96800995 -1.42273676
0.84029961 -12.96800995 -1.41420424
0.70574576 -12.96800995 -1.41693270
0.57710630 -12.96800995 -1.41715384
0.43798390 -12.96800995 -1.41177499
0.26559120 -12.96800995 -1.41291916
0.07964283 -12.96800995 -1.39084697
-0.05288006 -12.96800995 -1.36733985
-0.13865024 -12.96800995 -1.33503187
-0.12309349 -12.96800995 -1.24902284
-0.09945951 -12.96800995 -1.11337221
-0.03444395 -12.96800995 -0.94777697
-0.03289143 -12.96800995 -0.80563962
0.00094981 -12.96800995 -0.67877793
0.01254855 -12.96800995 -0.55392319
0.04823571 -12.96800995 -0.44216710
0.10362548 -12.96800995 -0.25244960
0.13351026 -12.96800995 -0.11460564
0.16968007 -12.96800995 -0.00872292
0.18659034 -12.96800995 0.05631713
0.20193301 -12.96800995 0.14219373
0.21826102 -12.96800995 0.23395512
0.25047165 -12.96800995 0.28485075
0.26870158 -12.96800995 0.38322872
0.26978266 -12.96800995 0.45056337
0.28417134 -12.96800995 0.54612833
0.43612903 -12.96800995 0.55922866
0.47031859 -12.96800995 0.61061966
0.59642529 -12.96800995 0.61023849
0.69344121 -12.96800995 0.63671380
0.77756077 -12.96800995 0.63274717
0.88869834 -12.96800995 0.63299131
0.97326088 -12.96800995 0.62905467
1.05284059 -12.96800995 0.58586872
1.12174153 -12.96800995 0.60826719
1.19659138 -12.96800995 0.61848271
2.45687389 -12.96800995 0.17231332
2.59539700 -12.96800995 -0.57957834
