2.28535104 77.26007843 -1.46403682
2.45012021 77.26007843 -1.27865589
2.46324301 77.26007843 -0.53023702
0.38040900 77.26007843 0.40537050
-0.03406200 77.26007843 -0.95571178
1.23535204 77.25008392 0.59373587
1.30030024 77.25008392 0.58450150
1.41124523 77.25008392 0.57205218
1.56218493 77.25008392 0.54683727
1.63343155 77.25008392 0.53390694
1.73024952 77.25008392 0.51107395
1.80720055 77.25008392 0.49219602
1.88890946 77.25008392 0.46902725
2.01407766 77.25008392 0.48009124
2.14285612 77.25008392 0.38881323
2.23833561 77.25008392 0.25950795
2.29295969 77.25008392 0.16620873
2.39341211 77.25008392 0.09759292
2.45169187 77.25008392 0.03999557
2.46529603 77.25008392 -0.25913936
2.46417212 77.25008392 -0.36463302
2.47287679 77.25008392 -0.60989141
2.45843387 77.25008392 -0.73347509
2.49978805 77.25008392 -0.87975091
2.51203966 77.25008392 -1.02690685
2.49498200 77.25008392 -1.22737205
2.32793975 77.25008392 -1.39666843
2.13406944 77.25008392 -1.63734078
1.97313476 77.25008392 -1.61035335
1.81942809 77.25008392 -1.58822751
1.69373834 77.25008392 -1.57472086
1.50505054 77.25008392 -1.49601018
1.29794919 77.25008392 -1.48984396
1.19491959 77.25008392 -1.48966944
1.10015357 77.25008392 -1.48974633
0.97033119 77.25008392 -1.50124919
0.88056052 77.25008392 -1.50716472
0.73342174 77.25008392 -1.51815236
0.65752572 77.25008392 -1.51963019
0.51107717 77.25008392 -1.51446176
0.35135454 77.25008392 -1.50727141
0.18143071 77.25008392 -1.52186584
0.03347073 77.25008392 -1.42796302
-0.01591818 77.25008392 -1.36748278
-0.06649918 77.25008392 -1.30481720
-0.09273382 77.25008392 -1.20540011
-0.07235301 77.25008392 -1.14276218
-0.03778426 77.25008392 -1.02000606
-0.03249699 77.25008392 -0.87318802
-0.03067669 77.25008392 -0.81204897
-0.04713356 77.25008392 -0.72623169
-0.05521348 77.25008392 -0.65724474
-0.05448857 77.25008392 -0.57783252
-0.03419129 77.25008392 -0.44795546
0.01113509 77.25008392 -0.32243693
0.02553500 77.25008392 -0.21954736
0.04031949 77.25008392 -0.14128801
0.05505329 77.25008392 -0.04786686
0.08373237 77.25008392 0.01094826
0.14354329 77.25008392 0.11809706
0.26027721 77.25008392 0.28985092
0.23826700 77.25008392 0.35601085
0.33250040 77.25008392 0.36456519
0.44605216 77.25008392 0.47994053
0.50853527 77.25008392 0.49734455
0.69393498 77.25008392 0.54492873
0.77171415 77.25008392 0.52985168
0.85684949 77.25008392 0.53396142
0.92884344 77.25008392 0.54665536
0.99632180 77.25008392 0.58088362
2.46091557 77.25008392 -0.09470852
2.46623230 77.25008392 -0.03186802
2.08373904 77.25008392 0.47215265
1.47392094 77.25008392 0.56056231
1.16350365 77.25008392 0.60308951
1.08769405 77.25008392 0.60925126
0.61802959 77.25008392 0.53928566
0.20508021 77.25008392 0.21707767
