0.19934447 -60.27701569 -1.12584400
1.78436327 -60.27701569 0.63227344
0.42407623 -60.27701569 0.35334599
0.48869982 -60.27701569 0.49983123
1.02608895 -60.27701569 0.69863558
1.29419589 -60.27701569 0.69340438
1.15076983 -60.28701019 0.69201463
1.21140695 -60.28701019 0.69060636
0.95782703 -60.28701019 0.70050019
0.80457270 -60.28701019 0.72189093
0.72864002 -60.28701019 0.70379388
0.53993380 -60.28701019 0.57374859
0.45785517 -60.28701019 0.44034857
0.40773115 -60.28701019 0.28642043
0.39444357 -60.28701019 0.18167311
0.35773551 -60.28701019 0.08322274
0.32317594 -60.28701019 -0.01016534
0.24006467 -60.28701019 -0.25702700
0.26879120 -60.28701019 -0.16857351
0.21448383 -60.28701019 -0.33485276
0.19382812 -60.28701019 -0.41768903
0.19576097 -60.28701019 -0.51343328
0.19489861 -60.28701019 -0.61572880
0.21274838 -60.28701019 -0.68061054
0.20916103 -60.28701019 -0.74383080
0.20245497 -60.28701019 -0.87712193
0.17645265 -60.28701019 -1.03350031
0.23060650 -60.28701019 -1.25106716
0.21684888 -60.28701019 -1.18502879
0.27967325 -60.28701019 -1.29983103
0.34554765 -60.28701019 -1.33562911
0.44878793 -60.28701019 -1.37034464
0.58965576 -60.28701019 -1.40057492
0.52126050 -60.28701019 -1.38291764
0.69496888 -60.28701019 -1.40787256
0.77529466 -60.28701019 -1.42232168
0.87612414 -60.28701019 -1.43386972
1.01184332 -60.28701019 -1.44786763
1.10322213 -60.28701019 -1.45911336
1.21859348 -60.28701019 -1.47639394
1.36099946 -60.28701019 -1.48383093
1.43629754 -60.28701019 -1.48516560
1.51528454 -60.28701019 -1.48343408
1.60816896 -60.28701019 -1.46581936
1.69399607 -60.28701019 -1.46821928
1.78795767 -60.28701019 -1.47462869
1.88492596 -60.28701019 -1.46865487
2.00169373 -60.28701019 -1.46776915
2.07138443 -60.28701019 -1.46275115
2.23070645 -60.28701019 -1.46755075
2.14361310 -60.28701019 -1.46142495
2.36121130 -60.28701019 -1.43181324
2.29863596 -60.28701019 -1.45147896
2.40193701 -60.28701019 -1.38319588
2.44501352 -60.28701019 -1.30193853
2.47827482 -60.28701019 -1.22324336
2.49296522 -60.28701019 -1.12659681
2.47879481 -60.28701019 -0.95209199
2.47304702 -60.28701019 -1.04559195
2.50555229 -60.28701019 -0.83426541
2.57204151 -60.28701019 -0.71694225
2.62125850 -60.28701019 -0.61504322
2.58006811 -60.28701019 -0.41412708
2.59806252 -60.28701019 -0.48986065
2.55778241 -60.28701019 -0.25860539
2.54454041 -60.28701019 -0.19464882
2.48878074 -60.28701019 -0.07929173
2.44731045 -60.28701019 0.02329766
2.38967991 -60.28701019 0.10886938
2.29507613 -60.28701019 0.23574354
2.21444559 -60.28701019 0.40403625
2.05344296 -60.28701019 0.43363208
1.94464684 -60.28701019 0.55159765
1.72772813 -60.28701019 0.65317506
1.65307033 -60.28701019 0.66394895
1.58798110 -60.28701019 0.69204867
2.03204226 -60.28701019 0.50898361
2.55106807 -60.28701019 -0.33822712
1.28608668 -60.28701019 -1.48189032
0.95188105 -60.28701019 -1.44409204
0.15852307 -60.28701019 -0.95718282
0.29755694 -60.28701019 -0.09853683
0.59873986 -60.28701019 0.63350415
