-0.22361222 -50.91721344 -0.02906713
1.01293957 -50.91721344 0.71057153
1.37174916 -50.91721344 0.64584088
2.20925212 -50.91721344 -0.37893298
0.78503853 -50.92720795 -1.44365072
0.67894572 -50.92720795 -1.43237579
0.55646747 -50.92720795 -1.41832924
0.39741850 -50.92720795 -1.41505313
0.27012530 -50.92720795 -1.39984894
0.13441557 -50.92720795 -1.38470554
0.03569504 -50.92720795 -1.36303735
-0.04053383 -50.92720795 -1.33024204
-0.15543087 -50.92720795 -0.91404742
-0.21166991 -50.92720795 -0.84461391
-0.18542993 -50.92720795 -0.66337121
-0.22581305 -50.92720795 -0.51343125
-0.22840931 -50.92720795 -0.45154893
-0.24660785 -50.92720795 -0.34816810
-0.22509660 -50.92720795 -0.25592873
-0.21236002 -50.92720795 -0.08888203
-0.22506550 -50.92720795 0.03475311
-0.19606094 -50.92720795 0.08846018
-0.15406497 -50.92720795 0.19220407
-0.12244294 -50.92720795 0.24598746
-0.10857873 -50.92720795 0.32097518
-0.08636272 -50.92720795 0.38745278
-0.07225455 -50.92720795 0.48359051
-0.05136090 -50.92720795 0.56170440
0.16837466 -50.92720795 0.61253607
0.25647292 -50.92720795 0.61738580
0.43071443 -50.92720795 0.60508943
0.52114183 -50.92720795 0.61868685
0.59865284 -50.92720795 0.62593919
0.66628295 -50.92720795 0.64346230
0.77571422 -50.92720795 0.66091985
0.86042982 -50.92720795 0.69665200
0.94769228 -50.92720795 0.71203482
1.12627256 -50.92720795 0.69839185
1.19751871 -50.92720795 0.67629141
1.28071845 -50.92720795 0.66350740
1.75712550 -50.92720795 0.52461821
1.87080908 -50.92720795 0.48596349
1.96745884 -50.92720795 0.39973330
1.99427927 -50.92720795 0.32843396
2.02692842 -50.92720795 0.25002789
2.04322124 -50.92720795 0.17871815
2.08523583 -50.92720795 0.02801998
2.12269068 -50.92720795 -0.09929448
2.16893268 -50.92720795 -0.23226216
2.19667792 -50.92720795 -0.31694293
2.25684071 -50.92720795 -0.50681901
2.27203918 -50.92720795 -0.58405960
2.30367160 -50.92720795 -0.76066482
2.32857537 -50.92720795 -0.89188629
2.35640836 -50.92720795 -1.09561741
2.37870932 -50.92720795 -1.25088155
2.36793828 -50.92720795 -1.33672333
2.30935836 -50.92720795 -1.36286271
2.23959327 -50.92720795 -1.37599909
2.13295913 -50.92720795 -1.38695049
2.02968669 -50.92720795 -1.40095007
1.91446757 -50.92720795 -1.41108930
1.82453775 -50.92720795 -1.42083526
1.73773527 -50.92720795 -1.42445648
1.65846109 -50.92720795 -1.42407203
1.50005186 -50.92720795 -1.44596398
1.37069702 -50.92720795 -1.45501435
1.27442276 -50.92720795 -1.45516133
0.97680229 -50.92720795 -1.44162786
2.29412079 -50.92720795 -0.67553031
1.12310290 -50.92720795 -1.45262599
-0.12568277 -50.92720795 -1.24363089
-0.18406340 -50.92720795 -1.09759617
0.03181345 -50.92720795 0.59156156
0.33639300 -50.92720795 0.61494523
