1.60311317 42.94080353 0.35382721
1.15365875 42.93080902 0.46380487
1.27844322 42.93080902 0.44731027
1.08679187 42.93080902 0.45088992
0.96097726 42.93080902 0.44103691
0.70932114 42.93080902 0.46821263
0.77566558 42.93080902 0.46377853
0.61745214 42.93080902 0.46502057
0.49137062 42.93080902 0.44986263
0.36414626 42.93080902 0.41640174
0.15165158 42.93080902 0.39211947
0.25676495 42.93080902 0.43669665
0.10573515 42.93080902 0.32190496
0.03642962 42.93080902 0.25477704
0.03603533 42.93080902 0.10009310
0.00726656 42.93080902 -0.01417211
-0.04183612 42.93080902 -0.13771755
-0.08264246 42.93080902 -0.26749435
-0.12929915 42.93080902 -0.35002545
-0.17819622 42.93080902 -0.45725125
-0.15519071 42.93080902 -0.56968600
-0.19735928 42.93080902 -0.75390977
-0.14634359 42.93080902 -0.90306497
-0.15318745 42.93080902 -1.08599126
-0.15040781 42.93080902 -1.00531149
-0.16321857 42.93080902 -1.16406906
-0.12339396 42.93080902 -1.22185826
-0.09890018 42.93080902 -1.31959426
0.00070278 42.93080902 -1.46241558
0.07224816 42.93080902 -1.49879694
0.18269090 42.93080902 -1.52150381
0.28877473 42.93080902 -1.53432381
0.36788025 42.93080902 -1.53415215
0.45404401 42.93080902 -1.54286540
0.53794616 42.93080902 -1.54429162
0.66665465 42.93080902 -1.54958653
0.77093929 42.93080902 -1.55864418
0.86205971 42.93080902 -1.55851710
0.94653231 42.93080902 -1.55266762
1.10386789 42.93080902 -1.53585994
1.18299067 42.93080902 -1.54088545
1.27185464 42.93080902 -1.54441202
1.35518622 42.93080902 -1.54141927
1.46208394 42.93080902 -1.53959668
1.58320355 42.93080902 -1.55049479
1.71743405 42.93080902 -1.54589164
1.87074852 42.93080902 -1.52219272
1.95975280 42.93080902 -1.49176359
2.03137279 42.93080902 -1.28033853
1.98260891 42.93080902 -1.42387187
2.09959602 42.93080902 -1.17058146
2.14258027 42.93080902 -1.09107006
2.11667800 42.93080902 -1.03148699
2.04627299 42.93080902 -0.88694245
2.11453509 42.93080902 -0.79158074
2.10067606 42.93080902 -0.59961003
2.08747411 42.93080902 -0.53918058
2.02836227 42.93080902 -0.37444225
2.03962684 42.93080902 -0.25385642
2.05136037 42.93080902 -0.14139266
2.00847387 42.93080902 -0.04009076
1.98735118 42.93080902 0.09971518
1.96140635 42.93080902 0.16919529
1.71454322 42.93080902 0.32290465
1.82779455 42.93080902 0.28061435
1.54274154 42.93080902 0.36194238
1.38187695 42.93080902 0.43498740
-0.06562714 42.93080902 -1.39472234
