1.92803383 -40.25743866 0.81566530
0.14915244 -40.25743866 -1.05598545
0.59152853 -40.25743866 0.72120851
0.71759629 -40.25743866 0.73592967
0.85437638 -40.25743866 0.73850322
1.34903026 -40.25743866 0.80461091
1.74374247 -40.26743317 0.80846018
1.82189536 -40.26743317 0.80584681
2.29539657 -40.26743317 0.78497458
2.61657524 -40.26743317 0.73849350
2.65868640 -40.26743317 0.66229278
2.69277358 -40.26743317 0.53873217
2.71240473 -40.26743317 0.43396947
2.78033400 -40.26743317 0.25072882
2.81081676 -40.26743317 0.17045976
2.84015965 -40.26743317 0.07998305
2.88395905 -40.26743317 -0.02147967
2.87399054 -40.26743317 -0.11347371
2.82192063 -40.26743317 -0.34868047
2.82350039 -40.26743317 -0.45291746
2.83334517 -40.26743317 -0.57455683
2.83324862 -40.26743317 -0.66285181
2.80801392 -40.26743317 -0.75849998
2.75783253 -40.26743317 -0.88854659
2.72462535 -40.26743317 -0.95154291
2.62005329 -40.26743317 -1.09527147
2.57557178 -40.26743317 -1.14449918
2.49652672 -40.26743317 -1.24443865
2.44378448 -40.26743317 -1.32954884
2.21570349 -40.26743317 -1.38598728
2.14116931 -40.26743317 -1.39124620
2.07715678 -40.26743317 -1.39556599
1.96571493 -40.26743317 -1.39637625
1.84808981 -40.26743317 -1.40026724
1.73075569 -40.26743317 -1.40292609
1.61277270 -40.26743317 -1.41162455
1.52134812 -40.26743317 -1.42137599
1.42938995 -40.26743317 -1.42034245
1.31432950 -40.26743317 -1.42107999
1.25093663 -40.26743317 -1.43253946
1.17685175 -40.26743317 -1.43274152
1.05398357 -40.26743317 -1.41583276
0.91365534 -40.26743317 -1.42995024
0.78396845 -40.26743317 -1.43039012
0.64311117 -40.26743317 -1.43696177
0.57771468 -40.26743317 -1.43891871
0.43074539 -40.26743317 -1.42441094
0.30600074 -40.26743317 -1.42651725
0.23612443 -40.26743317 -1.41900551
0.17380735 -40.26743317 -1.39273369
0.15334924 -40.26743317 -1.28653228
0.14344025 -40.26743317 -1.18631673
0.15645979 -40.26743317 -1.12056148
0.14320581 -40.26743317 -0.97608739
0.15516447 -40.26743317 -0.83218157
0.13280033 -40.26743317 -0.71936798
0.15563622 -40.26743317 -0.58895367
0.15330642 -40.26743317 -0.50099838
0.14841001 -40.26743317 -0.40512240
0.17496088 -40.26743317 -0.31813568
0.19794582 -40.26743317 -0.24551903
0.18986374 -40.26743317 -0.05761653
0.16444650 -40.26743317 0.04577899
0.16358158 -40.26743317 0.14179628
0.18467021 -40.26743317 0.20119239
0.21763195 -40.26743317 0.29501119
0.25362137 -40.26743317 0.38436079
0.27004066 -40.26743317 0.49537355
0.31816313 -40.26743317 0.58047885
0.35798386 -40.26743317 0.63698179
0.46788073 -40.26743317 0.66729409
0.52734554 -40.26743317 0.71092373
0.65084720 -40.26743317 0.73089778
0.78240079 -40.26743317 0.73592895
0.92573649 -40.26743317 0.74802011
0.99923366 -40.26743317 0.76683158
1.06247485 -40.26743317 0.76371139
1.20881689 -40.26743317 0.78089827
1.28849006 -40.26743317 0.78960747
1.48587501 -40.26743317 0.80882293
1.58961558 -40.26743317 0.81149721
2.83563232 -40.26743317 -0.22292557
2.78864121 -40.26743317 -0.82251251
2.35501170 -40.26743317 -1.36866438
1.41517806 -40.26743317 0.81769508
