2.58223391 -28.81768036 0.55116898
1.33568156 -28.82767487 0.62820667
0.80314291 -28.82767487 0.55560303
0.88446188 -28.82767487 0.59711140
0.71675801 -28.82767487 0.57372838
0.61486149 -28.82767487 0.47320533
0.61062932 -28.82767487 0.54925877
0.60336620 -28.82767487 0.38177449
0.55743223 -28.82767487 0.28067878
0.52293169 -28.82767487 0.17650811
0.45559210 -28.82767487 0.02094426
0.48320174 -28.82767487 0.11040485
0.44469479 -28.82767487 -0.06302348
0.40902701 -28.82767487 -0.26307610
0.42884305 -28.82767487 -0.17188530
0.38140869 -28.82767487 -0.33172917
0.37042361 -28.82767487 -0.42348152
0.33827442 -28.82767487 -0.53793138
0.29318890 -28.82767487 -0.66435993
0.25060537 -28.82767487 -0.80581558
0.19943202 -28.82767487 -0.96392435
0.16254292 -28.82767487 -1.19958758
0.18217242 -28.82767487 -1.12373471
0.23060052 -28.82767487 -1.27754152
0.38115692 -28.82767487 -1.43365955
0.62059236 -28.82767487 -1.43314278
0.48432705 -28.82767487 -1.44997978
0.73626155 -28.82767487 -1.42756140
0.89368206 -28.82767487 -1.42594087
0.80119550 -28.82767487 -1.42626631
1.05025113 -28.82767487 -1.42476833
1.23979163 -28.82767487 -1.42427504
1.13484144 -28.82767487 -1.42221725
1.39016759 -28.82767487 -1.42791939
1.31463802 -28.82767487 -1.43086457
1.49418223 -28.82767487 -1.42454612
1.56970227 -28.82767487 -1.42566216
1.68642032 -28.82767487 -1.42054570
1.81544638 -28.82767487 -1.44034994
1.74967921 -28.82767487 -1.43152785
1.91747165 -28.82767487 -1.43259692
2.01082397 -28.82767487 -1.42393494
2.16133738 -28.82767487 -1.43623042
2.07887101 -28.82767487 -1.41685724
2.43066478 -28.82767487 -1.44510233
2.50095797 -28.82767487 -1.40708172
2.55528474 -28.82767487 -1.35802960
2.63904595 -28.82767487 -1.27068114
2.60990143 -28.82767487 -1.32787001
2.63040018 -28.82767487 -1.17711067
2.65361595 -28.82767487 -1.01854789
2.66506433 -28.82767487 -0.93654019
2.66130400 -28.82767487 -0.83401698
2.67836046 -28.82767487 -0.72399795
2.68684435 -28.82767487 -0.52597797
2.70235991 -28.82767487 -0.45544228
2.70936155 -28.82767487 -0.35846350
2.71321368 -28.82767487 -0.26409543
2.72426558 -28.82767487 -0.20273232
2.69516110 -28.82767487 -0.08417262
2.63737702 -28.82767487 0.12624806
2.65130854 -28.82767487 0.05446951
2.66541934 -28.82767487 0.24816220
2.66310716 -28.82767487 0.34813476
2.68723798 -28.82767487 0.49764928
2.66173220 -28.82767487 0.58276033
2.51219630 -28.82767487 0.55436426
2.38121939 -28.82767487 0.63070506
2.44273806 -28.82767487 0.60121423
2.25624800 -28.82767487 0.63846433
2.09199500 -28.82767487 0.58011627
2.00351644 -28.82767487 0.57511997
1.82566738 -28.82767487 0.59740299
1.89945292 -28.82767487 0.59824944
1.74169672 -28.82767487 0.63153827
1.64080811 -28.82767487 0.64526957
1.52343798 -28.82767487 0.65326303
1.44960308 -28.82767487 0.65217578
2.31803536 -28.82767487 -1.44452441
2.63909197 -28.82767487 -1.10642540
2.66980982 -28.82767487 -0.65774184
2.16791677 -28.82767487 0.62070191
