0.95809591 -52.22718048 -1.44872761
0.78996676 -52.22718048 -1.44976377
0.68229443 -52.22718048 -1.43722129
0.59510958 -52.22718048 -1.43401301
0.47817811 -52.22718048 -1.42085290
0.35170135 -52.22718048 -1.41795492
0.21864948 -52.22718048 -1.42645168
0.12959068 -52.22718048 -1.20880055
0.10275266 -52.22718048 -1.09649742
0.09577111 -52.22718048 -0.98511660
0.15937233 -52.22718048 -0.75357407
0.17844132 -52.22718048 -0.66216433
0.16652654 -52.22718048 -0.57018322
0.86448938 -52.22718048 -1.44968903
0.14742985 -52.22718048 -1.39215720
0.11674359 -52.22718048 -0.86862892
2.06037068 -52.22718048 0.59422839
2.07061815 -52.22718048 0.46941131
2.08959246 -52.22718048 0.34247723
2.09650302 -52.22718048 0.19031334
2.11535263 -52.22718048 0.09225653
2.23266006 -52.22718048 -0.06271397
2.26289964 -52.22718048 -0.18289500
2.32290959 -52.22718048 -0.41346040
2.34635401 -52.22718048 -0.50889283
2.30153108 -52.22718048 -0.62584829
2.42502499 -52.22718048 -0.77782851
2.45269108 -52.22718048 -0.92217201
2.50169539 -52.22718048 -1.09057033
2.48208809 -52.22718048 -1.22229445
2.55861759 -52.22718048 -1.37267709
2.46031380 -52.22718048 -1.39361906
2.26504421 -52.22718048 -1.44322705
2.06474042 -52.22718048 -1.43704748
1.87588716 -52.22718048 -1.41745138
1.73899150 -52.22718048 -1.42144859
1.61758149 -52.22718048 -1.41976798
1.51146305 -52.22718048 -1.43381298
1.40927398 -52.22718048 -1.44277000
1.30806351 -52.22718048 -1.44546938
1.21755588 -52.22718048 -1.44960845
1.13116431 -52.22718048 -1.45422542
0.17774707 -52.22718048 -0.51061678
0.19115408 -52.22718048 -0.36614615
0.19380862 -52.22718048 -0.26013029
0.18726556 -52.22718048 -0.13598545
0.14239091 -52.22718048 -0.03127417
0.11767580 -52.22718048 0.05594793
0.16908091 -52.22718048 0.15084858
0.12182493 -52.22718048 0.25886780
0.20272656 -52.22718048 0.35812420
0.22353220 -52.22718048 0.48455790
0.26527274 -52.22718048 0.61431932
0.33924904 -52.22718048 0.70693296
0.45628148 -52.22718048 0.76656777
0.55567580 -52.22718048 0.79501230
0.67068607 -52.22718048 0.78540868
0.80416960 -52.22718048 0.73587030
0.94314671 -52.22718048 0.74145591
1.07450771 -52.22718048 0.74784511
1.13856983 -52.22718048 0.75054210
1.28823495 -52.22718048 0.71657920
1.40303671 -52.22718048 0.69940042
1.52715361 -52.22718048 0.70762134
1.62865567 -52.22718048 0.70281452
1.76091588 -52.22718048 0.72532219
1.93196976 -52.22718048 0.72009975
2.00067520 -52.22718048 0.70528722
