2.63127995 15.38138580 0.35531414
0.17616959 15.38138580 -0.50282502
0.33726087 15.38138580 -0.12260111
1.26689100 15.37139130 0.95186514
1.34159470 15.37139130 0.89446318
1.43318653 15.37139130 0.90899652
1.58944261 15.37139130 0.90871471
1.67845774 15.37139130 0.90111512
1.77951562 15.37139130 0.88656431
1.83696651 15.37139130 0.79026252
1.90962243 15.37139130 0.79454905
1.98950040 15.37139130 0.78970557
2.16069984 15.37139130 0.81425923
2.29118586 15.37139130 0.83134174
2.36890888 15.37139130 0.79772949
2.43767595 15.37139130 0.75936037
2.48462558 15.37139130 0.71401471
2.51949954 15.37139130 0.64580435
2.58977127 15.37139130 0.51825935
2.59922218 15.37139130 0.43458542
2.63671327 15.37139130 0.29553190
2.65599346 15.37139130 0.13282883
2.68422365 15.37139130 0.07309017
2.70226121 15.37139130 -0.05189588
2.73479176 15.37139130 -0.14997415
2.75447059 15.37139130 -0.22885020
2.75047851 15.37139130 -0.36788696
2.74060535 15.37139130 -0.46330571
2.69762754 15.37139130 -0.62389618
2.69257808 15.37139130 -0.76487815
2.68579793 15.37139130 -0.94713223
2.64018345 15.37139130 -1.10658062
2.61161685 15.37139130 -1.32388973
2.42912579 15.37139130 -1.37251472
2.25569940 15.37139130 -1.38703668
2.05267739 15.37139130 -1.41289377
1.89474654 15.37139130 -1.43491697
1.79164171 15.37139130 -1.44260645
1.63693440 15.37139130 -1.43891823
1.48248482 15.37139130 -1.41049004
1.38039005 15.37139130 -1.41861606
1.11888099 15.37139130 -1.41189313
0.91179228 15.37139130 -1.41594148
0.80394036 15.37139130 -1.41304755
0.64949256 15.37139130 -1.40885973
0.48288313 15.37139130 -1.39958608
0.35529876 15.37139130 -1.38968778
0.26730227 15.37139130 -1.35452855
0.22182977 15.37139130 -1.30505943
0.14002271 15.37139130 -1.19722879
0.09843960 15.37139130 -1.07832754
0.20664339 15.37139130 -0.83597326
0.18736471 15.37139130 -0.69434786
0.16084327 15.37139130 -0.56053275
0.16359960 15.37139130 -0.43687353
0.20090601 15.37139130 -0.36789635
0.26746064 15.37139130 -0.24101564
0.30399239 15.37139130 -0.17218086
0.29587069 15.37139130 -0.07276677
0.35696784 15.37139130 0.06487093
0.36950034 15.37139130 0.16098183
0.40607700 15.37139130 0.22235759
0.41229019 15.37139130 0.36580017
0.41770932 15.37139130 0.44170225
0.52150130 15.37139130 0.47027630
0.57617915 15.37139130 0.51032966
0.67280132 15.37139130 0.57199544
0.74983048 15.37139130 0.62485945
0.83488399 15.37139130 0.68422031
0.89614636 15.37139130 0.70339590
0.97363627 15.37139130 0.73450512
1.03796303 15.37139130 0.76878792
1.11369014 15.37139130 0.81259692
1.20096326 15.37139130 0.90175867
2.22505593 15.37139130 0.82903862
1.18486452 15.37139130 -1.42340219
