2.45924854 -66.77687836 -0.40993443
0.39230892 -66.77687836 0.26402363
0.84085143 -66.77687836 0.52493656
1.23546207 -66.77687836 0.61711985
0.56649458 -66.78687286 -1.38124430
0.75636840 -66.78687286 -1.44603312
0.90519172 -66.78687286 -1.46478295
1.00270772 -66.78687286 -1.47608232
0.65993297 -66.78687286 -1.42578101
1.15814400 -66.78687286 0.60632378
1.05032742 -66.78687286 0.57296157
0.92820334 -66.78687286 0.55091250
0.77641916 -66.78687286 0.51907617
0.72213900 -66.78687286 0.49227649
0.63715792 -66.78687286 0.46681869
0.57355386 -66.78687286 0.47284177
0.52063167 -66.78687286 0.39868835
0.45587963 -66.78687286 0.31157374
0.35303304 -66.78687286 0.21770957
0.22045608 -66.78687286 0.15594493
0.27044496 -66.78687286 0.20214126
0.18340720 -66.78687286 0.08408827
0.16200124 -66.78687286 0.01598565
0.13138635 -66.78687286 -0.04724042
0.14373703 -66.78687286 -0.22180443
0.13854156 -66.78687286 -0.12930931
0.16464776 -66.78687286 -0.29798356
0.20533288 -66.78687286 -0.43093926
0.23281911 -66.78687286 -0.57188147
0.27509826 -66.78687286 -0.87864196
0.26825473 -66.78687286 -0.70656270
0.30500633 -66.78687286 -0.97254932
0.41092116 -66.78687286 -1.25970471
0.40369111 -66.78687286 -1.07354879
0.47389692 -66.78687286 -1.32017374
1.19642293 -66.78687286 -1.48539209
1.43834913 -66.78687286 -1.48282886
1.57462287 -66.78687286 -1.48586738
1.69180560 -66.78687286 -1.45995057
1.83000100 -66.78687286 -1.47640872
1.99618375 -66.78687286 -1.46718407
2.11525989 -66.78687286 -1.45490921
2.30574822 -66.78687286 -1.43451715
2.43484855 -66.78687286 -1.38965929
2.46353149 -66.78687286 -1.15975344
2.45221972 -66.78687286 -1.30610120
2.46260953 -66.78687286 -1.00523508
2.47799706 -66.78687286 -0.80664462
2.48098755 -66.78687286 -0.69636708
2.48594666 -66.78687286 -0.57879311
2.48512292 -66.78687286 -0.46507710
2.43384051 -66.78687286 -0.34401125
2.38520050 -66.78687286 -0.19594520
2.35065246 -66.78687286 -0.10696622
2.37196875 -66.78687286 0.06306382
2.28573966 -66.78687286 0.18833776
2.28088474 -66.78687286 0.25214756
2.23546124 -66.78687286 0.35393131
2.25083518 -66.78687286 0.55191225
2.20825744 -66.78687286 0.60329461
2.05385709 -66.78687286 0.58530706
1.88856947 -66.78687286 0.64269125
1.79457617 -66.78687286 0.66948420
1.66253614 -66.78687286 0.67009860
1.56464732 -66.78687286 0.67101139
1.45294881 -66.78687286 0.63864005
1.35730827 -66.78687286 0.63000822
2.48875642 -66.78687286 -0.93303144
0.99038011 -66.78687286 0.56818455
