1.17415369 -18.15790558 0.89458621
2.00626969 -18.15790558 0.68969840
2.49281573 -18.15790558 0.18422703
1.40258491 -18.15790558 -1.44487059
0.02983751 -18.15790558 -1.36786497
-0.11018579 -18.15790558 -0.98270947
-0.07615146 -18.15790558 -0.83637953
1.47601628 -18.16790009 -1.44659972
1.53616822 -18.16790009 -1.43503416
1.65184557 -18.16790009 -1.43899703
1.73717165 -18.16790009 -1.44161117
1.83083761 -18.16790009 -1.44355655
1.93009722 -18.16790009 -1.44202197
2.04326844 -18.16790009 -1.44371140
2.16461658 -18.16790009 -1.43938470
2.29661870 -18.16790009 -1.41607034
2.39693332 -18.16790009 -1.36061287
2.53673053 -18.16790009 -1.32330048
2.56633973 -18.16790009 -1.17984772
2.53869247 -18.16790009 -1.04524791
2.52944732 -18.16790009 -0.92940670
2.52964234 -18.16790009 -0.81286949
2.56694841 -18.16790009 -0.67280495
2.57121778 -18.16790009 -0.60559255
2.58670163 -18.16790009 -0.46458903
2.60259748 -18.16790009 -0.32146659
2.60235286 -18.16790009 -0.20952155
2.60339904 -18.16790009 -0.13626261
2.55627728 -18.16790009 0.08298100
2.45188022 -18.16790009 0.25673249
2.39209247 -18.16790009 0.42475221
2.29742384 -18.16790009 0.51887065
2.21173358 -18.16790009 0.59263957
2.15185976 -18.16790009 0.63742548
1.92774093 -18.16790009 0.71514267
1.77599096 -18.16790009 0.79807836
1.65527666 -18.16790009 0.84017682
1.46266401 -18.16790009 0.86647910
1.10321391 -18.16790009 0.91404235
1.00662756 -18.16790009 0.95314950
0.92592227 -18.16790009 0.95751911
0.85048264 -18.16790009 0.93953812
0.65649211 -18.16790009 0.82661265
0.46913147 -18.16790009 0.72927773
0.54105181 -18.16790009 0.76258349
0.37313485 -18.16790009 0.65088391
0.29292625 -18.16790009 0.33017814
0.32758096 -18.16790009 0.48018616
0.23018654 -18.16790009 0.29046369
0.21205866 -18.16790009 0.16009270
0.20992887 -18.16790009 0.22592746
0.19489728 -18.16790009 0.04602968
0.19403063 -18.16790009 -0.08045577
0.16624607 -18.16790009 -0.21801396
0.14057404 -18.16790009 -0.31489792
0.04388282 -18.16790009 -0.41226813
0.08677100 -18.16790009 -0.36968791
0.00994257 -18.16790009 -0.54043961
0.02331651 -18.16790009 -0.47704127
-0.05308295 -18.16790009 -0.76555419
-0.03469705 -18.16790009 -0.67933375
-0.08763102 -18.16790009 -0.90042096
-0.12591772 -18.16790009 -1.04893589
-0.10477690 -18.16790009 -1.12637997
-0.08535974 -18.16790009 -1.21099126
0.08524688 -18.16790009 -1.40594971
0.30861759 -18.16790009 -1.40531266
0.22098443 -18.16790009 -1.41898239
0.44943127 -18.16790009 -1.38402295
0.57988620 -18.16790009 -1.40982068
0.68871289 -18.16790009 -1.43363321
0.75077838 -18.16790009 -1.43805027
0.83040082 -18.16790009 -1.44177508
0.93324196 -18.16790009 -1.44037580
1.02947187 -18.16790009 -1.43335736
1.14257956 -18.16790009 -1.42908156
1.23948300 -18.16790009 -1.44315588
1.31843388 -18.16790009 -1.44238734
1.27699733 -18.16790009 0.88606566
1.54683685 -18.16790009 0.84889638
1.85790813 -18.16790009 0.75944144
2.45229554 -18.16790009 0.35174498
2.57213402 -18.16790009 0.01671094
-0.06178256 -18.16790009 -1.28757346
0.16724864 -18.16790009 -0.15374826
0.32657936 -18.16790009 0.58312285
0.76443344 -18.16790009 0.89886296
