3.67115521 -31.15763092 -1.15853703
2.93385696 -31.15763092 0.93464291
1.81147647 -31.16762543 0.65920258
1.75207996 -31.16762543 0.55717677
1.69040060 -31.16762543 0.55189699
1.61357903 -31.16762543 0.58510947
1.43508399 -31.16762543 0.59401536
1.35070395 -31.16762543 0.59005636
1.19765341 -31.16762543 0.62075043
0.89267790 -31.16762543 0.64990735
1.04999804 -31.16762543 0.63513052
0.82337958 -31.16762543 0.63875794
0.70693278 -31.16762543 0.47545734
0.72968155 -31.16762543 0.55717814
0.63569176 -31.16762543 0.31624442
0.59876442 -31.16762543 0.25544736
0.47178635 -31.16762543 0.06044091
0.51329595 -31.16762543 0.15313998
0.40963256 -31.16762543 -0.06579182
0.35076118 -31.16762543 -0.21363711
0.28039426 -31.16762543 -0.51784247
0.32885447 -31.16762543 -0.37651542
0.26080713 -31.16762543 -0.68645954
0.24477357 -31.16762543 -1.05987704
0.16123074 -31.16762543 -0.90043032
0.28701454 -31.16762543 -1.17012334
0.57724571 -31.16762543 -1.47419953
0.42071185 -31.16762543 -1.45665789
0.78885627 -31.16762543 -1.45841265
1.01613986 -31.16762543 -1.45598030
1.22975516 -31.16762543 -1.44547403
1.30322826 -31.16762543 -1.45203888
1.46980047 -31.16762543 -1.45087492
1.58361268 -31.16762543 -1.44984865
1.79723978 -31.16762543 -1.44858146
1.89672124 -31.16762543 -1.44703674
2.06466126 -31.16762543 -1.44208837
2.22731042 -31.16762543 -1.45290649
2.34483123 -31.16762543 -1.46329355
2.51271749 -31.16762543 -1.46814680
3.08118868 -31.16762543 -1.51436543
2.65735769 -31.16762543 -1.47597158
3.37814331 -31.16762543 -1.51465809
3.19786787 -31.16762543 -1.51220703
3.50260043 -31.16762543 -1.48954165
3.65150261 -31.16762543 -1.21816802
3.60102081 -31.16762543 -1.38188159
3.72920895 -31.16762543 -0.98318577
3.76006579 -31.16762543 -0.88462186
3.78184414 -31.16762543 -0.70870882
3.83985448 -31.16762543 -0.41900688
3.78725433 -31.16762543 -0.60777932
3.84630156 -31.16762543 -0.32768521
3.81806588 -31.16762543 -0.17629135
3.77397823 -31.16762543 0.06485038
3.79558587 -31.16762543 -0.05556386
3.75876093 -31.16762543 0.17697227
3.71666241 -31.16762543 0.40542057
3.74777460 -31.16762543 0.25354767
3.69115067 -31.16762543 0.50521487
3.61756730 -31.16762543 0.61603785
3.52736902 -31.16762543 0.75451356
3.60275531 -31.16762543 0.68320030
3.28998542 -31.16762543 0.80321550
3.41083384 -31.16762543 0.76117373
3.14311600 -31.16762543 0.87037921
3.22363114 -31.16762543 0.82035649
2.99374032 -31.16762543 0.92245090
3.07966113 -31.16762543 0.88131821
2.76350999 -31.16762543 0.92215991
2.50651264 -31.16762543 0.84818500
2.43338847 -31.16762543 0.83042091
2.31449509 -31.16762543 0.79767478
2.21503067 -31.16762543 0.77033681
2.04888582 -31.16762543 0.72144210
2.12309694 -31.16762543 0.74527240
1.97329652 -31.16762543 0.70424426
1.89329147 -31.16762543 0.68015349
3.56850100 -31.16762543 -1.47749293
0.39876482 -31.16762543 -1.38448930
1.49481654 -31.16762543 0.60030717
