0.37014550 -68.07685089 -1.18553567
2.60616970 -68.07685089 -1.08522058
2.57858706 -68.07685089 -1.22620523
2.35015225 -68.07685089 -1.41001773
0.24682888 -68.08684540 -0.50886589
0.26305053 -68.08684540 -0.62134087
0.27971733 -68.08684540 -0.73549354
0.30208996 -68.08684540 -0.85531980
0.31543562 -68.08684540 -0.98387331
0.38786137 -68.08684540 -1.07437861
0.36135131 -68.08684540 -1.27252460
0.42083159 -68.08684540 -1.37882936
0.59106439 -68.08684540 -1.40493453
0.74321425 -68.08684540 -1.42459536
0.85305774 -68.08684540 -1.44462407
0.97465289 -68.08684540 -1.45859504
1.09286225 -68.08684540 -1.45789444
1.20302355 -68.08684540 -1.47998059
1.33226860 -68.08684540 -1.47754669
1.52465904 -68.08684540 -1.47682893
1.62018955 -68.08684540 -1.47741008
1.75860620 -68.08684540 -1.45219243
1.89797449 -68.08684540 -1.45444846
2.02155948 -68.08684540 -1.45578003
2.15730691 -68.08684540 -1.46652484
2.22671270 -68.08684540 -1.45526004
2.41061115 -68.08684540 -1.38582480
2.52163792 -68.08684540 -1.32730722
2.57092857 -68.08684540 -1.29097366
2.59499407 -68.08684540 -1.15930247
2.62487936 -68.08684540 -1.01731944
0.23616943 -68.08684540 -0.43663737
2.68815637 -68.08684540 -0.88031811
0.22061881 -68.08684540 -0.32630494
0.20355335 -68.08684540 -0.19825935
0.19017918 -68.08684540 -0.08740633
0.20308879 -68.08684540 0.01434847
0.22473945 -68.08684540 0.14987375
0.31702957 -68.08684540 0.21003234
0.39920866 -68.08684540 0.29901302
0.49897209 -68.08684540 0.37866077
0.55138296 -68.08684540 0.42618242
0.66767329 -68.08684540 0.47129160
0.77738345 -68.08684540 0.57352221
0.83000845 -68.08684540 0.61815089
0.88461524 -68.08684540 0.64734900
0.95654637 -68.08684540 0.66756636
1.08387077 -68.08684540 0.68828666
1.23085392 -68.08684540 0.71643484
1.30698967 -68.08684540 0.73566562
1.41941381 -68.08684540 0.74270540
1.50812984 -68.08684540 0.74351883
1.58457470 -68.08684540 0.76663780
1.67472041 -68.08684540 0.78350848
1.78756046 -68.08684540 0.77613914
1.95771194 -68.08684540 0.75196403
2.06056809 -68.08684540 0.72547621
2.16621161 -68.08684540 0.66949862
2.24744368 -68.08684540 0.64880687
2.39823127 -68.08684540 0.59048545
2.47780991 -68.08684540 0.50019205
2.48029041 -68.08684540 0.38960198
2.49257803 -68.08684540 0.28798792
2.51504421 -68.08684540 0.15227549
2.52287865 -68.08684540 -0.01512181
2.56484175 -68.08684540 -0.18944161
2.63756752 -68.08684540 -0.29913193
2.66297317 -68.08684540 -0.41525748
2.69809437 -68.08684540 -0.53256416
2.73651934 -68.08684540 -0.65843040
2.72345018 -68.08684540 -0.78914088
