2.84158468 -84.97649384 -1.44998097
2.36858940 -84.97649384 1.03103232
2.82941771 -84.97649384 0.88828045
3.11223483 -84.97649384 0.69561148
3.34706306 -84.97649384 0.56131917
0.04270825 -84.97649384 -0.63698602
0.24456683 -84.97649384 0.60767710
0.28964192 -84.97649384 0.82120961
0.96064758 -84.97649384 1.34964943
1.13041341 -84.97649384 1.40582108
1.87085950 -84.97649384 1.20687497
2.50754976 -84.98648834 1.05048025
2.63315654 -84.98648834 1.00877917
2.75704646 -84.98648834 0.94081241
2.95527482 -84.98648834 0.77527887
3.03810334 -84.98648834 0.73618257
3.29203463 -84.98648834 0.58636975
3.48538423 -84.98648834 0.46488616
3.56921792 -84.98648834 0.22601734
3.60678291 -84.98648834 0.07909840
3.66897440 -84.98648834 -0.10926736
3.83840895 -84.98648834 -0.33491790
3.90237212 -84.98648834 -0.48811817
3.90969515 -84.98648834 -0.54984277
3.81514144 -84.98648834 -0.78579223
3.73560667 -84.98648834 -0.90056646
3.60274673 -84.98648834 -1.05014610
3.43389153 -84.98648834 -1.19017196
3.27787805 -84.98648834 -1.28304672
3.13183308 -84.98648834 -1.37130761
3.02782559 -84.98648834 -1.42111087
2.96769404 -84.98648834 -1.42987251
2.78261733 -84.98648834 -1.45565522
2.51086140 -84.98648834 -1.47842467
2.36042929 -84.98648834 -1.49104464
2.24165130 -84.98648834 -1.49891889
2.11794209 -84.98648834 -1.51424551
1.98677421 -84.98648834 -1.53216207
1.87724352 -84.98648834 -1.53374887
1.68296540 -84.98648834 -1.53484619
1.59334803 -84.98648834 -1.54045498
1.51893973 -84.98648834 -1.54458857
1.41991627 -84.98648834 -1.54599690
1.34294450 -84.98648834 -1.54443395
1.18752003 -84.98648834 -1.54706800
1.10632932 -84.98648834 -1.53965008
1.02016759 -84.98648834 -1.52118897
0.95828116 -84.98648834 -1.52084029
0.86463994 -84.98648834 -1.52404630
0.79053867 -84.98648834 -1.52357733
0.69422543 -84.98648834 -1.51694465
0.61046833 -84.98648834 -1.51935613
0.35499844 -84.98648834 -1.53170836
0.24371858 -84.98648834 -1.53954685
0.24253972 -84.98648834 -1.44754994
0.10197040 -84.98648834 -1.30260158
0.10100511 -84.98648834 -1.21769059
0.10312188 -84.98648834 -1.00269604
0.10412060 -84.98648834 -0.93157452
0.10581416 -84.98648834 -0.86865163
0.08006001 -84.98648834 -0.69453120
0.02901347 -84.98648834 -0.54662693
0.04773924 -84.98648834 -0.45197910
-0.01654248 -84.98648834 -0.32017547
-0.00082240 -84.98648834 -0.01456623
0.03089662 -84.98648834 0.07360289
0.08438075 -84.98648834 0.21350037
0.06912630 -84.98648834 0.28562841
0.19198403 -84.98648834 0.45004335
0.22345939 -84.98648834 0.53767568
0.26505920 -84.98648834 0.75498170
0.31443334 -84.98648834 0.93316633
0.35343128 -84.98648834 1.01265681
0.43064502 -84.98648834 1.09492052
0.66527182 -84.98648834 1.18232107
0.73703235 -84.98648834 1.19772291
0.89176869 -84.98648834 1.30725837
1.06201279 -84.98648834 1.42502093
1.27942574 -84.98648834 1.36063671
1.36504662 -84.98648834 1.30924082
1.43426704 -84.98648834 1.30959105
1.66884601 -84.98648834 1.21665406
1.78582633 -84.98648834 1.23961103
1.97477710 -84.98648834 1.16022599
2.09316063 -84.98648834 1.09253800
2.28505707 -84.98648834 1.02495921
2.66753387 -84.98648834 -1.46895456
1.78975248 -84.98648834 -1.53197122
1.26336324 -84.98648834 -1.54832482
0.49872366 -84.98648834 -1.52237570
0.10171344 -84.98648834 -1.43340743
0.10159734 -84.98648834 -1.10694683
-0.05032400 -84.98648834 -0.20402843
-0.05635172 -84.98648834 -0.14279951
0.05492171 -84.98648834 0.15681936
0.50222707 -84.98648834 1.11371994
