0.13590583 61.92040253 -1.17071331
1.18328810 61.91040802 0.49924433
1.24334645 61.91040802 0.51523608
1.38477182 61.91040802 0.49385360
1.46875811 61.91040802 0.48073032
1.53542161 61.91040802 0.51321363
1.65505755 61.91040802 0.49337325
1.79442513 61.91040802 0.46273458
1.87306035 61.91040802 0.47812220
1.93857360 61.91040802 0.45731819
2.00097847 61.91040802 0.39198142
2.03122640 61.91040802 0.33645448
2.07079768 61.91040802 0.28198311
2.16524911 61.91040802 0.11329626
2.20675850 61.91040802 0.06232516
2.25421762 61.91040802 -0.01980772
2.28845930 61.91040802 -0.10862816
2.27640605 61.91040802 -0.17450857
2.26726460 61.91040802 -0.23460042
2.23138142 61.91040802 -0.32423908
2.18271375 61.91040802 -0.50805289
2.20130634 61.91040802 -0.60827875
2.17261958 61.91040802 -0.70850867
2.17213893 61.91040802 -0.79979426
2.17376208 61.91040802 -0.95247823
2.16281796 61.91040802 -1.08288920
2.17486835 61.91040802 -1.20309031
2.18087959 61.91040802 -1.26658201
2.16917682 61.91040802 -1.33757913
2.06846309 61.91040802 -1.46787608
1.91433060 61.91040802 -1.47681940
1.84537756 61.91040802 -1.48267674
1.69691789 61.91040802 -1.50407636
1.58001149 61.91040802 -1.51562500
1.48675179 61.91040802 -1.49240327
1.40775621 61.91040802 -1.48007202
1.30918825 61.91040802 -1.49215829
1.22045672 61.91040802 -1.49041414
1.06724286 61.91040802 -1.48469210
0.98216939 61.91040802 -1.48685980
0.86264706 61.91040802 -1.49948227
0.74347895 61.91040802 -1.50690901
0.63896096 61.91040802 -1.50999498
0.49974656 61.91040802 -1.49893594
0.38154164 61.91040802 -1.47701764
0.32150096 61.91040802 -1.47167361
0.24016605 61.91040802 -1.46111047
0.13910474 61.91040802 -1.42756617
0.14047678 61.91040802 -1.33719885
0.16748050 61.91040802 -1.22386217
0.15605155 61.91040802 -1.08348882
0.14883056 61.91040802 -0.98303187
0.13612342 61.91040802 -0.89646500
0.10822418 61.91040802 -0.79555333
0.10276027 61.91040802 -0.69568455
0.09724080 61.91040802 -0.59867227
0.09041578 61.91040802 -0.50084072
0.08639711 61.91040802 -0.42608848
0.08363126 61.91040802 -0.36265782
0.07538477 61.91040802 -0.24553236
0.12344053 61.91040802 -0.16308631
0.13218956 61.91040802 -0.07858530
0.12484897 61.91040802 -0.01605873
0.08731790 61.91040802 0.09100238
0.05525464 61.91040802 0.16175766
0.03688016 61.91040802 0.22890244
0.17300458 61.91040802 0.29553747
0.26484919 61.91040802 0.39000002
0.32540563 61.91040802 0.43480003
0.39098009 61.91040802 0.46388483
0.47175866 61.91040802 0.48274547
0.57037926 61.91040802 0.51027489
0.67888719 61.91040802 0.49593285
0.80747485 61.91040802 0.49484572
0.88704175 61.91040802 0.49825105
0.96837348 61.91040802 0.48187014
1.04261863 61.91040802 0.48400339
1.12331200 61.91040802 0.52149218
2.15187526 61.91040802 0.17779034
2.20413518 61.91040802 -0.41740480
1.99307954 61.91040802 -1.47063422
