0.01035009 36.44094086 -0.27509984
1.05280435 36.43094635 0.75035334
1.01489425 36.43094635 0.80171502
0.90028852 36.43094635 0.75097668
0.84559363 36.43094635 0.78857273
0.74985838 36.43094635 0.85167456
0.61368757 36.43094635 0.79974341
0.67128932 36.43094635 0.83974814
0.54736179 36.43094635 0.75386488
0.40573156 36.43094635 0.64893752
0.35036179 36.43094635 0.60098034
0.30115595 36.43094635 0.53557366
0.24085030 36.43094635 0.48710677
0.16738716 36.43094635 0.37861341
0.10702895 36.43094635 0.33948734
0.09576076 36.43094635 0.25672317
0.05223397 36.43094635 0.07663585
0.06469706 36.43094635 0.17244801
0.03874256 36.43094635 0.00989569
0.04998349 36.43094635 -0.05891737
0.03473656 36.43094635 -0.21446098
0.03903691 36.43094635 -0.14977124
0.00249110 36.43094635 -0.33773074
0.02691695 36.43094635 -0.44245309
0.01124102 36.43094635 -0.71307099
0.02649277 36.43094635 -0.63186431
0.02192497 36.43094635 -0.78763735
0.01704375 36.43094635 -0.97864103
0.05077460 36.43094635 -0.85022885
-0.01377155 36.43094635 -1.22854149
-0.02473066 36.43094635 -1.11831999
-0.01056637 36.43094635 -1.30800343
0.03990605 36.43094635 -1.34490669
0.19877180 36.43094635 -1.46798337
0.13529189 36.43094635 -1.43053234
0.36920902 36.43094635 -1.48938465
0.28528953 36.43094635 -1.47877336
0.45412311 36.43094635 -1.48662150
0.61192364 36.43094635 -1.49414754
0.53739965 36.43094635 -1.48691070
0.76543134 36.43094635 -1.50208354
0.69011658 36.43094635 -1.50051785
0.84458566 36.43094635 -1.50361407
1.10588193 36.43094635 -1.48730266
0.98203635 36.43094635 -1.49799848
1.25419247 36.43094635 -1.47463441
1.45680761 36.43094635 -1.47511029
1.39448500 36.43094635 -1.47498584
1.57703578 36.43094635 -1.48860478
1.71094990 36.43094635 -1.50059390
1.93424535 36.43094635 -1.47945869
1.86988711 36.43094635 -1.48796678
2.11431670 36.43094635 -1.45672190
2.04515219 36.43094635 -1.45918822
2.25122881 36.43094635 -1.47106779
2.39594531 36.43094635 -1.40165627
2.35694480 36.43094635 -1.46281493
2.37464166 36.43094635 -1.26721561
2.42268920 36.43094635 -1.07642639
2.40833616 36.43094635 -1.13608456
2.46512723 36.43094635 -0.97569335
2.48419738 36.43094635 -0.70683897
2.46924639 36.43094635 -0.79257876
2.43648100 36.43094635 -0.57114160
2.51866102 36.43094635 -0.42650706
2.50694489 36.43094635 -0.34518889
2.48476434 36.43094635 -0.23157509
2.44696045 36.43094635 0.01516370
2.44501281 36.43094635 0.10867851
2.40509224 36.43094635 0.17981398
2.21438527 36.43094635 0.34587222
2.27328849 36.43094635 0.32146174
2.10295510 36.43094635 0.40196079
2.02582526 36.43094635 0.47522584
1.91236246 36.43094635 0.53540373
1.85045362 36.43094635 0.61022335
1.74617743 36.43094635 0.61322147
1.66548049 36.43094635 0.65000063
1.39279413 36.43094635 0.72310984
1.31777275 36.43094635 0.73264015
1.21532452 36.43094635 0.72966427
1.12619579 36.43094635 0.74034113
0.94884413 36.43094635 0.80670792
0.46745488 36.43094635 0.69299561
0.03340541 36.43094635 -0.55363995
2.42522979 36.43094635 -0.05036752
1.56836438 36.43094635 0.67852414
1.48783350 36.43094635 0.71687990
