0.61521143 -16.59793854 0.48665580
0.36535838 -16.59793854 0.27987161
0.20198017 -16.59793854 -0.06214226
0.04611932 -16.59793854 -0.28758416
-0.08535215 -16.59793854 -0.48289943
-0.11963181 -16.59793854 -0.61801380
-0.16338736 -16.59793854 -0.75855023
-0.12359050 -16.59793854 -1.22597015
0.10975228 -16.59793854 -1.43208516
0.48733765 -16.60793304 -1.37820601
0.26049155 -16.60793304 -1.42348504
0.03458471 -16.60793304 -1.43581045
-0.17273226 -16.60793304 -1.12083745
-0.24503307 -16.60793304 -1.02884793
-0.22793946 -16.60793304 -0.91387439
-0.19249776 -16.60793304 -0.82593471
-0.13245744 -16.60793304 -0.68158746
-0.11043622 -16.60793304 -0.54389220
-0.05943435 -16.60793304 -0.40650517
0.00375485 -16.60793304 -0.33840951
0.13206115 -16.60793304 -0.15339777
0.25823325 -16.60793304 0.02085898
0.29884216 -16.60793304 0.13295849
0.37839344 -16.60793304 0.33931997
0.51816928 -16.60793304 0.40355426
0.66181254 -16.60793304 0.54701996
0.83357793 -16.60793304 0.61141169
1.00766706 -16.60793304 0.65655863
1.14340949 -16.60793304 0.68249285
1.23335886 -16.60793304 0.71669179
1.36475515 -16.60793304 0.74029499
0.76660281 -16.60793304 0.57387042
0.33882344 -16.60793304 0.22495566
0.08915344 -16.60793304 -0.22919638
-0.07536280 -16.60793304 -1.36808479
1.42482030 -16.60793304 0.78365856
0.59866279 -16.60793304 -1.40066075
0.69304037 -16.60793304 -1.42011285
0.79366589 -16.60793304 -1.42581832
0.87995940 -16.60793304 -1.43029332
0.96391857 -16.60793304 -1.43060279
1.05375063 -16.60793304 -1.42074120
1.11499202 -16.60793304 -1.41818631
1.18980503 -16.60793304 -1.42440617
1.25914133 -16.60793304 -1.42941988
1.35388231 -16.60793304 -1.43028748
1.43943322 -16.60793304 -1.43116832
1.59193230 -16.60793304 -1.42639685
1.68468082 -16.60793304 -1.44723952
1.77184689 -16.60793304 -1.44378448
1.86293519 -16.60793304 -1.44338882
1.97413337 -16.60793304 -1.43925810
2.10822606 -16.60793304 -1.44684410
2.27098894 -16.60793304 -1.45005667
2.38525200 -16.60793304 -1.39610398
2.47774196 -16.60793304 -1.33698368
2.53016734 -16.60793304 -1.22994339
2.54436326 -16.60793304 -1.12530494
2.58318591 -16.60793304 -0.99834496
2.62616873 -16.60793304 -0.91677403
2.65877485 -16.60793304 -0.74683535
2.69300818 -16.60793304 -0.65152419
2.70139027 -16.60793304 -0.53166908
2.69029140 -16.60793304 -0.45845017
2.69934487 -16.60793304 -0.25055966
2.68087173 -16.60793304 -0.13980542
2.66018367 -16.60793304 -0.05591806
2.62838507 -16.60793304 0.04992678
2.55863142 -16.60793304 0.09861687
2.45530367 -16.60793304 0.19313785
2.12291789 -16.60793304 0.51800776
2.24871778 -16.60793304 0.40374210
2.03698063 -16.60793304 0.49365413
1.88856685 -16.60793304 0.68107861
1.75911939 -16.60793304 0.77113509
1.54468954 -16.60793304 0.81357336
