0.41098577 53.34058380 0.55571365
0.67754233 53.33058929 0.53550041
0.75921851 53.33058929 0.53022075
0.88741410 53.33058929 0.49445945
0.97629142 53.33058929 0.51267701
1.29332280 53.33058929 0.52571499
1.56909430 53.33058929 0.56348592
1.64109361 53.33058929 0.54595804
1.77321398 53.33058929 0.56706923
1.96427214 53.33058929 0.62750310
2.04497457 53.33058929 0.63582301
2.07391810 53.33058929 0.58206207
2.08137131 53.33058929 0.51902562
2.07097292 53.33058929 0.39709124
2.08763909 53.33058929 0.23078337
2.08547878 53.33058929 0.16885519
2.09957767 53.33058929 0.03967021
2.12321925 53.33058929 -0.08672225
2.12044644 53.33058929 -0.20311102
2.12047029 53.33058929 -0.33464757
2.13255286 53.33058929 -0.40223974
2.14248180 53.33058929 -0.46160734
2.18268442 53.33058929 -0.61601627
2.16697621 53.33058929 -0.70107228
2.14940953 53.33058929 -0.76336122
2.14644122 53.33058929 -0.84296399
2.10991979 53.33058929 -0.96496046
2.12270880 53.33058929 -1.04826808
2.09940219 53.33058929 -1.25191402
2.04812098 53.33058929 -1.35426593
1.99663365 53.33058929 -1.40469885
1.89657414 53.33058929 -1.43907511
1.83668089 53.33058929 -1.45385408
1.73098505 53.33058929 -1.47542655
1.59120655 53.33058929 -1.47141242
1.41609561 53.33058929 -1.45327365
1.29064202 53.33058929 -1.46284103
1.13867199 53.33058929 -1.46234226
1.02705371 53.33058929 -1.47658014
0.96321189 53.33058929 -1.48641169
0.88606012 53.33058929 -1.49940109
0.76865077 53.33058929 -1.50685287
0.65224773 53.33058929 -1.51162875
0.58163518 53.33058929 -1.50536633
0.50430441 53.33058929 -1.49366784
0.34048888 53.33058929 -1.48181355
0.26037189 53.33058929 -1.47811508
0.15365775 53.33058929 -1.44928050
0.04260228 53.33058929 -1.43628466
-0.02313228 53.33058929 -1.41606283
-0.01833667 53.33058929 -1.32480061
-0.04744529 53.33058929 -1.25433803
-0.05704343 53.33058929 -1.13430226
-0.09959124 53.33058929 -1.01944149
-0.19308032 53.33058929 -0.90766758
-0.25149846 53.33058929 -0.74816066
-0.22718668 53.33058929 -0.67474198
-0.18717946 53.33058929 -0.62819511
-0.12594581 53.33058929 -0.54027253
-0.14943849 53.33058929 -0.47808796
-0.12800957 53.33058929 -0.39955819
-0.10524240 53.33058929 -0.32849726
-0.09503708 53.33058929 -0.26313004
-0.08287986 53.33058929 -0.18737186
-0.06685299 53.33058929 -0.09530465
-0.04996780 53.33058929 -0.01176748
-0.02833524 53.33058929 0.10655198
-0.03359262 53.33058929 0.20142737
-0.02025037 53.33058929 0.28699324
-0.01468029 53.33058929 0.37869641
-0.00319657 53.33058929 0.44909015
0.00503667 53.33058929 0.55569071
0.08175081 53.33058929 0.57884353
0.17725202 53.33058929 0.55491781
0.27606484 53.33058929 0.52923733
0.34702972 53.33058929 0.55979806
0.51101595 53.33058929 0.54763162
0.58893788 53.33058929 0.54229093
1.04048312 53.33058929 0.50620013
1.36633646 53.33058929 0.55498320
1.43683350 53.33058929 0.56744385
2.08110690 53.33058929 -0.27633050
2.17179346 53.33058929 -0.54110855
1.66310525 53.33058929 -1.47985590
0.83002251 53.33058929 0.44650969
