0.94919282 54.38056183 -1.48755372
1.08770704 54.37056732 0.50535583
1.21766579 54.37056732 0.46441317
0.99802941 54.37056732 0.52997434
0.78215104 54.37056732 0.56024957
0.86594099 54.37056732 0.54874569
0.65350181 54.37056732 0.55690682
0.54323500 54.37056732 0.55268854
0.38577217 54.37056732 0.54481608
0.23571698 54.37056732 0.41643536
0.14824878 54.37056732 0.35653347
0.06532317 54.37056732 0.29497585
0.09079278 54.37056732 0.21610329
0.06773710 54.37056732 0.09222396
0.02647433 54.37056732 -0.00271840
0.00994841 54.37056732 -0.10908149
-0.01557732 54.37056732 -0.21097036
-0.08785295 54.37056732 -0.43706173
-0.04106466 54.37056732 -0.34975082
-0.14121960 54.37056732 -0.59546167
-0.11616335 54.37056732 -0.77932483
-0.13295928 54.37056732 -0.89904243
-0.16539855 54.37056732 -1.14184940
-0.13205233 54.37056732 -1.01219118
-0.17472504 54.37056732 -1.27633989
-0.11763738 54.37056732 -1.44764292
0.01086229 54.37056732 -1.47264612
0.12435693 54.37056732 -1.49340045
0.27339736 54.37056732 -1.49573803
0.40512869 54.37056732 -1.48611045
0.52275586 54.37056732 -1.51395476
0.62796199 54.37056732 -1.52324045
0.78416622 54.37056732 -1.51119959
0.69391829 54.37056732 -1.51858819
0.89111191 54.37056732 -1.50190663
1.08081281 54.37056732 -1.44857347
1.17954516 54.37056732 -1.45641387
1.28697598 54.37056732 -1.45612168
1.39292109 54.37056732 -1.45790803
1.45648491 54.37056732 -1.45581245
1.67536175 54.37056732 -1.46463656
1.59303761 54.37056732 -1.47184360
1.78711355 54.37056732 -1.45966148
1.93153822 54.37056732 -1.45494819
2.11202025 54.37056732 -1.50622511
2.08049250 54.37056732 -1.42262626
2.11986566 54.37056732 -1.31355023
2.10675836 54.37056732 -1.17974758
2.10408592 54.37056732 -1.01431298
2.12126017 54.37056732 -0.88386720
2.15901375 54.37056732 -0.79033887
2.17321181 54.37056732 -0.70664197
2.17139792 54.37056732 -0.52450836
2.17216921 54.37056732 -0.64218682
2.16855788 54.37056732 -0.46451637
2.15048385 54.37056732 -0.15767312
2.14330173 54.37056732 -0.05832408
2.11955428 54.37056732 0.06481925
2.11255693 54.37056732 0.16771227
2.08566356 54.37056732 0.24569277
1.94937241 54.37056732 0.37742728
1.79802024 54.37056732 0.42695114
1.66613150 54.37056732 0.40869185
1.53991187 54.37056732 0.40120420
1.27860773 54.37056732 0.43743935
1.42092288 54.37056732 0.38629478
-0.17034899 54.37056732 -1.33894491
2.15189171 54.37056732 -0.27702054
