1.27429450 -24.14777374 0.76919383
1.36434639 -24.14777374 0.79802686
1.43279421 -24.14777374 0.78097498
1.53492582 -24.14777374 0.75206655
1.64989436 -24.14777374 0.72442287
1.72979891 -24.14777374 0.69545937
1.82511246 -24.14777374 0.67739791
1.89442551 -24.14777374 0.64684993
1.97855759 -24.14777374 0.58199042
2.05038810 -24.14777374 0.58885348
2.18064475 -24.14777374 0.56568903
2.26539516 -24.14777374 0.51952320
2.29214096 -24.14777374 0.46155134
2.35828924 -24.14777374 0.36510697
2.46144319 -24.14777374 0.29898843
2.48191023 -24.14777374 0.23933877
2.54159856 -24.14777374 0.16147700
2.52782536 -24.14777374 0.02966066
2.59352612 -24.14777374 -0.04960377
2.59612632 -24.14777374 -0.13505135
2.54916978 -24.14777374 -0.23456687
2.54826736 -24.14777374 -0.33211455
2.58801889 -24.14777374 -0.47063369
2.62262464 -24.14777374 -0.66713923
2.63535643 -24.14777374 -0.79674304
2.61499858 -24.14777374 -0.86953294
2.57934856 -24.14777374 -0.96990043
2.59436703 -24.14777374 -1.08934391
2.53837371 -24.14777374 -1.13497400
2.43254161 -24.14777374 -1.24374855
2.19896340 -24.14777374 -1.39751196
2.06467104 -24.14777374 -1.41169536
1.97691202 -24.14777374 -1.41612661
1.90556562 -24.14777374 -1.41809702
1.76205719 -24.14777374 -1.42671096
1.69915259 -24.14777374 -1.42925608
1.62827396 -24.14777374 -1.43902266
1.48319972 -24.14777374 -1.45737660
1.37261260 -24.14777374 -1.45734453
1.19515336 -24.14777374 -1.44444299
1.05515778 -24.14777374 -1.43000221
0.99251294 -24.14777374 -1.42953372
0.85694033 -24.14777374 -1.42656004
0.72695029 -24.14777374 -1.42353535
0.59534812 -24.14777374 -1.42792690
0.43921024 -24.14777374 -1.44604814
0.27812797 -24.14777374 -1.44614303
0.18089704 -24.14777374 -1.43100226
0.04685501 -24.14777374 -1.39315915
0.05596528 -24.14777374 -1.27345550
0.08858509 -24.14777374 -1.09792340
0.08797252 -24.14777374 -1.00726068
0.13870296 -24.14777374 -0.85043114
0.12829429 -24.14777374 -0.71847206
0.10083955 -24.14777374 -0.64241588
0.10984454 -24.14777374 -0.52935332
0.09296882 -24.14777374 -0.45371476
0.11764919 -24.14777374 -0.33672780
0.16236767 -24.14777374 -0.24015650
0.17463474 -24.14777374 -0.11830538
0.19862381 -24.14777374 -0.05210118
0.20038828 -24.14777374 0.05362883
0.21556444 -24.14777374 0.14260723
0.25239408 -24.14777374 0.23745571
0.30163121 -24.14777374 0.27806881
0.34831616 -24.14777374 0.39055765
0.39883679 -24.14777374 0.44901592
0.45592320 -24.14777374 0.47765553
0.53476411 -24.14777374 0.54917502
0.59206265 -24.14777374 0.57709783
0.60840327 -24.14777374 0.63974446
0.70845330 -24.14777374 0.67099708
0.76203656 -24.14777374 0.70452815
0.82739347 -24.14777374 0.67564815
0.89443916 -24.14777374 0.66888052
0.96280593 -24.14777374 0.68972027
1.02646387 -24.14777374 0.69385409
1.12717128 -24.14777374 0.71715164
1.19512105 -24.14777374 0.73661846
2.11770844 -24.14777374 0.59252352
2.60785031 -24.14777374 -0.58368593
1.26059687 -24.14777374 -1.45147252
