-0.01756505 1.60167694 -0.87151539
2.48264194 1.60167694 -0.41521245
2.15458727 1.60167694 0.29568788
1.50943220 1.60167694 0.56890148
0.33947083 1.60167694 -0.02890585
0.88107497 1.59168243 0.61751503
0.80584460 1.59168243 0.61640871
0.72661948 1.59168243 0.51739347
0.41765404 1.59168243 0.14089818
0.52131397 1.59168243 0.27134535
0.27779609 1.59168243 -0.13076453
0.17386164 1.59168243 -0.32086900
0.23822594 1.59168243 -0.24146895
-0.03793178 1.59168243 -0.62443268
-0.02340161 1.59168243 -0.75581968
-0.04207583 1.59168243 -0.69534373
-0.01181651 1.59168243 -0.93647730
0.04029114 1.59168243 -1.10115588
0.01893625 1.59168243 -1.21333170
0.07939976 1.59168243 -1.27772331
0.26767525 1.59168243 -1.32437587
0.19413903 1.59168243 -1.32133532
0.41755584 1.59168243 -1.33471811
0.62470078 1.59168243 -1.34378064
0.73890090 1.59168243 -1.36233318
0.84302151 1.59168243 -1.38412654
0.92924285 1.59168243 -1.38268828
1.06268978 1.59168243 -1.37582314
1.12487948 1.59168243 -1.38577306
1.24274313 1.59168243 -1.39392829
1.31190193 1.59168243 -1.39616263
1.41604042 1.59168243 -1.39208996
1.50134158 1.59168243 -1.37083745
1.61391175 1.59168243 -1.36283994
1.76100874 1.59168243 -1.37373972
1.90176320 1.59168243 -1.37879658
1.99640357 1.59168243 -1.37627089
2.20292282 1.59168243 -1.36051214
2.30887151 1.59168243 -1.31253028
2.36948299 1.59168243 -1.21757519
2.42219782 1.59168243 -1.12040544
2.45207858 1.59168243 -1.03570724
2.48133445 1.59168243 -0.97760308
2.48725533 1.59168243 -0.86055750
2.48420715 1.59168243 -0.78721589
2.46683407 1.59168243 -0.71124327
2.48021650 1.59168243 -0.47862029
2.44333100 1.59168243 -0.23090179
2.41874909 1.59168243 -0.16873391
2.37767816 1.59168243 -0.03732343
2.27492714 1.59168243 0.12984943
2.08677697 1.59168243 0.33591634
1.87590075 1.59168243 0.50550044
1.69350374 1.59168243 0.55667061
1.43696535 1.59168243 0.58378661
1.32230973 1.59168243 0.60819447
1.22197676 1.59168243 0.60328943
1.10946667 1.59168243 0.60796231
0.29013389 1.59168243 -0.07067696
1.83201730 1.59168243 -1.37772560
2.11327839 1.59168243 -1.36072171
2.46465206 1.59168243 -0.54922104
2.32247782 1.59168243 0.04398990
2.23892713 1.59168243 0.21639663
1.96564901 1.59168243 0.41121674
1.80096388 1.59168243 0.56603831
1.63083506 1.59168243 0.54595065
0.97502536 1.59168243 0.63123757
0.38291359 1.59168243 0.04886151
