0.47898158 -83.41652679 1.07889318
3.82131577 -83.41652679 -0.32006770
3.67145324 -83.41652679 0.01259725
0.27858469 -83.42652130 -1.22609639
0.33739662 -83.42652130 -1.44878924
0.55896062 -83.42652130 -1.49547040
0.77262896 -83.42652130 -1.49275732
0.92741567 -83.42652130 -1.51850748
1.07884705 -83.42652130 -1.52098250
1.20241368 -83.42652130 -1.54248297
1.60298824 -83.42652130 1.26601553
1.38924158 -83.42652130 1.22009397
1.29496348 -83.42652130 1.18343031
1.01216042 -83.42652130 1.13651156
0.82912678 -83.42652130 1.14528275
0.67545557 -83.42652130 1.12940848
0.43294609 -83.42652130 1.03684413
0.36334956 -83.42652130 0.85458046
0.20202866 -83.42652130 0.51060867
0.17233349 -83.42652130 0.31600338
0.13516295 -83.42652130 0.17834604
-0.04390894 -83.42652130 0.01946804
-0.10444140 -83.42652130 -0.23155265
-0.07001714 -83.42652130 -0.11256616
0.12861422 -83.42652130 -0.76366174
0.09551966 -83.42652130 -0.66992450
0.19061713 -83.42652130 -0.93473905
1.35015810 -83.42652130 -1.54293108
1.44280028 -83.42652130 -1.54193950
1.56192982 -83.42652130 -1.53825569
1.67286015 -83.42652130 -1.50194180
1.76310706 -83.42652130 -1.49885380
1.84600282 -83.42652130 -1.49159884
2.01682425 -83.42652130 -1.47989392
2.10364866 -83.42652130 -1.47062159
2.19689512 -83.42652130 -1.46314311
2.29173446 -83.42652130 -1.44982207
2.39519525 -83.42652130 -1.44404256
2.50616789 -83.42652130 -1.43395734
2.63012242 -83.42652130 -1.42969978
2.77394485 -83.42652130 -1.42621267
2.94120479 -83.42652130 -1.41799676
3.10262561 -83.42652130 -1.38380945
3.24693918 -83.42652130 -1.31576347
3.35683703 -83.42652130 -1.22276449
3.44663072 -83.42652130 -1.10197914
3.55389309 -83.42652130 -0.97468787
3.67807412 -83.42652130 -0.83477640
3.81832266 -83.42652130 -0.69302332
3.96212268 -83.42652130 -0.52605313
3.85529923 -83.42652130 -0.36864090
3.76934814 -83.42652130 -0.18312271
3.69733047 -83.42652130 -0.04572304
3.61842275 -83.42652130 0.16233030
3.60055208 -83.42652130 0.28444192
3.27494144 -83.42652130 0.73271704
3.36758542 -83.42652130 0.58778256
3.01728511 -83.42652130 0.83815092
3.09101605 -83.42652130 0.81918597
2.73457956 -83.42652130 0.95374209
2.43683887 -83.42652130 1.05204892
2.56393576 -83.42652130 0.99316430
2.38243151 -83.42652130 1.08686817
2.20922995 -83.42652130 1.11747026
2.04190016 -83.42652130 1.15205503
1.80618918 -83.42652130 1.25292230
2.83031178 -83.42652130 0.90515006
3.47846293 -83.42652130 0.40987828
-0.01454951 -83.42652130 -0.40723974
0.25055107 -83.42652130 0.56477743
0.26782230 -83.42639160 -1.14404297
