0.12825011 -41.03742218 -0.35980225
0.91980046 -41.04741669 0.55709678
0.68823898 -41.04741669 0.59016031
0.59857607 -41.04741669 0.53289706
0.32913822 -41.04741669 0.31655145
0.29734153 -41.04741669 0.21049827
0.15541582 -41.04741669 -0.17161934
0.12129903 -41.04741669 -0.29010072
0.12990855 -41.04741669 -0.42262304
0.17361346 -41.04741669 -0.55872953
0.20766304 -41.04741669 -0.62499183
0.24178374 -41.04741669 -0.81614953
0.20706928 -41.04741669 -0.95367903
0.21272722 -41.04741669 -1.07794404
0.23349078 -41.04741669 -1.18768167
0.38074756 -41.04741669 -1.39593387
0.51138192 -41.04741669 -1.42872691
0.66891348 -41.04741669 -1.42389786
0.79003054 -41.04741669 -1.42533565
0.91870260 -41.04741669 -1.41792881
1.04578388 -41.04741669 -1.41777050
1.17205071 -41.04741669 -1.43391979
1.23642087 -41.04741669 -1.43205249
1.29669094 -41.04741669 -1.43157578
1.41881883 -41.04741669 -1.43148172
1.48267186 -41.04741669 -1.43383050
1.54447460 -41.04741669 -1.43031204
1.67047846 -41.04741669 -1.41433918
1.79652166 -41.04741669 -1.41764200
1.92193258 -41.04741669 -1.40922856
2.04459667 -41.04741669 -1.40196240
2.16515732 -41.04741669 -1.40453672
2.32527685 -41.04741669 -1.39137995
2.53576064 -41.04741669 -1.19186950
2.61933565 -41.04741669 -1.00955439
2.57322574 -41.04741669 -1.11149049
2.44919872 -41.04741669 -1.34524572
0.28077519 -41.04741669 -1.32951772
0.20509048 -41.04741669 -0.00098431
0.31678236 -41.04741669 0.47750324
0.95884097 -41.04741669 0.60569459
1.36931753 -41.04741669 0.68405008
1.55613375 -41.04741669 0.68755490
1.64784992 -41.04741669 0.67147517
1.73129570 -41.04741669 0.65011543
1.85279191 -41.04741669 0.73358655
2.04312992 -41.04741669 0.74817502
2.16547561 -41.04741669 0.71371883
2.23067927 -41.04741669 0.69020092
2.29450750 -41.04741669 0.65842962
2.45087385 -41.04741669 0.49730465
2.55253959 -41.04741669 0.39025304
2.59949183 -41.04741669 0.27113825
2.63430285 -41.04741669 0.14163426
2.62697530 -41.04741669 0.01641783
2.64806414 -41.04741669 -0.09295528
2.57437086 -41.04741669 -0.25740826
2.66196132 -41.04741669 -0.45177197
2.62285876 -41.04741669 -0.54293543
2.58060074 -41.04741669 -0.75088418
2.58850741 -41.04741669 -0.86863494
1.04147840 -41.04741669 0.65763062
1.10569060 -41.04741669 0.67131734
1.25383091 -41.04741669 0.67697895
