0.70690733 30.98105621 0.57065696
0.44587085 30.98105621 -0.18301514
2.26517487 30.98105621 0.41796446
1.36452436 30.97106171 -1.44377995
1.20953965 30.97106171 -1.44085181
1.02075255 30.97106171 -1.44195616
0.94982648 30.97106171 -1.44353271
0.81394082 30.97106171 -1.44231844
0.63612062 30.97106171 -1.43111169
0.51695842 30.97106171 -1.42248905
0.45193636 30.97106171 -1.41840947
0.32634047 30.97106171 -1.39882433
0.25967139 30.97106171 -1.34777188
0.27785787 30.97106171 -1.27069044
0.35856566 30.97106171 -0.97834444
0.36297309 30.97106171 -0.90540916
0.34956849 30.97106171 -0.84030187
0.36338830 30.97106171 -0.75244677
0.39325839 30.97106171 -0.62366581
0.40841308 30.97106171 -0.55986142
0.40678853 30.97106171 -0.43137091
0.41485587 30.97106171 -0.36411119
0.43769184 30.97106171 -0.25026870
0.47499210 30.97106171 -0.04244784
0.47617528 30.97106171 0.05336382
0.50652182 30.97106171 0.19644031
0.50864875 30.97106171 0.32282850
0.51542228 30.97106171 0.46882734
0.50627518 30.97106171 0.55660844
0.64124572 30.97106171 0.57857746
0.83857483 30.97106171 0.57395715
1.08027828 30.97106171 0.61174983
1.18280745 30.97106171 0.62363976
1.29850781 30.97106171 0.59270436
1.42309928 30.97106171 0.54637796
1.52578020 30.97106171 0.48579293
1.58707094 30.97106171 0.47909933
1.69273818 30.97106171 0.48514351
1.75288177 30.97106171 0.49007413
1.86106884 30.97106171 0.49262729
2.02453518 30.97106171 0.49788806
2.14970660 30.97106171 0.42624545
2.38147855 30.97106171 0.42326164
2.49338245 30.97106171 0.19350632
2.56882000 30.97106171 -0.20445383
2.54087734 30.97106171 -0.28361282
2.48691225 30.97106171 -0.61444247
2.47118878 30.97106171 -0.68929619
2.47851229 30.97106171 -0.77926838
2.48681617 30.97106171 -0.85378921
2.43922186 30.97106171 -0.94249874
2.44309640 30.97106171 -1.05446374
2.38409710 30.97106171 -1.27124274
2.33089209 30.97106171 -1.36123204
2.22513294 30.97106171 -1.41638029
2.12131333 30.97106171 -1.43388462
2.00950885 30.97106171 -1.45751786
1.88522780 30.97106171 -1.46143031
1.81257534 30.97106171 -1.45660818
1.62550139 30.97106171 -1.45706046
1.45020270 30.97106171 -1.43807566
0.95465940 30.97106171 0.60964507
1.13240528 30.97106171 -1.43630469
1.71420622 30.97106171 -1.46168005
2.28932118 30.97106171 -1.41047692
2.43977642 30.97106171 -1.16309166
2.50698900 30.97106171 -0.52497995
2.59420991 30.97106171 -0.12686691
2.60883427 30.97106171 -0.04396057
2.57126355 30.97106171 0.11121079
2.41851592 30.97106171 0.24101327
2.20217347 30.97106171 0.39661786
2.53002906 30.97540092 -0.43603519
