2.38613820 -75.87668610 0.53797871
2.53233051 -75.87668610 0.44872442
2.69163418 -75.87668610 0.38459712
2.80438447 -75.87668610 0.28395915
-0.19989005 -75.87668610 -0.20145223
-0.05116186 -75.87668610 0.10575808
-0.02017027 -75.87668610 0.24152370
0.02119878 -75.87668610 0.43238366
0.16390420 -75.87668610 0.49377093
0.40190578 -75.87668610 0.49219590
0.64666998 -75.87668610 0.51508814
0.78997833 -75.87668610 0.55473894
1.08663368 -75.87668610 0.62496954
0.85097653 -75.88668060 0.57895154
0.70858485 -75.88668060 0.53474450
0.53727061 -75.88668060 0.51141602
0.28846440 -75.88668060 0.47578609
-0.01357053 -75.88668060 0.37380457
-0.03235105 -75.88668060 0.16654412
-0.07556114 -75.88668060 0.04680763
-0.15888293 -75.88668060 -0.08439467
-0.22587293 -75.88668060 -0.26326656
-0.27337569 -75.88668060 -0.33213794
-0.27431747 -75.88668060 -0.40782300
-0.30805764 -75.88668060 -0.61089349
-0.26484659 -75.88668060 -0.77251816
-0.26455086 -75.88668060 -0.94662273
-0.26577061 -75.88668060 -0.87013817
-0.27911833 -75.88668060 -1.05957770
-0.18605651 -75.88668060 -1.12600398
-0.13387956 -75.88668060 -1.18727088
-0.04216132 -75.88668060 -1.29134905
0.12754154 -75.88668060 -1.38049102
0.06773045 -75.88668060 -1.36695135
0.22363657 -75.88668060 -1.40215051
0.36759812 -75.88668060 -1.42777944
0.50304699 -75.88668060 -1.43058157
0.62476254 -75.88668060 -1.43399227
0.70198262 -75.88668060 -1.43204570
0.80916524 -75.88668060 -1.43392205
0.88766474 -75.88668060 -1.43191719
0.96635962 -75.88668060 -1.43508637
1.05802703 -75.88668060 -1.43417501
1.18025780 -75.88668060 -1.45853519
1.25226450 -75.88668060 -1.45931542
1.35587704 -75.88668060 -1.46153176
1.42787683 -75.88668060 -1.45890844
1.50501144 -75.88668060 -1.45841563
1.64910495 -75.88668060 -1.44812417
1.71011913 -75.88668060 -1.44020104
1.81077397 -75.88668060 -1.44175637
1.92347074 -75.88668060 -1.44280648
2.04754782 -75.88668060 -1.43790579
2.19660902 -75.88668060 -1.43989325
2.35406613 -75.88668060 -1.41545820
2.68372583 -75.88668060 -1.16071153
2.65371180 -75.88668060 -1.22457278
2.70834565 -75.88668060 -1.03818119
2.71656609 -75.88668060 -0.97700566
2.70825267 -75.88668060 -0.78597248
2.69952607 -75.88668060 -0.84835702
2.69143558 -75.88668060 -0.64437205
2.73012924 -75.88668060 -0.49339914
2.73835397 -75.88668060 -0.41449904
2.77960110 -75.88668060 -0.18002561
2.74029326 -75.88668060 0.11433956
2.84024954 -75.88668060 0.35667321
2.59988093 -75.88668060 0.43030438
2.27606821 -75.88668060 0.63604444
1.90159607 -75.88668060 0.68789446
1.74428010 -75.88668060 0.73360330
1.51224041 -75.88668060 0.69975275
1.26661491 -75.88668060 0.70307642
0.94423705 -75.88668060 0.56019151
1.61297286 -75.88668060 0.74148065
2.08830953 -75.88668060 0.72283322
2.15578866 -75.88668060 0.72520399
2.45076585 -75.88668060 0.49576730
2.77713490 -75.88668060 0.36407635
2.81282926 -75.88668060 -0.02816017
2.75923276 -75.88668060 -0.32109982
2.58908105 -75.88668060 -1.30860293
2.49944592 -75.88668060 -1.35678506
1.57553518 -75.88668060 -1.44676650
-0.31156668 -75.88668060 -0.49488059
0.06062662 -75.88668060 0.50658655
1.15183389 -75.88668060 0.65740293
