0.18872340 -34.79755402 -0.79764140
0.17885995 -34.79755402 0.33706582
0.30410805 -34.79755402 0.42982060
2.30563521 -34.80754852 0.52000624
2.35844254 -34.80754852 0.42468059
2.38861775 -34.80754852 0.35591343
2.41704655 -34.80754852 0.27247632
2.44823432 -34.80754852 0.15755476
2.46677446 -34.80754852 -0.00069410
2.48477149 -34.80754852 -0.07558788
2.48485422 -34.80754852 -0.15412706
2.48814321 -34.80754852 -0.25336039
2.49387050 -34.80754852 -0.38980448
2.52108669 -34.80754852 -0.46741676
2.53796887 -34.80754852 -0.57799590
2.57151985 -34.80754852 -0.65735710
2.62149143 -34.80754852 -0.72618228
2.60688639 -34.80754852 -0.82306945
2.61265349 -34.80754852 -0.93049765
2.62900448 -34.80754852 -1.01156676
2.65293264 -34.80754852 -1.11052597
2.62495613 -34.80754852 -1.26614308
2.58921123 -34.80754852 -1.34406722
2.43437457 -34.80754852 -1.43151999
2.35531020 -34.80754852 -1.44678438
2.26110339 -34.80754852 -1.44799411
2.16061139 -34.80754852 -1.44885302
2.08513880 -34.80754852 -1.44995415
2.00738478 -34.80754852 -1.45104933
1.94309580 -34.80754852 -1.45067763
1.87699461 -34.80754852 -1.44923007
1.77077711 -34.80754852 -1.44851434
1.69945776 -34.80754852 -1.45115590
1.62967575 -34.80754852 -1.45553112
1.55848551 -34.80754852 -1.46547568
1.48408294 -34.80754852 -1.46608901
1.41441298 -34.80754852 -1.46446013
1.32757401 -34.80754852 -1.46655297
1.26670098 -34.80754852 -1.45976734
1.20255184 -34.80754852 -1.44787633
1.14279592 -34.80754852 -1.45866263
1.05617082 -34.80754852 -1.47421479
0.98715401 -34.80754852 -1.47331703
0.91691840 -34.80754852 -1.46826196
0.85196686 -34.80754852 -1.46566474
0.77650565 -34.80754852 -1.46106982
0.68052053 -34.80754852 -1.46393466
0.56851786 -34.80754852 -1.47201025
0.49454850 -34.80754852 -1.48095703
0.33308131 -34.80754852 -1.44809306
0.27800831 -34.80754852 -1.42069483
0.23825368 -34.80754852 -1.29677165
0.21309963 -34.80754852 -1.23229790
0.17074539 -34.80754852 -1.09204841
0.16977248 -34.80754852 -0.99207598
0.18800615 -34.80754852 -0.91514939
0.22637498 -34.80754852 -0.84492415
0.19135402 -34.80754852 -0.72628069
0.18595456 -34.80754852 -0.66057014
0.20768736 -34.80754852 -0.59788656
0.20424749 -34.80754852 -0.49311531
0.19956937 -34.80754852 -0.40194446
0.19423346 -34.80754852 -0.34161469
0.21968003 -34.80754852 -0.26396960
0.17233485 -34.80754852 -0.16004629
0.14554285 -34.80754852 -0.08123790
0.14441168 -34.80754852 -0.00819214
0.12470884 -34.80754852 0.07782110
0.14746599 -34.80754852 0.13650814
0.14611083 -34.80754852 0.22627425
0.12166845 -34.80754852 0.29639333
0.25225943 -34.80754852 0.40004057
0.36144549 -34.80754852 0.45587042
0.45515907 -34.80754852 0.50049078
0.58085853 -34.80754852 0.54922366
0.61425656 -34.80754852 0.60216308
0.70367926 -34.80754852 0.65531188
0.76336449 -34.80754852 0.67287916
1.05929661 -34.80754852 0.69909734
1.23872447 -34.80754852 0.69732022
1.42736018 -34.80754852 0.74465030
1.71421170 -34.80754852 0.75352895
1.84090304 -34.80754852 0.74757499
1.94765949 -34.80754852 0.73516077
2.19805121 -34.80754852 0.62968570
2.45785117 -34.80754852 0.05888685
2.53368592 -34.80754852 -1.41566575
1.30682492 -34.80754852 0.70656019
