-0.16086304 70.50022125 -0.29275757
0.18168600 70.50022125 -1.46925068
2.14077616 70.50022125 -1.36365223
2.12437725 70.50022125 -1.10104394
-0.17826033 70.49022675 0.24614610
-0.16690989 70.49022675 0.14309879
-0.18162253 70.49022675 0.06467342
-0.19230296 70.49022675 -0.06435374
-0.18618773 70.49022675 -0.14770415
-0.17007248 70.49022675 -0.21633030
-0.15637966 70.49022675 -0.35342366
-0.14129126 70.49022675 -0.43599373
-0.12459681 70.49022675 -0.50111854
-0.06483074 70.49022675 -0.75286639
-0.06513480 70.49022675 -0.66003925
-0.02847535 70.49022675 -0.84185457
0.04715182 70.49022675 -1.07828557
0.01432589 70.49022675 -1.02548671
0.11972183 70.49022675 -1.34246457
0.08292271 70.49022675 -1.25416923
0.24157733 70.49022675 -1.50484383
0.36382875 70.49022675 -1.53813565
0.52132660 70.49022675 -1.53722632
0.61584461 70.49022675 -1.53656101
0.82928312 70.49022675 -1.54052198
1.00093269 70.49022675 -1.55050504
1.17312932 70.49022675 -1.54752493
1.60705197 70.49022675 -1.56446159
1.54524755 70.49022675 -1.56158459
1.88479483 70.49022675 -1.63913810
1.82604551 70.49022675 -1.62612879
2.04838848 70.49022675 -1.56950104
2.16291857 70.49022675 -1.30588639
2.10423207 70.49022675 -0.98210573
2.10641050 70.49022675 -1.04235291
2.09319639 70.49022675 -0.63721770
2.08728719 70.49022675 -0.43427083
2.06182361 70.49022675 -0.29724875
2.02818871 70.49022675 -0.09655584
2.00218916 70.49022675 -0.00166127
1.95685303 70.49022675 0.13753085
1.92985404 70.49022675 0.31590065
1.87280083 70.49022675 0.61754394
1.85469306 70.49022675 0.68614829
1.80893588 70.49022675 0.77913642
1.73668385 70.49022675 0.91759282
1.28474593 70.49022675 0.98059326
1.42156720 70.49022675 0.98700988
1.11146331 70.49022675 0.93041486
0.95833170 70.49022675 0.96216214
0.88187438 70.49022675 0.95273238
0.77561945 70.49022675 0.93793952
0.70424652 70.49022675 0.91584754
0.54013783 70.49022675 0.87607336
0.44258103 70.49022675 0.83107293
0.24011046 70.49022675 0.79937500
0.17318328 70.49022675 0.75977761
0.10944601 70.49022675 0.73228890
0.03900562 70.49022675 0.70136404
-0.00330784 70.49022675 0.64615744
-0.06820488 70.49022675 0.59054500
-0.07534578 70.49022675 0.52529484
-0.11946364 70.49022675 0.46672156
-0.15719081 70.49022675 0.40542451
-0.15802975 70.49022675 0.33554828
0.36429295 70.49022675 0.82757050
0.30554140 70.49022675 0.79942924
-0.11799309 70.49022675 -0.59884608
1.40079439 70.49022675 -1.54939926
2.04628372 70.49022675 -1.65213156
2.06452751 70.49022675 -0.76857734
1.60594940 70.49022675 0.98122162
1.49054015 70.49022675 0.96889234
1.18491912 70.49022675 0.94889057
1.02367449 70.49022675 0.94737357
0.63658106 70.49022675 0.90182704
