-0.13628599 74.40013885 -0.34539324
-0.17576618 74.40013885 -0.20385109
-0.20327839 74.40013885 0.01644395
-0.15582557 74.40013885 0.14771128
0.24285308 74.39014435 -1.56348467
0.10229380 74.39014435 -1.50255871
0.05916994 74.39014435 -1.45790040
0.05599652 74.39014435 -1.35231769
0.00361956 74.39014435 -1.25962019
-0.02123183 74.39014435 -1.16873407
-0.01685165 74.39014435 -1.08527994
-0.00667205 74.39014435 -0.99383932
-0.00906408 74.39014435 -0.87328315
-0.03138604 74.39014435 -0.78414494
-0.04041465 74.39014435 -0.68786424
-0.04724628 74.39014435 -0.60596943
-0.11123016 74.39014435 -0.42930922
-0.15960288 74.39014435 -0.26334062
-0.18905807 74.39014435 -0.13825004
-0.20321296 74.39014435 -0.04450105
-0.19530843 74.39014435 0.08772179
-0.10699409 74.39014435 0.20104918
-0.03132081 74.39014435 0.31645954
0.19721276 74.39014435 0.44288075
0.37106308 74.39014435 0.43480259
0.46801820 74.39014435 0.41772869
0.34918952 74.39014435 -1.56786621
-0.05622568 74.39014435 -0.49481586
0.05475623 74.39014435 0.40922031
1.85061455 74.39014435 0.26661423
1.93190682 74.39014435 0.15525575
2.01300311 74.39014435 0.01232186
2.05765033 74.39014435 -0.06081570
2.07667232 74.39014435 -0.14071003
2.06039238 74.39014435 -0.26316449
2.06363773 74.39014435 -0.41470027
2.05678463 74.39014435 -0.49634308
2.02812958 74.39014435 -0.61713398
2.02608776 74.39014435 -0.71155339
2.00113225 74.39014435 -0.86191410
1.99277055 74.39014435 -0.96766430
2.02190804 74.39014435 -1.09061742
1.99295270 74.39014435 -1.19062293
2.01170492 74.39014435 -1.29431796
1.99304020 74.39014435 -1.45922589
1.88440561 74.39014435 -1.50317049
1.75159538 74.39014435 -1.52843297
1.63170636 74.39014435 -1.54639471
1.51673377 74.39014435 -1.56150055
1.40602648 74.39014435 -1.54311597
1.31814337 74.39014435 -1.55699444
1.23241174 74.39014435 -1.56051171
1.14238691 74.39014435 -1.55860662
1.05468798 74.39014435 -1.55822647
0.98733562 74.39014435 -1.56174922
0.85790634 74.39014435 -1.56267035
0.78291637 74.39014435 -1.57139897
0.71934271 74.39014435 -1.57226348
0.62562609 74.39014435 -1.57464731
0.53491533 74.39014435 -1.57583570
0.44560632 74.39014435 -1.57491517
0.58052993 74.39014435 0.45058173
0.67049885 74.39014435 0.45413041
0.78194457 74.39014435 0.44946700
0.86875260 74.39014435 0.46291780
0.98506671 74.39014435 0.44250801
1.13400567 74.39014435 0.37628013
1.24860775 74.39014435 0.37589681
1.33045793 74.39014435 0.36281338
1.46818125 74.39014435 0.43874922
1.60090458 74.39014435 0.37864578
1.73556244 74.39014435 0.37425044
