2.10959291 39.30088043 -0.25345898
2.20216894 39.30088043 -0.42202038
1.91818666 39.30088043 -1.50663567
-0.07431702 39.30088043 -1.20103061
0.95134175 39.29088593 0.62027121
1.02514386 39.29088593 0.63557625
1.08629429 39.29088593 0.64712912
1.17546058 39.29088593 0.64206398
1.26455629 39.29088593 0.63281643
1.35728836 39.29088593 0.65181231
1.44938481 39.29088593 0.69202894
1.50108945 39.29088593 0.65728211
1.57518792 39.29088593 0.50840849
1.60928273 39.29088593 0.45539460
1.65665793 39.29088593 0.40145844
1.67661381 39.29088593 0.31541038
1.76568723 39.29088593 0.25676161
1.81359375 39.29088593 0.16031004
1.91264546 39.29088593 0.08158468
1.98547149 39.29088593 -0.05172490
2.04681730 39.29088593 -0.14640655
2.06954098 39.29088593 -0.20485656
2.20178914 39.29088593 -0.48331016
2.19559741 39.29088593 -0.55014092
2.21984792 39.29088593 -0.63658559
2.19692087 39.29088593 -0.80330396
2.18776369 39.29088593 -0.88974762
2.16508150 39.29088593 -0.94707429
2.15556693 39.29088593 -1.04897332
2.15704226 39.29088593 -1.11114585
2.15032864 39.29088593 -1.22861171
2.15183735 39.29088593 -1.29133153
2.12033939 39.29088593 -1.40235889
2.08087111 39.29088593 -1.46376407
2.02119923 39.29088593 -1.48540640
1.85854292 39.29088593 -1.51298797
1.66841531 39.29088593 -1.52805805
1.51611125 39.29088593 -1.51702487
1.36234140 39.29088593 -1.52822900
1.25851107 39.29088593 -1.52807128
1.14666545 39.29088593 -1.52768970
1.06284928 39.29088593 -1.52790105
0.87657851 39.29088593 -1.53339267
0.75512683 39.29088593 -1.53082550
0.56829584 39.29088593 -1.51637363
0.43667397 39.29088593 -1.51118350
0.28081283 39.29088593 -1.51858938
0.13877334 39.29088593 -1.49630380
0.02487688 39.29088593 -1.46212530
-0.06450986 39.29088593 -1.26594734
-0.07860220 39.29088593 -1.04924452
-0.11374871 39.29088593 -0.94818199
-0.17069542 39.29088593 -0.81385279
-0.11013453 39.29088593 -0.63623428
-0.10169535 39.29088593 -0.52397090
-0.06562102 39.29088593 -0.40921673
-0.04812729 39.29088593 -0.30919391
-0.02862708 39.29088593 -0.21345615
-0.05155632 39.29088593 -0.07368734
-0.06572069 39.29088593 -0.00876642
-0.04318224 39.29088593 0.08183681
-0.01479429 39.29088593 0.14597197
0.04071458 39.29088593 0.21694580
0.08309588 39.29088593 0.29577553
0.21270987 39.29088593 0.43377659
0.29021928 39.29088593 0.49638164
0.32668683 39.29088593 0.55476511
0.40374458 39.29088593 0.56477594
0.47507289 39.29088593 0.57578462
0.54741925 39.29088593 0.54982209
0.67079300 39.29088593 0.57609713
0.75548393 39.29088593 0.62641066
0.86329293 39.29088593 0.57937676
1.54729831 39.29088593 0.58544070
2.15235639 39.29088593 -0.36677995
-0.05158870 39.29088593 -1.43762875
0.13550989 39.29088593 0.34115112
