0.98011136 65.56032562 0.69710338
0.49511406 65.56032562 0.61481172
0.22606680 65.56032562 0.59587091
0.06851562 65.56032562 0.60145199
-0.08700451 65.56032562 0.57803792
-0.23458719 65.56032562 0.53060943
-0.11647882 65.56032562 -1.29214585
1.46087193 65.56032562 -1.51554966
1.19053662 65.55033112 0.72090793
0.70318598 65.55033112 0.66772014
0.57788438 65.55033112 0.66656601
0.42650372 65.55033112 0.57789969
0.33970273 65.55033112 0.55389267
0.15303846 65.55033112 0.60898048
0.00799237 65.55033112 0.58627677
-0.14896782 65.55033112 0.56524622
-0.30750698 65.55033112 0.51503235
-0.35513651 65.55033112 0.40267983
-0.33993477 65.55033112 0.23539379
-0.35152796 65.55033112 0.29540244
-0.33337662 65.55033112 0.04997464
-0.32176208 65.55033112 -0.06072999
-0.33504963 65.55033112 -0.19939077
-0.31900829 65.55033112 -0.13588288
-0.28090805 65.55033112 -0.35651460
-0.28566521 65.55033112 -0.47579926
-0.26819620 65.55033112 -0.69039214
-0.27713096 65.55033112 -0.61848611
-0.27290598 65.55033112 -0.76020259
-0.26374969 65.55033112 -0.85171461
-0.23517424 65.55033112 -0.95106417
-0.18408819 65.55033112 -1.06966341
-0.11936226 65.55033112 -1.20416594
-0.10826471 65.55033112 -1.36055076
0.03983737 65.55033112 -1.47012830
0.17721221 65.55033112 -1.47566497
0.30811390 65.55033112 -1.49095511
0.41446269 65.55033112 -1.50207472
0.52199835 65.55033112 -1.51253307
0.63526392 65.55033112 -1.50359440
0.79512876 65.55033112 -1.50121152
0.85983104 65.55033112 -1.49997461
1.01304746 65.55033112 -1.51730418
1.10217893 65.55033112 -1.52242768
1.20642543 65.55033112 -1.52050984
1.28795946 65.55033112 -1.52006328
1.39648890 65.55033112 -1.50853086
1.53678334 65.55033112 -1.52533078
1.67196929 65.55033112 -1.50896406
1.79747307 65.55033112 -1.49148512
-0.37377089 65.55033112 0.53893024
-0.31535605 65.55033112 -0.52958179
-0.09426315 65.55033112 -1.42020285
1.38812590 65.55033112 0.76535088
1.30270195 65.55033112 0.74542385
1.96968687 65.55033112 -1.49611640
2.05297303 65.55033112 -1.37728965
2.06727695 65.55033112 -1.23253310
2.08156848 65.55033112 -1.10116565
1.96769547 65.55033112 -0.81933147
2.03469586 65.55033112 -0.66439193
2.05556536 65.55033112 -0.58864367
2.03309751 65.55033112 -0.34495908
2.04753447 65.55033112 -0.52200925
2.00636816 65.55033112 -0.25511342
1.97721529 65.55033112 -0.05570754
1.94486964 65.55033112 0.04191040
1.90479410 65.55033112 0.11325476
1.88781703 65.55033112 0.24187708
1.88219059 65.55033112 0.34986198
1.88204777 65.55033112 0.54712760
1.83741522 65.55033112 0.64829230
1.81075108 65.55033112 0.74874413
1.71615946 65.55033112 0.75736862
1.57932115 65.55033112 0.72609061
2.05134273 65.55033112 -0.96378690
