1.76252675 -23.09780121 -1.45670736
1.40906334 -23.09780121 -1.47282743
0.90319788 -23.09780121 -1.44751012
-0.24231778 -23.09780121 -1.25464952
-0.16766398 -23.09780121 -0.99775273
0.00426049 -23.09780121 0.21143036
0.21596041 -23.09780121 0.79040015
0.63118815 -23.10779572 0.78797019
1.85915160 -23.10779572 0.57815725
2.23843288 -23.10779572 0.51679969
2.33442879 -23.10779572 0.36488798
2.37741661 -23.10779572 0.00940115
2.33760190 -23.10779572 -1.12459898
2.29011321 -23.10779572 -1.29813695
2.19097137 -23.10779572 -1.45465648
2.00348067 -23.10779572 -1.47377634
1.82180130 -23.10779572 -1.45767307
1.63590801 -23.10779572 -1.45514011
1.50641978 -23.10779572 -1.47273099
1.32852781 -23.10779572 -1.47227275
1.10399771 -23.10779572 -1.44282937
0.97289640 -23.10779572 -1.44941175
0.77731550 -23.10779572 -1.44330132
0.65268445 -23.10779572 -1.43452382
0.48150590 -23.10779572 -1.44000363
0.34318116 -23.10779572 -1.45967686
0.21224912 -23.10779572 -1.46000910
0.02912245 -23.10779572 -1.43876052
-0.12022814 -23.10779572 -1.39313591
-0.26912242 -23.10779572 -1.34618187
-0.18524499 -23.10779572 -1.06984043
-0.15706481 -23.10779572 -0.75560361
-0.17108858 -23.10779572 -0.64156222
-0.17662223 -23.10779572 -0.52339536
-0.18228783 -23.10779572 -0.40079686
-0.13739389 -23.10779572 -0.29802996
-0.09966042 -23.10779572 -0.19797410
-0.05961221 -23.10779572 -0.10130213
-0.01103605 -23.10779572 -0.01075003
-0.01020367 -23.10779572 0.14104466
0.03552043 -23.10779572 0.31188449
0.05411650 -23.10779572 0.39674821
0.07074783 -23.10779572 0.46321094
0.09881580 -23.10779572 0.56976050
0.13983247 -23.10779572 0.66780537
0.31773415 -23.10779572 0.78530920
0.38512456 -23.10779572 0.80810803
0.48310173 -23.10779572 0.81435740
0.57097137 -23.10779572 0.80105793
2.40629101 -23.10779572 0.10320543
2.43433189 -23.10779572 -0.16302924
2.38556743 -23.10779572 -1.01239967
2.28598094 -23.10779572 -1.39975524
1.21752965 -23.10779572 -1.46809399
-0.14957170 -23.10779572 -0.87674326
0.04551487 -23.10779572 0.05930614
0.14988662 -23.10779572 0.76321006
2.46239591 -23.10779572 -0.24796890
2.50579882 -23.10779572 -0.39784139
2.51307154 -23.10779572 -0.55750519
2.45406651 -23.10779572 -0.83114392
