1.08348989 -55.08712006 -1.44555151
0.86657411 -55.08712006 -1.41887796
0.74236935 -55.08712006 -1.40232658
0.61683053 -55.08712006 -1.38282228
0.46278521 -55.08712006 -1.37777495
0.32952273 -55.08712006 -1.35559726
0.17103466 -55.08712006 -1.29320562
0.07871728 -55.08712006 -1.20994329
0.03298479 -55.08712006 -1.10983670
0.04015866 -55.08712006 -0.94261032
0.05538633 -55.08712006 -0.79780388
0.04943755 -55.08712006 -0.70083439
0.08931857 -55.08712006 -0.56151134
0.13665894 -55.08712006 -0.42841753
0.13634726 -55.08712006 -0.36255160
0.13833584 -55.08712006 -0.26015022
0.15548061 -55.08712006 -0.16310987
0.17218049 -55.08712006 -0.08257682
0.17586060 -55.08712006 -0.01147591
0.23291871 -55.08712006 0.02551560
0.27272111 -55.08712006 0.08489045
0.32726213 -55.08712006 0.25666565
0.35213771 -55.08712006 0.31413710
0.38144392 -55.08712006 0.38179293
0.46620405 -55.08712006 0.44117358
0.47958624 -55.08712006 0.55789077
0.57158929 -55.08712006 0.65560114
0.61874354 -55.08712006 0.70044613
0.70697576 -55.08712006 0.72760582
0.79552007 -55.08712006 0.75438541
0.88341528 -55.08712006 0.75270522
0.94641227 -55.08712006 0.77339643
1.05770826 -55.08712006 0.81770664
1.20236433 -55.08712006 0.86420798
1.29250360 -55.08712006 0.86893183
1.44039118 -55.08712006 0.83553290
1.66371584 -55.08712006 0.90173417
1.88245749 -55.08712006 0.80480003
2.00597644 -55.08712006 0.82005483
2.31656718 -55.08712006 0.72028059
2.36025977 -55.08712006 0.66417503
2.45895839 -55.08712006 0.63534170
2.49706459 -55.08712006 0.37938666
2.49944854 -55.08712006 0.26968548
2.49004674 -55.08712006 0.18693808
2.52827954 -55.08712006 0.00301692
2.46370912 -55.08712006 -0.05199469
2.45499992 -55.08712006 -0.14972788
2.46748590 -55.08712006 -0.21345899
2.47765946 -55.08712006 -0.29717010
2.48853946 -55.08712006 -0.41282919
2.48312473 -55.08712006 -0.52865809
2.49710107 -55.08712006 -0.61306995
2.48890281 -55.08712006 -0.70472717
2.48797536 -55.08712006 -0.77932465
2.44139409 -55.08712006 -0.95923382
2.30812001 -55.08712006 -1.11966777
2.29427052 -55.08712006 -1.23413098
2.28651595 -55.08712006 -1.30556679
2.21034455 -55.08712006 -1.33433390
2.05266976 -55.08712006 -1.37061012
1.91855288 -55.08712006 -1.38358819
1.82133877 -55.08712006 -1.39864755
1.72326839 -55.08712006 -1.40537643
1.66202235 -55.08712006 -1.41597188
1.45054483 -55.08712006 -1.44515109
1.31818581 -55.08712006 -1.45771682
0.28063536 -55.08712006 0.14745732
1.16596675 -55.08712006 -1.45682764
2.38953972 -55.08712006 -1.10144675
2.47180271 -55.08712006 -0.89929813
2.51335716 -55.08712006 0.06671265
2.46131539 -55.08712006 0.44629475
2.12764883 -55.08712006 0.75153846
1.81449938 -55.08712006 0.84276545
1.52319467 -55.08712006 0.91878474
1.11548305 -55.08712006 0.87486666
