0.25385669 -1.51825714 -1.11409807
0.27991185 -1.52825165 -0.94846195
0.29356879 -1.52825165 -1.03822768
0.22643791 -1.52825165 -1.17144668
0.25918943 -1.52825165 -1.25333750
0.36104387 -1.52825165 -1.27295637
0.44863823 -1.52825165 -1.30430794
0.56069314 -1.52825165 -1.33094800
0.63695568 -1.52825165 -1.34689081
1.01958132 -1.52825165 0.59127641
1.10962474 -1.52825165 0.66995806
0.95955932 -1.52825165 0.57185006
0.79787642 -1.52825165 0.45192078
0.88836288 -1.52825165 0.52144861
0.70896816 -1.52825165 0.40295383
0.53842312 -1.52825165 0.31949916
0.46788406 -1.52825165 0.18725209
0.34996432 -1.52825165 0.06902655
0.31080079 -1.52825165 0.00394844
0.33703035 -1.52825165 -0.24722257
0.39164481 -1.52825165 -0.20116477
0.32222617 -1.52825165 -0.34954903
0.36937642 -1.52825165 -0.50975090
0.36881721 -1.52825165 -0.57194918
0.36721280 -1.52825165 -0.63883317
0.29090944 -1.52825165 -0.82659829
0.33644801 -1.52825165 -0.75940663
0.75207508 -1.52825165 -1.35362387
0.82160240 -1.52825165 -1.36082828
0.93337452 -1.52825165 -1.36121547
1.09572816 -1.52825165 -1.35180700
1.00165975 -1.52825165 -1.34497499
1.20771790 -1.52825165 -1.36498630
1.31453693 -1.52825165 -1.36383784
1.37844467 -1.52825165 -1.36730623
1.45881081 -1.52825165 -1.35567832
1.61658823 -1.52825165 -1.35790026
1.52722371 -1.52825165 -1.33133936
1.73038185 -1.52825165 -1.36365902
1.83505464 -1.52825165 -1.36289477
1.96911848 -1.52825165 -1.34647572
2.12745905 -1.52825165 -1.32486427
2.28013802 -1.52825165 -1.28406239
2.35147429 -1.52825165 -1.24318719
2.38166618 -1.52825165 -1.15148020
2.39799213 -1.52825165 -1.09006345
2.41847610 -1.52825165 -0.92197436
2.41265464 -1.52825165 -0.78293741
2.37847662 -1.52825165 -0.69649601
2.34553027 -1.52825165 -0.51540565
2.32029748 -1.52825165 -0.35401356
2.32286811 -1.52825165 -0.43044603
2.29477906 -1.52825165 -0.24780388
2.25035238 -1.52825165 -0.04560822
2.27689362 -1.52825165 -0.18555376
2.20896935 -1.52825165 0.12522106
2.10928416 -1.52825165 0.21822965
2.08285022 -1.52825165 0.27434230
1.97659922 -1.52825165 0.38880569
1.88602471 -1.52825165 0.47002122
1.72157490 -1.52825165 0.53003424
1.82800579 -1.52825165 0.49194968
1.60894287 -1.52825165 0.55227417
1.52923751 -1.52825165 0.58030874
1.25997913 -1.52825165 0.69343388
