0.41147599 -62.35697174 -0.23939298
0.49193951 -62.36696625 0.08674902
0.45686021 -62.36696625 -0.05753788
0.43664908 -62.36696625 -0.18408059
0.39839152 -62.36696625 -0.29818705
0.32937121 -62.36696625 -0.41665524
0.30071488 -62.36696625 -0.49199402
0.26815969 -62.36696625 -0.62821680
0.24957408 -62.36696625 -0.74194980
0.19947517 -62.36696625 -0.87007320
0.16382678 -62.36696625 -1.09641421
0.16649577 -62.36696625 -1.00530505
0.28783074 -62.36696625 -1.24396729
0.40793097 -62.36696625 -1.32025492
0.66203767 -62.36696625 -1.40129256
0.56946522 -62.36696625 -1.37852573
0.80960166 -62.36696625 -1.42913806
0.92326653 -62.36696625 -1.43995166
1.04553282 -62.36696625 -1.44871068
1.13754129 -62.36696625 -1.47386920
1.22563767 -62.36696625 -1.49678040
1.32546532 -62.36696625 -1.48053050
1.50171328 -62.36696625 -1.48969054
1.60215175 -62.36696625 -1.48580635
1.71002519 -62.36696625 -1.46596074
1.79731977 -62.36696625 -1.46573472
1.89711559 -62.36696625 -1.45930481
1.99133658 -62.36696625 -1.45321679
2.07857347 -62.36696625 -1.44020247
2.18071413 -62.36696625 -1.41860974
2.28454876 -62.36696625 -1.40728509
2.34526515 -62.36696625 -1.37142408
2.41962099 -62.36696625 -1.31390858
2.44232392 -62.36696625 -1.24478424
2.48525333 -62.36696625 -1.05430949
2.47867084 -62.36696625 -1.12282038
2.53051448 -62.36696625 -0.96135199
2.54454303 -62.36696625 -0.90232223
2.53698206 -62.36696625 -0.81659365
2.49456358 -62.36696625 -0.71647829
2.48571372 -62.36696625 -0.62240309
2.47953033 -62.36696625 -0.51551318
2.49375868 -62.36696625 -0.41394258
2.47147965 -62.36696625 -0.35687223
2.44510579 -62.36696625 -0.23760718
2.40910220 -62.36696625 -0.14643502
2.37788510 -62.36696625 -0.05650673
2.32514238 -62.36696625 0.08220904
2.29033828 -62.36696625 0.18371364
2.28451967 -62.36696625 0.31080699
2.23401165 -62.36696625 0.38442490
2.19470644 -62.36696625 0.46058559
2.07261491 -62.36696625 0.47060314
1.97423077 -62.36696625 0.52263486
1.89329636 -62.36696625 0.55258471
1.73692000 -62.36696625 0.58298934
1.61093032 -62.36696625 0.62210560
1.54582572 -62.36696625 0.61946797
1.33288360 -62.36696625 0.62342125
1.26192415 -62.36696625 0.60403991
1.09850025 -62.36696625 0.56871808
1.15532994 -62.36696625 0.59557098
0.96616262 -62.36696625 0.59936631
0.87211710 -62.36696625 0.62115932
0.73921609 -62.36696625 0.54533195
0.78597140 -62.36696625 0.58917820
0.69384712 -62.36696625 0.44552821
0.62929010 -62.36696625 0.33490163
0.66124320 -62.36696625 0.38578585
0.57299691 -62.36696625 0.22355586
0.52245069 -62.36696625 0.14228466
0.17926832 -62.36696625 -1.16920125
0.44031525 -62.36696625 0.00172661
1.47720337 -62.36696625 0.62168437
1.67617154 -62.36696625 0.61178738
