1.10677385 -68.34683990 -1.46703577
1.01399720 -68.34683990 -1.46669269
0.91099292 -68.34683990 -1.45912480
0.70613855 -68.34683990 -1.42154586
0.56816268 -68.34683990 -1.41011524
0.44361439 -68.34683990 -1.38075197
0.36852705 -68.34683990 -1.31394994
0.30300540 -68.34683990 -1.15331864
0.28919446 -68.34683990 -1.07227623
1.82028377 -68.34683990 0.77801746
1.74062240 -68.34683990 0.78165978
1.61029947 -68.34683990 0.77533096
1.43312156 -68.34683990 0.75037545
1.51442027 -68.34683990 0.76797807
1.36826885 -68.34683990 0.74714345
1.22486103 -68.34683990 0.72114325
1.03447914 -68.34683990 0.64523256
1.16288257 -68.34683990 0.70890516
0.95288724 -68.34683990 0.62086558
0.73247141 -68.34683990 0.50593174
0.80626988 -68.34683990 0.54577619
0.67765760 -68.34683990 0.47362837
0.43702221 -68.34683990 0.32936904
0.55466259 -68.34683990 0.38733473
0.38513112 -68.34683990 0.27847475
0.31089318 -68.34683990 0.15297063
0.17458457 -68.34683990 -0.08447266
0.18902798 -68.34683990 -0.20699571
0.22737940 -68.34683990 -0.53472233
0.20495488 -68.34683990 -0.33917728
0.23881511 -68.34683990 -0.63806909
0.25135267 -68.34683990 -0.74302173
0.26353878 -68.34683990 -0.85105789
0.34918237 -68.34683990 -0.93199438
1.21971881 -68.34683990 -1.48290634
1.28440213 -68.34683990 -1.48266053
1.40140748 -68.34683990 -1.47873104
1.50731277 -68.34683990 -1.47680199
1.60757411 -68.34683990 -1.47442329
1.78525984 -68.34683990 -1.46307290
1.87697220 -68.34683990 -1.46298587
1.97766995 -68.34683990 -1.46149409
2.08236861 -68.34683990 -1.45115960
2.20271158 -68.34683990 -1.42786634
2.30499935 -68.34683990 -1.39969039
2.45228124 -68.34683990 -1.36690962
2.61365891 -68.34683990 -1.33856690
2.67435312 -68.34683990 -1.31994057
2.70156193 -68.34683990 -1.22669256
2.72250819 -68.34683990 -1.12117064
2.73986244 -68.34683990 -0.98831648
2.76977801 -68.34683990 -0.86548311
2.78102636 -68.34683990 -0.75615156
2.72151184 -68.34683990 -0.51305532
2.74856591 -68.34683990 -0.60593158
2.69641137 -68.34683990 -0.39836285
2.68554544 -68.34683990 -0.23644508
2.61407161 -68.34683990 -0.17601883
2.54208255 -68.34683990 0.00474742
2.52715898 -68.34683990 0.09004322
2.51740980 -68.34683990 0.16662535
2.46077394 -68.34683990 0.30884618
2.42779875 -68.34683990 0.44324842
2.36332750 -68.34683990 0.59473354
2.40132284 -68.34683990 0.50482404
2.12731314 -68.34683990 0.69733101
2.21309209 -68.34683990 0.66506016
2.07044196 -68.34683990 0.72011858
1.90551531 -68.34683990 0.76468730
0.15790716 -68.34683990 0.05303807
0.81616211 -68.34216309 -1.44335902
