1.55539608 12.78144073 0.72929943
-0.00128444 12.78144073 -1.27370310
1.85596263 12.78144073 0.55720133
0.95582348 12.77144623 0.65766978
1.02726316 12.77144623 0.67445999
1.08687854 12.77144623 0.68944049
1.19418681 12.77144623 0.69198120
1.34044540 12.77144623 0.71011466
1.43001306 12.77144623 0.70515305
1.49606633 12.77144623 0.70974880
1.61970401 12.77144623 0.72229809
1.69352293 12.77144623 0.71325421
1.72275627 12.77144623 0.63064593
1.79600298 12.77144623 0.53979659
1.85339141 12.77144623 0.48793718
1.89726269 12.77144623 0.44425306
1.93332183 12.77144623 0.35874668
2.00091958 12.77144623 0.26118878
2.00832510 12.77144623 0.18390675
2.01578808 12.77144623 0.11897314
2.06186438 12.77144623 -0.04678528
2.08906245 12.77144623 -0.10137846
2.12984991 12.77144623 -0.24740076
2.21287942 12.77144623 -0.37803918
2.28356314 12.77144623 -0.49162945
2.29718947 12.77144623 -0.56244403
2.34553003 12.77144623 -0.69495952
2.35635519 12.77144623 -0.81944954
2.36203265 12.77144623 -0.90381175
2.44690943 12.77144623 -1.09857285
2.45055437 12.77144623 -1.20219767
2.39450431 12.77144623 -1.27740371
2.24969673 12.77144623 -1.30715835
2.12486792 12.77144623 -1.35596418
2.07471728 12.77144623 -1.41226232
1.90979755 12.77144623 -1.41608071
1.73746371 12.77144623 -1.41045785
1.55189991 12.77144623 -1.42532051
1.46080172 12.77144623 -1.43326449
1.32059276 12.77144623 -1.43324876
1.16300809 12.77144623 -1.42856050
1.02177525 12.77144623 -1.41127360
0.93085200 12.77144623 -1.41081071
0.78374606 12.77144623 -1.39533722
0.63987875 12.77144623 -1.38510883
0.47877255 12.77144623 -1.38413525
0.33195060 12.77144623 -1.35516143
0.17250627 12.77144623 -1.35107219
0.04166850 12.77144623 -1.31457937
-0.01575555 12.77144623 -1.14369392
0.00204827 12.77144623 -0.95189506
0.00781440 12.77144623 -0.79297495
0.00921930 12.77144623 -0.65841788
0.02718055 12.77144623 -0.53228080
0.00333847 12.77144623 -0.37427798
0.00036084 12.77144623 -0.29781374
0.04683519 12.77144623 -0.20890936
0.09433275 12.77144623 -0.10637607
0.13091685 12.77144623 0.04060102
0.11578219 12.77144623 0.12125707
0.13725774 12.77144623 0.21449199
0.18176642 12.77144623 0.28868225
0.22331703 12.77144623 0.33913109
0.30547017 12.77144623 0.38095883
0.38090551 12.77144623 0.42795062
0.45179811 12.77144623 0.52033162
0.56639493 12.77144623 0.59019870
0.65329748 12.77144623 0.61282986
0.73581916 12.77144623 0.60346472
0.88577610 12.77144623 0.63760650
0.80696386 12.77144623 0.61582237
1.26156342 12.77144623 0.70704812
