0.73465037 -53.25716400 0.67537588
2.10279107 -53.25716400 0.47096074
0.99409449 -53.26715851 0.71201050
1.08870912 -53.26715851 0.72430623
0.87743694 -53.26715851 0.72121906
0.81097239 -53.26715851 0.70741796
0.67444497 -53.26715851 0.64244509
0.59596944 -53.26715851 0.59682149
0.51045173 -53.26715851 0.53675860
0.43742695 -53.26715851 0.39936414
0.47166806 -53.26715851 0.46231332
0.38034809 -53.26715851 0.24770178
0.42276719 -53.26715851 0.33188283
0.36654764 -53.26715851 0.18242891
0.33919352 -53.26715851 0.09451391
0.31223983 -53.26715851 -0.03041341
0.30192330 -53.26715851 -0.13967958
0.27899155 -53.26715851 -0.30920634
0.28627506 -53.26715851 -0.24349353
0.29225203 -53.26715851 -0.39385048
0.28526577 -53.26715851 -0.60606980
0.30114111 -53.26715851 -0.50660586
0.28213495 -53.26715851 -0.67415798
0.28777286 -53.26715851 -0.78592896
0.25599626 -53.26715851 -0.88996792
0.21700807 -53.26715851 -1.00088477
0.20126940 -53.26715851 -1.11951363
0.18527418 -53.26715851 -1.20694053
0.40687174 -53.26715851 -1.32985997
0.50660479 -53.26715851 -1.37353504
0.62315881 -53.26715851 -1.39517593
0.72819746 -53.26715851 -1.40988028
0.86118591 -53.26715851 -1.42541742
0.79681236 -53.26715851 -1.41767275
0.94086176 -53.26715851 -1.42939723
1.04942715 -53.26715851 -1.43705881
1.12828720 -53.26715851 -1.45226324
1.23238349 -53.26715851 -1.44444001
1.32559919 -53.26715851 -1.44087088
1.41041064 -53.26715851 -1.43985367
1.47098970 -53.26715851 -1.44279468
1.62177789 -53.26715851 -1.41650403
1.55367780 -53.26715851 -1.42954266
1.69543004 -53.26715851 -1.41895568
1.77530301 -53.26715851 -1.41332996
1.86517441 -53.26715851 -1.41119063
1.96371710 -53.26715851 -1.39758158
2.08300877 -53.26715851 -1.39815533
2.21435452 -53.26715851 -1.38203895
2.31178594 -53.26715851 -1.35035443
2.43885589 -53.26715851 -1.26041996
2.39943910 -53.26715851 -1.13918734
2.41417718 -53.26715851 -0.96605253
2.39826369 -53.26715851 -1.03035426
2.40765977 -53.26715851 -0.90445322
2.40041065 -53.26715851 -0.83047038
2.39496732 -53.26715851 -0.75621712
2.37983561 -53.26715851 -0.59832817
2.38460350 -53.26715851 -0.66089004
2.37246203 -53.26715851 -0.53091174
2.31393313 -53.26715851 -0.44441208
2.33352208 -53.26715851 -0.34191653
2.33976007 -53.26715851 -0.23529783
2.34606481 -53.26715851 -0.13629647
2.35009432 -53.26715851 0.00645433
2.33097816 -53.26715851 0.09401444
2.31757045 -53.26715851 0.16457695
2.29158926 -53.26715851 0.31319663
2.16866493 -53.26715851 0.45094877
2.03690147 -53.26715851 0.48840988
1.88579428 -53.26715851 0.63655216
1.93517029 -53.26715851 0.58799553
1.32588744 -53.26715851 0.70904821
1.63903618 -53.26715851 0.70204788
2.38520789 -53.26715851 -1.32438421
0.28584811 -53.26715851 -1.29786515
1.15370333 -53.26715851 0.71651858
1.22895646 -53.26715851 0.71536452
1.73249912 -53.26715851 0.69626927
1.80745769 -53.26715851 0.68470556
2.21669674 -53.26715851 0.37555417
