2.30495882 46.58072662 -1.42007542
0.37247601 46.57073212 -1.14535356
0.39463565 46.57073212 -1.42267573
0.44304755 46.57073212 -1.45815527
0.33456984 46.57073212 -0.97721690
0.54656786 46.57073212 -1.46770430
1.33471394 46.57073212 0.72169864
1.41384971 46.57073212 0.71253383
1.25080860 46.57073212 0.70843595
1.08511055 46.57073212 0.77017242
1.15464985 46.57073212 0.69985586
0.98705798 46.57073212 0.78513062
0.82991308 46.57073212 0.84182662
0.92932802 46.57073212 0.81740499
0.69758976 46.57073212 0.82031041
0.67206258 46.57073212 0.75347978
0.55704677 46.57073212 0.61514080
0.47622067 46.57073212 0.46822354
0.44202831 46.57073212 0.39791405
0.40124318 46.57073212 0.29540148
0.38740203 46.57073212 0.20631327
0.37055057 46.57073212 0.04289382
0.36956310 46.57073212 -0.14369258
0.36530605 46.57073212 -0.04749448
0.34358713 46.57073212 -0.21366815
0.28282404 46.57073212 -0.37062192
0.25836790 46.57073212 -0.47086868
0.25314510 46.57073212 -0.57955313
0.30429402 46.57073212 -0.74887276
0.31905913 46.57073212 -0.90989757
0.88273603 46.57073212 -1.48877001
0.74623054 46.57073212 -1.48496914
1.09755623 46.57073212 -1.48647010
1.18787944 46.57073212 -1.49286568
1.30462253 46.57073212 -1.49311864
1.44012558 46.57073212 -1.49285102
1.68095756 46.57073212 -1.50182033
1.85246599 46.57073212 -1.48425603
1.99707973 46.57073212 -1.46966660
2.14644480 46.57073212 -1.47700655
2.27654815 46.57073212 -1.47642016
2.53804541 46.57073212 -1.16630340
2.56848431 46.57073212 -0.91225338
2.58081746 46.57073212 -1.05626738
2.57126212 46.57073212 -0.73910844
2.57376838 46.57073212 -0.59394133
2.59965611 46.57073212 -0.46482271
2.58403707 46.57073212 -0.33937943
2.60155201 46.57073212 -0.20723055
2.59513521 46.57073212 -0.13765624
2.56658387 46.57073212 -0.03506733
2.54438496 46.57073212 0.24955979
2.53864479 46.57073212 0.11570387
2.54087400 46.57073212 0.32252282
2.51352119 46.57073212 0.49782270
2.55477977 46.57073212 0.38621008
2.40200377 46.57073212 0.65536028
2.46201444 46.57073212 0.61255407
1.89093685 46.57073212 0.75387877
1.95643723 46.57073212 0.71775717
1.83114541 46.57073212 0.74221182
1.73689151 46.57073212 0.74860334
1.57985544 46.57073212 0.71262038
1.47770929 46.57073212 0.72781026
2.10211277 46.57073212 0.72627729
2.25449800 46.57073212 0.73074490
