0.38291261 -18.93788910 0.74145627
0.07837073 -18.94788361 -1.38900721
0.00363315 -18.94788361 -1.31163394
-0.03408758 -18.94788361 -1.23815179
-0.02775499 -18.94788361 -1.03090012
0.05096837 -18.94788361 -0.87980258
0.08629245 -18.94788361 -0.76625890
0.07922013 -18.94788361 -0.64588213
0.05612122 -18.94788361 -0.50423378
0.08915256 -18.94788361 -0.38797018
0.14020450 -18.94788361 -0.21891463
0.10937401 -18.94788361 -0.12977524
0.12082884 -18.94788361 -0.00452590
0.20457439 -18.94788361 0.22676992
0.15152119 -18.94788361 -1.40641952
0.08351182 -18.94788361 0.12986733
2.39023638 -18.94788361 -0.60906297
2.42385554 -18.94788361 -0.70240301
2.40062141 -18.94788361 -0.76741147
2.36962342 -18.94788361 -0.95889169
2.37997198 -18.94788361 -1.07001293
2.35581493 -18.94788361 -1.18718052
2.34615493 -18.94788361 -1.32822812
2.33879709 -18.94788361 -1.41784286
2.25245047 -18.94788361 -1.42667902
2.08561373 -18.94788361 -1.43377924
1.93583596 -18.94788361 -1.44869506
1.81082392 -18.94788361 -1.44354630
1.69035983 -18.94788361 -1.44326544
1.56245613 -18.94788361 -1.44550729
1.48900414 -18.94788361 -1.45754480
1.39464712 -18.94788361 -1.46489036
1.33189654 -18.94788361 -1.46082819
1.23888481 -18.94788361 -1.45698261
1.14032054 -18.94788361 -1.44013739
1.02283955 -18.94788361 -1.41971028
0.93939191 -18.94788361 -1.43109393
0.86140287 -18.94788361 -1.41698956
0.77253717 -18.94788361 -1.42763817
0.68472892 -18.94788361 -1.42565858
0.58168942 -18.94788361 -1.41304767
0.48129731 -18.94788361 -1.40908158
0.33592969 -18.94788361 -1.41019046
0.27981839 -18.94788361 0.41274217
0.26814145 -18.94788361 0.61873472
0.32759020 -18.94788361 0.71620798
0.56357431 -18.94788361 0.80379027
0.68963522 -18.94788361 0.85292011
0.76249719 -18.94788361 0.89319026
0.84852666 -18.94788361 0.87806809
1.02728784 -18.94788361 0.95347548
1.15427041 -18.94788361 0.95444828
1.23056245 -18.94788361 0.92892390
1.44795287 -18.94788361 0.87227899
1.56698823 -18.94788361 0.85501456
1.82456112 -18.94788361 0.83470261
1.94964397 -18.94788361 0.82271987
2.12085915 -18.94788361 0.69660932
2.17151213 -18.94788361 0.65966845
2.23481846 -18.94788361 0.47057554
2.25985193 -18.94788361 0.39824161
2.25615788 -18.94788361 0.22632237
2.30414557 -18.94788361 0.11352312
2.34311867 -18.94788361 0.02351794
2.39117026 -18.94788361 -0.17835076
2.34670019 -18.94788361 -0.32640913
2.35430861 -18.94788361 -0.42221493
