2.31505799 32.80101776 -0.45614752
1.51431918 32.80101776 -1.45516920
0.32217315 32.80101776 0.12053981
1.32290220 32.79102325 0.65238267
1.39409506 32.79102325 0.63965392
1.52502382 32.79102325 0.65192372
1.63357508 32.79102325 0.61603737
1.70991910 32.79102325 0.56808704
1.76493061 32.79102325 0.53687137
1.82333696 32.79102325 0.51999378
1.90793717 32.79102325 0.47053975
1.99913120 32.79102325 0.44816861
2.08131671 32.79102325 0.38594094
2.15365672 32.79102325 0.37153172
2.19415569 32.79102325 0.26383609
2.27032757 32.79102325 0.17690282
2.27307653 32.79102325 0.11042986
2.30027962 32.79102325 0.01287626
2.31604838 32.79102325 -0.07436796
2.27308631 32.79102325 -0.16633515
2.29026437 32.79102325 -0.25419524
2.31752229 32.79102325 -0.39463004
2.33621407 32.79102325 -0.51152927
2.33795047 32.79102325 -0.59668112
2.34457684 32.79102325 -0.65737891
2.35390902 32.79102325 -0.75165600
2.39235210 32.79102325 -0.86051625
2.38267016 32.79102325 -0.96635115
2.41052532 32.79102325 -1.06548238
2.40775752 32.79102325 -1.14804232
2.39999485 32.79102325 -1.28610575
2.24376297 32.79102325 -1.41344881
2.11547804 32.79102325 -1.43049395
1.99085867 32.79102325 -1.45402324
1.88615334 32.79102325 -1.46030045
1.78029513 32.79102325 -1.45815861
1.66202903 32.79102325 -1.46129203
1.45280135 32.79102325 -1.45721614
1.34387350 32.79102325 -1.45522666
1.22325432 32.79102325 -1.45484626
1.13068378 32.79102325 -1.44961441
1.06441271 32.79102325 -1.44204128
0.90660846 32.79102325 -1.45588255
0.77552116 32.79102325 -1.45009351
0.65189761 32.79102325 -1.44520283
0.51553702 32.79102325 -1.43867123
0.30816349 32.79102325 -1.31242383
0.25891843 32.79102325 -1.19814658
0.21192890 32.79102325 -1.00626373
0.24365175 32.79102325 -0.93845022
0.23097762 32.79102325 -0.82815170
0.30292451 32.79102325 -0.69040662
0.31470495 32.79102325 -0.59093440
0.32318780 32.79102325 -0.49166036
0.33004081 32.79102325 -0.35985672
0.32045791 32.79102325 -0.23209777
0.31536689 32.79102325 -0.13899153
0.29649574 32.79102325 0.06572655
0.38193327 32.79102325 0.17618525
0.46510816 32.79102325 0.43845153
0.49070588 32.79102325 0.50616962
0.63156086 32.79102325 0.59380209
0.76521409 32.79102325 0.60804027
0.87011945 32.79102325 0.62766820
0.97745848 32.79102325 0.66452754
1.09413195 32.79102325 0.65138811
1.16445947 32.79102325 0.64625376
0.36379513 32.79102325 0.37044516
0.34048647 32.79102325 -1.39851606
