-0.12977955 43.72078705 -0.64012021
1.23691165 43.72078705 0.47839066
1.17266631 43.71079254 0.48394218
1.04885924 43.71079254 0.44908419
0.90223825 43.71079254 0.44916546
0.72135872 43.71079254 0.44652656
0.58177501 43.71079254 0.43004990
0.43434075 43.71079254 0.48879319
0.37493595 43.71079254 0.48028338
0.25962129 43.71079254 0.41223487
0.13958566 43.71079254 0.27144802
0.07887837 43.71079254 0.17415941
0.01970983 43.71079254 0.08816227
-0.01149438 43.71079254 -0.02936717
-0.04668952 43.71079254 -0.15380923
-0.08872122 43.71079254 -0.32237205
-0.11541680 43.71079254 -0.37969294
-0.08221069 43.71079254 -0.50375479
-0.15338157 43.71079254 -0.70312858
-0.14833842 43.71079254 -0.88009697
-0.16085450 43.71079254 -0.98103839
-0.16918589 43.71079254 -1.09842765
-0.13999425 43.71079254 -1.26576769
-0.10922930 43.71079254 -1.38315082
0.05867750 43.71079254 -1.51727271
0.17574550 43.71079254 -1.52517879
0.30850863 43.71079254 -1.54557729
0.41422474 43.71079254 -1.54259801
0.50612634 43.71079254 -1.54327190
0.64847040 43.71079254 -1.53967059
0.71699113 43.71079254 -1.54952657
0.78778976 43.71079254 -1.54924691
0.85575193 43.71079254 -1.54768085
0.93678594 43.71079254 -1.54526520
1.00109494 43.71079254 -1.53336239
1.08219135 43.71079254 -1.54135370
1.15484083 43.71079254 -1.54758644
1.28311694 43.71079254 -1.55116928
1.34635282 43.71079254 -1.55362558
1.41384852 43.71079254 -1.55142891
1.52274394 43.71079254 -1.54569650
1.64364219 43.71079254 -1.57725668
1.85070872 43.71079254 -1.54337060
1.97815120 43.71079254 -1.50448740
2.06252933 43.71079254 -1.41522288
2.08957219 43.71079254 -1.26858246
2.16938996 43.71079254 -0.93734556
2.16672230 43.71079254 -0.86397725
2.12260771 43.71079254 -0.69270134
2.12593126 43.71079254 -0.51442146
2.09700727 43.71079254 -0.42218477
2.10301566 43.71079254 -0.29394695
2.11701679 43.71079254 -0.10114592
2.11569285 43.71079254 0.07411344
2.09865403 43.71079254 0.21380515
2.02789235 43.71079254 0.34018290
1.72333753 43.71079254 0.40653965
1.65973055 43.71079254 0.41487390
2.15922761 43.71079254 -0.79306924
2.13428330 43.71079254 -1.13453043
2.06893086 43.71079254 -1.48367703
1.75574923 43.71079254 -1.56080866
1.21799755 43.71079254 -1.54990280
0.58510476 43.71079254 -1.54641557
-0.11481950 43.71079254 -1.44768643
-0.16152062 43.71079254 -1.17901778
