-0.14229620 71.02021027 -0.16516665
0.94168043 71.02021027 0.96280360
0.81461668 71.02021027 0.92625940
0.01467814 71.02021027 0.62153357
0.88058358 71.01021576 0.94726563
0.75600863 71.01021576 0.89796335
0.64278436 71.01021576 0.85032266
0.56806386 71.01021576 0.84099311
0.49560183 71.01021576 0.79779732
0.41941556 71.01021576 0.75325459
0.35088933 71.01021576 0.71137995
0.30385163 71.01021576 0.65957463
0.08819500 71.01021576 0.63891309
0.18372717 71.01021576 0.66357279
-0.01708193 71.01021576 0.56589192
-0.13511729 71.01021576 0.41897541
-0.08267052 71.01021576 0.47497076
-0.15894027 71.01021576 0.35141611
-0.17231986 71.01021576 0.18349467
-0.16410777 71.01021576 0.24812992
-0.14340077 71.01021576 0.03057852
-0.14199927 71.01021576 0.09662814
-0.16574241 71.01021576 -0.09813975
-0.16088781 71.01021576 -0.02820363
-0.13991813 71.01021576 -0.30765662
-0.14341713 71.01021576 -0.22435375
-0.08810585 71.01021576 -0.47668117
-0.09462420 71.01021576 -0.39165011
-0.06439368 71.01021576 -0.62663203
-0.10608076 71.01021576 -0.54927135
0.01457492 71.01021576 -0.74263215
0.02354838 71.01021576 -0.94452262
-0.00173740 71.01021576 -0.83224547
0.01996560 71.01021576 -1.02148128
0.10892557 71.01021576 -1.35342073
0.16241151 71.01021576 -1.43211520
0.26652560 71.01021576 -1.51283014
0.19547896 71.01021576 -1.50002193
0.46186656 71.01021576 -1.53729665
0.32688507 71.01021576 -1.52740967
0.64369708 71.01021576 -1.54543447
0.55024987 71.01021576 -1.54399288
0.85541505 71.01021576 -1.55682290
0.71082228 71.01021576 -1.54612792
1.05457819 71.01021576 -1.55928183
1.31510460 71.01021576 -1.55152869
1.18672240 71.01021576 -1.55429208
1.52682781 71.01021576 -1.55501640
1.42831254 71.01021576 -1.55188167
1.69062257 71.01021576 -1.54813576
1.61586726 71.01021576 -1.55554557
1.97815645 71.01021576 -1.54852951
1.88753664 71.01021576 -1.51915622
2.04631901 71.01021576 -1.53320313
2.11041498 71.01021576 -1.44654346
2.14577818 71.01021576 -1.35972571
2.15384722 71.01021576 -1.04666233
2.18363547 71.01021576 -1.16576099
2.12918115 71.01021576 -0.72308755
2.13443589 71.01021576 -0.55740035
2.13673663 71.01021576 -0.41463766
2.12761140 71.01021576 -0.27510792
2.10444307 71.01021576 -0.15665308
2.02811098 71.01021576 0.03718261
1.97536409 71.01021576 0.15698035
1.95001721 71.01021576 0.21634422
1.93295324 71.01021576 0.28803846
1.88294303 71.01021576 0.37391621
1.83864188 71.01021576 0.43222487
1.78162897 71.01021576 0.59797937
1.77263558 71.01021576 0.66116798
1.65057445 71.01021576 0.84289283
1.57854056 71.01021576 0.91346914
1.50955033 71.01021576 0.90601486
1.40508211 71.01021576 0.94242984
1.21179760 71.01021576 1.00655341
1.14508045 71.01021576 0.99913394
1.07420111 71.01021576 0.98718506
1.00331521 71.01021576 0.97404063
0.02149691 71.01021576 -1.10894561
0.97520703 71.01021576 -1.56430995
1.78302741 71.01021576 -1.54040885
2.13117051 71.01021576 -0.85368580
2.03878641 71.01021576 -0.03039948
1.80358171 71.01021576 0.51577741
1.73113167 71.01021576 0.74770105
1.30672812 71.01021576 0.99186921
