1.67126369 -36.87751007 -1.42741704
-0.03920912 -36.87751007 -0.52886659
-0.05497273 -36.87751007 -0.33596748
2.32843733 -36.87751007 0.34797540
1.78434706 -36.88750458 0.53865391
2.19806504 -36.88750458 0.40394843
2.35930371 -36.88750458 0.29613170
2.40622759 -36.88750458 0.17645052
2.45987320 -36.88750458 0.06597074
2.51253366 -36.88750458 -0.03635622
2.53750634 -36.88750458 -0.09484550
2.57387328 -36.88750458 -0.15414046
2.59671998 -36.88750458 -0.21208128
2.61222506 -36.88750458 -0.28622985
2.63286877 -36.88750458 -0.38021931
2.65157485 -36.88750458 -0.45476308
2.64660740 -36.88750458 -0.54448378
2.64753747 -36.88750458 -0.63408893
2.63139009 -36.88750458 -0.71073776
2.61820316 -36.88750458 -0.81492001
2.57418799 -36.88750458 -0.89675510
2.54376125 -36.88750458 -0.95304042
2.51994705 -36.88750458 -1.10910583
2.50303650 -36.88750458 -1.17421770
2.51246285 -36.88750458 -1.25687337
2.47251010 -36.88750458 -1.34451640
2.41816044 -36.88750458 -1.39863396
2.22813749 -36.88750458 -1.41849506
2.10071778 -36.88750458 -1.42125821
2.01943398 -36.88750458 -1.41997921
1.89392519 -36.88750458 -1.42825866
1.77897620 -36.88750458 -1.42512763
1.61069512 -36.88750458 -1.43836296
1.55120993 -36.88750458 -1.44659925
1.48496127 -36.88750458 -1.44781387
1.40070951 -36.88750458 -1.44886971
1.32409978 -36.88750458 -1.44573772
1.23823464 -36.88750458 -1.44432163
1.17041087 -36.88750458 -1.43917525
1.08500803 -36.88750458 -1.46238303
0.96900535 -36.88750458 -1.46326303
0.89800769 -36.88750458 -1.45608401
0.82438403 -36.88750458 -1.45974863
0.73964459 -36.88750458 -1.46123385
0.64363647 -36.88750458 -1.46439302
0.52430141 -36.88750458 -1.47658968
0.41766304 -36.88750458 -1.48841393
0.27161688 -36.88750458 -1.48445427
0.12107790 -36.88750458 -1.45624959
0.02449069 -36.88750458 -1.32779002
0.01644273 -36.88750458 -1.25461328
0.00332928 -36.88750458 -1.16927314
0.00116145 -36.88750458 -1.05896127
-0.00560742 -36.88750458 -0.94696677
-0.01634922 -36.88750458 -0.74382359
-0.04369653 -36.88750458 -0.59271711
-0.05504792 -36.88750458 -0.39913109
-0.02718988 -36.88750458 -0.16880891
-0.03983957 -36.88750458 -0.00135322
-0.03558343 -36.88750458 0.15373610
-0.00521784 -36.88750458 0.31153545
0.16036549 -36.88750458 0.45025522
0.21067083 -36.88750458 0.50731796
0.35499704 -36.88750458 0.55923706
0.51331717 -36.88750458 0.57654011
0.56952506 -36.88750458 0.55458385
0.69889289 -36.88750458 0.56480032
0.79398686 -36.88750458 0.55983967
0.87401128 -36.88750458 0.58073241
0.97224134 -36.88750458 0.57199681
1.11548615 -36.88750458 0.58733481
1.21592605 -36.88750458 0.59423119
1.32694137 -36.88750458 0.60351264
1.47839653 -36.88750458 0.59028178
1.53860617 -36.88750458 0.58493626
1.63238120 -36.88750458 0.57110876
1.69502091 -36.88750458 0.55183411
1.87875879 -36.88750458 0.55778056
2.15106034 -36.88750458 0.46211541
0.05945265 -36.88750458 -1.42987645
