0.00382747 57.50049591 -0.73378927
0.02986297 57.50049591 0.29591018
0.20286846 57.50049591 0.46863890
1.74132895 57.50049591 0.33191261
2.20282316 57.50049591 -0.04690454
0.82085562 57.49050140 0.59736210
0.58041227 57.49050140 0.58550918
0.48743820 57.49050140 0.57901299
0.29623213 57.49050140 0.52139646
0.07931329 57.49050140 0.35903338
-0.00830289 57.49050140 0.24637258
-0.03678270 57.49050140 0.10611303
-0.07733130 57.49050140 -0.03068001
-0.04717429 57.49050140 -0.17616202
-0.04391988 57.49050140 -0.30109328
-0.01799935 57.49050140 -0.42382705
0.00488510 57.49050140 -0.53641689
0.02085876 57.49050140 -0.62383556
-0.00996380 57.49050140 -0.81084853
0.05358342 57.49050140 -0.90741879
0.05405100 57.49050140 -1.15115094
0.10266853 57.49050140 -1.36970949
0.12634647 57.49050140 -1.42931283
0.24546468 57.49050140 -1.44088781
0.34317434 57.49050140 -1.47379637
0.44725329 57.49050140 -1.47658384
0.53833944 57.49050140 -1.48682749
0.62443697 57.49050140 -1.49184859
0.76155293 57.49050140 -1.48867369
0.83338135 57.49050140 -1.48902655
0.89540136 57.49050140 -1.48428500
0.95585209 57.49050140 -1.47492981
0.68850291 57.49050140 -1.49537265
0.07045699 57.49050140 -1.27609408
0.07320563 57.49050140 -1.04276717
2.21913314 57.49050140 -0.10378048
2.22539043 57.49050140 -0.21963875
2.22799349 57.49050140 -0.38420385
2.23885703 57.49050140 -0.55763370
2.25887108 57.49050140 -0.63300657
2.29772496 57.49050140 -0.74729466
2.33107448 57.49050140 -0.85657871
2.27540922 57.49050140 -0.89255095
2.30622458 57.49050140 -1.02964902
2.23944354 57.49050140 -1.22663915
2.20540261 57.49050140 -1.34991479
2.10679483 57.49050140 -1.42253876
1.97031283 57.49050140 -1.45067394
1.84668422 57.49050140 -1.46502876
1.72780740 57.49050140 -1.48298323
1.62593424 57.49050140 -1.49474585
1.49497938 57.49050140 -1.46347558
1.43283308 57.49050140 -1.47650707
1.35878158 57.49050140 -1.47722578
1.29018211 57.49050140 -1.48240554
1.22893560 57.49050140 -1.48127580
1.16712487 57.49050140 -1.48173988
1.10560071 57.49050140 -1.48302448
1.04601872 57.49050140 -1.47394907
0.99696344 57.49050140 0.56983852
1.16231656 57.49050140 0.53655195
1.25477087 57.49050140 0.53495204
1.44480264 57.49050140 0.55185413
1.80959320 57.49050140 0.31175390
