0.24428517 -5.67816925 0.44814602
0.14577654 -5.67816925 0.07877838
-0.00153283 -5.67816925 -0.39471164
-0.05927422 -5.67816925 -0.54587919
-0.13140115 -5.67816925 -0.72051769
-0.21800973 -5.67816925 -0.93346816
0.40730268 -5.67816925 -1.31471395
0.65448844 -5.67816925 -1.34660482
2.01776624 -5.67816925 0.47921419
0.88279784 -5.68816376 0.69447124
0.67459589 -5.68816376 0.72033882
0.55618799 -5.68816376 0.62219083
0.48631483 -5.68816376 0.56118399
0.39097974 -5.68816376 0.50632340
0.21007016 -5.68816376 0.38387579
0.19561481 -5.68816376 0.15895022
0.10545291 -5.68816376 0.01495539
0.08085681 -5.68816376 -0.05967753
0.07045308 -5.68816376 -0.17396286
0.04345833 -5.68816376 -0.31396726
-0.02786033 -5.68816376 -0.45714280
-0.07327358 -5.68816376 -0.60491049
-0.15915360 -5.68816376 -0.79184580
-0.24080999 -5.68816376 -1.01085448
-0.17861506 -5.68816376 -1.18152905
-0.08305389 -5.68816376 -1.27926505
0.08912043 -5.68816376 -1.31142902
0.28561422 -5.68816376 -1.30814576
0.48192424 -5.68816376 -1.32040107
0.71674049 -5.68816376 -1.35461688
0.84087998 -5.68816376 -1.36328709
0.97039670 -5.68816376 -1.35673833
1.15788281 -5.68816376 -1.38134038
1.28607965 -5.68816376 -1.38574767
1.01466489 -5.68816376 0.74406993
0.97438073 -5.68816376 0.65668750
0.75911707 -5.68816376 0.75385368
0.27512631 -5.68816376 0.49983329
0.22575729 -5.68816376 0.26263717
-0.23421063 -5.68816376 -1.10463858
0.58931792 -5.68816376 -1.33798790
1.16391027 -5.68816376 0.65716630
1.40282083 -5.68816376 -1.38276887
1.46905828 -5.68816376 -1.37613559
1.65217090 -5.68816376 -1.37650979
1.77328765 -5.68816376 -1.38096273
1.93838370 -5.68816376 -1.37736344
2.06963730 -5.68816376 -1.36226296
2.16064310 -5.68816376 -0.91875434
2.19813848 -5.68816376 -0.75478494
2.20767331 -5.68816376 -0.62372535
2.20835137 -5.68816376 -0.52561384
2.23934770 -5.68816376 -0.43490970
2.26978230 -5.68816376 -0.26713878
2.30201888 -5.68816376 -0.17933033
2.28219938 -5.68816376 -0.04294534
2.24873114 -5.68816376 0.01439952
2.21352792 -5.68816376 0.14643544
2.14007378 -5.68816376 0.24263334
2.09107137 -5.68816376 0.35255548
2.07067037 -5.68816376 0.44779605
1.80629027 -5.68816376 0.48540026
1.89638126 -5.68816376 0.47272950
1.79033208 -5.68816376 0.56004304
1.65998697 -5.68816376 0.60592562
1.71736252 -5.68816376 0.58255970
1.59395933 -5.68816376 0.63310349
1.41502106 -5.68816376 0.65124017
1.45705557 -5.68816376 0.59546012
1.36088920 -5.68816376 0.72450936
1.28808653 -5.68816376 0.72566783
1.22530472 -5.68816376 0.66722441
