0.02372786 33.84099579 -1.12284076
0.03501844 33.84099579 -1.25371850
2.47789121 33.84099579 -0.28207386
2.50057387 33.84099579 0.04553344
2.44183493 33.84099579 0.27977309
2.29836559 33.84099579 0.52328217
1.04907978 33.83100128 0.85490507
1.19349957 33.83100128 0.81870425
0.75981730 33.83100128 0.93251735
0.55398363 33.83100128 0.85351682
0.61412305 33.83100128 0.88659126
0.43072882 33.83100128 0.76109761
0.33140913 33.83100128 0.70801651
0.11577915 33.83100128 0.52036870
0.16215178 33.83100128 0.56186414
0.07409243 33.83100128 0.44105288
0.03729129 33.83100128 0.29986876
0.00463405 33.83100128 0.11737051
0.02145414 33.83100128 -0.03427394
0.00752600 33.83100128 0.04027808
0.05627324 33.83100128 -0.14688379
0.05482215 33.83100128 -0.25619832
0.01678672 33.83100128 -0.36305499
0.07036027 33.83100128 -0.51266456
0.09553679 33.83100128 -0.59014583
0.06733527 33.83100128 -0.76137674
0.06472057 33.83100128 -0.86967516
0.04325681 33.83100128 -0.95317221
0.02912880 33.83100128 -1.05432332
0.02120607 33.83100128 -1.19001710
0.04749698 33.83100128 -1.31684625
0.07282709 33.83100128 -1.40910411
0.12416147 33.83100128 -1.44069302
0.26602268 33.83100128 -1.44657338
0.20114647 33.83100128 -1.44732285
0.36686045 33.83100128 -1.44845426
0.50934452 33.83100128 -1.44530106
0.62860113 33.83100128 -1.44773841
0.73382378 33.83100128 -1.45124960
0.83830386 33.83100128 -1.46116114
0.93087411 33.83100128 -1.46214604
1.06416249 33.83100128 -1.45186591
1.14266610 33.83100128 -1.45067215
1.21239769 33.83100128 -1.45387912
1.35066509 33.83100128 -1.45304775
1.46877944 33.83100128 -1.45092618
1.56136298 33.83100128 -1.44416177
1.66258812 33.83100128 -1.45042002
1.76792705 33.83100128 -1.44962084
1.89112246 33.83100128 -1.45375490
2.01753974 33.83100128 -1.45095980
2.16635585 33.83100128 -1.43917131
2.31241703 33.83100128 -1.40423083
2.38015008 33.83100128 -1.28682983
2.38668561 33.83100128 -1.12084973
2.41364503 33.83100128 -0.98847944
2.41345096 33.83100128 -0.75758898
2.43981695 33.83100128 -0.59493446
2.46278048 33.83100128 -0.37216553
2.48521185 33.83100128 -0.21505505
2.54755092 33.83100128 -0.05660680
2.47002220 33.83100128 0.10156537
2.47632670 33.83100128 0.17160712
2.42045736 33.83100128 0.34626240
2.35565114 33.83100128 0.45009059
2.22170067 33.83100128 0.58600652
1.98460197 33.83100128 0.62930864
1.89240599 33.83100128 0.64782548
1.73240912 33.83100128 0.65861416
1.58688498 33.83100128 0.72682405
1.38328791 33.83100128 0.78397435
1.27912807 33.83100128 0.79417300
0.97495556 33.83100128 0.88033563
0.86933655 33.83100128 0.89139116
0.69085354 33.83100128 0.93008125
0.22101104 33.83100128 0.64072257
-0.00517485 33.83100128 0.19509633
0.04542555 33.83100128 -0.66585100
2.43021178 33.83100128 -0.90343159
2.47175646 33.83100128 -0.49180469
2.11234713 33.83100128 0.60432643
