0.05525234 -19.71787262 -1.35977185
2.28032804 -19.71787262 -0.35762736
2.27664137 -19.71787262 -0.04434486
0.99974865 -19.72786713 0.87128794
1.10246050 -19.72786713 0.90663403
0.92817587 -19.72786713 0.84678161
0.78117865 -19.72786713 0.73910224
0.84514904 -19.72786713 0.75877541
0.71595633 -19.72786713 0.75558674
0.57730132 -19.72786713 0.69622535
0.46232456 -19.72786713 0.71662998
0.34423715 -19.72786713 0.69719774
0.14577559 -19.72786713 0.67496860
0.21155594 -19.72786713 0.66714972
0.08870513 -19.72786713 0.51660162
0.11084750 -19.72786713 0.59932995
0.08263670 -19.72786713 0.38846591
0.07152310 -19.72786713 0.27318019
0.07166786 -19.72786713 0.16052814
0.07158904 -19.72786713 0.05919034
0.06706425 -19.72786713 -0.03833190
0.07073923 -19.72786713 -0.12442731
0.07886884 -19.72786713 -0.23652121
0.05815046 -19.72786713 -0.37355307
0.05781147 -19.72786713 -0.46521688
0.05656841 -19.72786713 -0.58556587
0.06121137 -19.72786713 -0.68320316
0.00288259 -19.72786713 -0.89114612
0.06123612 -19.72786713 -0.78461558
-0.03435342 -19.72786713 -1.03976321
-0.02583710 -19.72786713 -0.94386399
-0.07312614 -19.72786713 -1.20262754
-0.06423440 -19.72786713 -1.10605133
-0.04361922 -19.72786713 -1.28443623
0.00179285 -19.72786713 -1.33406353
0.12334251 -19.72786713 -1.38636732
0.28841642 -19.72786713 -1.38361835
0.41593418 -19.72786713 -1.37939060
0.52502567 -19.72786713 -1.38233745
0.62565774 -19.72786713 -1.39763176
0.72331029 -19.72786713 -1.40783668
0.83409631 -19.72786713 -1.41619062
0.89612931 -19.72786713 -1.42398190
1.12906575 -19.72786713 -1.44614625
1.04340112 -19.72786713 -1.43101323
1.23818243 -19.72786713 -1.45938027
1.32881844 -19.72786713 -1.46350932
1.44011986 -19.72786713 -1.46622968
1.52722847 -19.72786713 -1.45907271
1.69369590 -19.72786713 -1.45781112
1.59441113 -19.72786713 -1.45472217
1.82692754 -19.72786713 -1.44996619
1.75690651 -19.72786713 -1.45680487
1.96600258 -19.72786713 -1.43796575
1.89668798 -19.72786713 -1.44924808
2.10666013 -19.72786713 -1.41578960
2.04142451 -19.72786713 -1.43064642
2.17649603 -19.72786713 -1.40093172
2.27541327 -19.72786713 -1.29081690
2.26851010 -19.72786713 -1.19437885
2.26144934 -19.72786713 -1.04034102
2.26434493 -19.72786713 -1.11445189
2.22128177 -19.72786713 -0.88722968
2.26682639 -19.72786713 -0.97453827
2.22890520 -19.72786713 -0.70896202
2.22890544 -19.72786713 -0.59760177
2.26207685 -19.72786713 -0.41838896
2.24607635 -19.72786713 -0.49202505
2.28077507 -19.72786713 -0.28724214
2.28990817 -19.72786713 -0.17752793
2.28787684 -19.72786713 -0.10497291
2.27043581 -19.72786713 0.03369556
2.25259399 -19.72786713 0.09806631
2.20211506 -19.72786713 0.21597768
2.16951251 -19.72786713 0.26754880
2.09617448 -19.72786713 0.46649656
2.11655712 -19.72786713 0.38656762
2.07516050 -19.72786713 0.60471612
2.09274983 -19.72786713 0.54068440
2.04569840 -19.72786713 0.66685033
1.92925978 -19.72786713 0.71905708
1.78501153 -19.72786713 0.75113922
1.85464346 -19.72786713 0.74995756
1.65077865 -19.72786713 0.80395162
1.71536136 -19.72786713 0.78750998
1.60181212 -19.72786713 0.83977729
1.37965143 -19.72786713 0.89745414
1.46755731 -19.72786713 0.87329853
1.32291877 -19.72786713 0.91972941
1.25756955 -19.72786713 0.95893508
1.18842089 -19.72786713 0.93270820
2.21887493 -19.72786713 -0.82282424
0.96999454 -19.72786713 -1.42566824
