0.21288611 19.02130890 -0.42053378
0.82058352 19.02130890 0.77986425
1.25714028 19.02130890 0.74829859
1.46606302 19.02130890 0.69294178
1.68576109 19.02130890 0.71710116
2.27270412 19.01131439 0.57376546
2.36366224 19.01131439 0.45353520
2.43787813 19.01131439 0.24554609
2.44610906 19.01131439 0.17097895
2.50683045 19.01131439 0.00053870
2.56702352 19.01131439 -0.12513623
2.57496309 19.01131439 -0.19603804
2.59119010 19.01131439 -0.33810645
2.64169431 19.01131439 -0.54722458
2.67844367 19.01131439 -0.65019846
2.69409490 19.01131439 -0.72103083
2.71918154 19.01131439 -0.89145881
2.67990589 19.01131439 -0.97447133
2.59941745 19.01131439 -1.13871527
2.51885772 19.01131439 -1.32223439
2.36024928 19.01131439 -1.36842334
2.20691109 19.01131439 -1.36662674
2.14414620 19.01131439 -1.36699176
2.01854634 19.01131439 -1.38347900
1.88179803 19.01131439 -1.38933825
1.76266074 19.01131439 -1.39461124
1.67865348 19.01131439 -1.39471924
1.56467390 19.01131439 -1.38694286
1.49781382 19.01131439 -1.39485705
1.43701136 19.01131439 -1.40150642
1.36426294 19.01131439 -1.40149570
1.29342997 19.01131439 -1.40626431
1.21989655 19.01131439 -1.40662682
1.13005495 19.01131439 -1.39648449
1.01216626 19.01131439 -1.39550638
0.93568492 19.01131439 -1.40064776
0.85825688 19.01131439 -1.39278126
0.76595694 19.01131439 -1.39262950
0.54461652 19.01131439 -1.38196373
0.38670993 19.01131439 -1.36594927
0.31682667 19.01131439 -1.36771023
0.17587131 19.01131439 -1.32927203
0.11921158 19.01131439 -1.29790473
0.11746953 19.01131439 -1.23034418
0.16299057 19.01131439 -1.12960935
0.19549328 19.01131439 -1.01018870
0.20653389 19.01131439 -0.90941316
0.18953532 19.01131439 -0.68658966
0.19935098 19.01131439 -0.49528050
0.23604830 19.01131439 -0.24770688
0.25826114 19.01131439 -0.15923218
0.28963968 19.01131439 -0.05762100
0.33448845 19.01131439 0.15993853
0.37146014 19.01131439 0.28036484
0.42465839 19.01131439 0.39806369
0.44854647 19.01131439 0.56696039
0.53145784 19.01131439 0.68271273
0.56672680 19.01131439 0.74291199
0.74669737 19.01131439 0.76970267
0.99119920 19.01131439 0.79860568
1.19685650 19.01131439 0.76136601
1.40325844 19.01131439 0.70612693
1.54434049 19.01131439 0.70028180
1.60385859 19.01131439 0.70909023
1.91575539 19.01131439 0.74598980
1.97563970 19.01131439 0.73132145
0.67061639 19.01131439 -1.38194919
0.46912858 19.01131439 -1.37800097
0.18516153 19.01131439 -0.75216311
0.17525926 19.01131439 -0.56506729
0.23341525 19.01131439 -0.31600815
0.30578390 19.01131439 0.07628208
0.91636580 19.01131439 0.79850447
1.10937250 19.01131439 0.78326726
2.15915179 19.01131439 0.67099106
2.23312473 19.01131439 0.62000531
