0.32378298 78.56005096 -1.46147120
0.01639671 78.55005646 -0.56969666
0.04346195 78.55005646 -0.71166986
0.03432637 78.55005646 -0.84508485
0.05730027 78.55005646 -0.93328142
0.10249186 78.55005646 -1.00043046
0.16989690 78.55005646 -1.17546344
0.22532836 78.55005646 -1.28130639
0.26185867 78.55005646 -1.44200206
0.43854037 78.55005646 -1.48286045
0.59744942 78.55005646 -1.50457394
0.03337736 78.55005646 -0.50091982
0.65792894 78.55005646 -1.50351071
0.97677904 78.55005646 0.56397390
0.88522226 78.55005646 0.52673095
0.83103484 78.55005646 0.49597767
0.57968658 78.55005646 0.53618723
0.69392198 78.55005646 0.54898167
0.41978195 78.55005646 0.44902632
0.20705616 78.55005646 0.43101335
0.20849104 78.55005646 0.35982814
0.15638119 78.55005646 0.25628173
0.10068961 78.55005646 0.09633796
0.04741388 78.55005646 -0.02377898
0.04254864 78.55005646 -0.19353025
0.03394002 78.55005646 -0.12724197
0.04774260 78.55005646 -0.37396181
0.83949047 78.55005646 -1.48785853
1.00898528 78.55005646 -1.48627627
1.12192225 78.55005646 -1.49123847
1.29610097 78.55005646 -1.48667157
1.50767159 78.55005646 -1.48843110
1.35976923 78.55005646 -1.47853339
1.63302863 78.55005646 -1.47333026
1.74829030 78.55005646 -1.46284711
1.90613377 78.55005646 -1.45351768
2.09084272 78.55005646 -1.47050655
2.16962934 78.55005646 -1.46022546
2.34060764 78.55005646 -1.38421965
2.60288215 78.55005646 -1.20424008
2.41061997 78.55005646 -1.33381939
2.60875916 78.55005646 -1.07373071
2.64157033 78.55005646 -0.86200756
2.66114688 78.55005646 -0.98536772
2.66834664 78.55005646 -0.66202378
2.67881608 78.55005646 -0.57258564
2.67260909 78.55005646 -0.44148132
2.64861250 78.55005646 -0.32055449
2.61229944 78.55005646 -0.19190384
2.55277872 78.55005646 -0.07508796
2.50875378 78.55005646 0.04244138
2.42780972 78.55005646 0.28861743
2.47982812 78.55005646 0.14260006
2.33846235 78.55005646 0.46998557
2.38778472 78.55005646 0.36231282
2.29680729 78.55005646 0.58503020
1.95579278 78.55005646 0.54195148
2.10485339 78.55005646 0.58254623
1.76676035 78.55005646 0.59856862
1.56687760 78.55005646 0.60004932
1.60960591 78.55005646 0.55641663
1.50132918 78.55005646 0.60615534
1.89093554 78.55005646 0.55510783
2.68291831 78.55005646 -1.04992449
0.45236704 78.55005646 0.52128971
1.05187917 78.55005646 0.58219445
