0.04220077 -36.09752655 -0.69114757
0.08240725 -36.09752655 -1.26555991
0.25587407 -36.09752655 -1.48973525
0.45028043 -36.09752655 -1.49576759
0.62490910 -36.09752655 -1.47815430
1.10980892 -36.09752655 -1.46995533
2.75669622 -36.09752655 -0.37890783
2.57052279 -36.10752106 -1.01297450
2.50016856 -36.10752106 -1.15973985
2.44050145 -36.10752106 -1.24082303
2.37367582 -36.10752106 -1.38885057
2.26002812 -36.10752106 -1.42137611
2.14511514 -36.10752106 -1.42765522
2.04261279 -36.10752106 -1.43798804
1.85084987 -36.10752106 -1.44388616
1.76251864 -36.10752106 -1.44173741
1.62330949 -36.10752106 -1.45757413
1.51399744 -36.10752106 -1.47174001
1.37852859 -36.10752106 -1.47031653
1.26463675 -36.10752106 -1.47265232
1.20330226 -36.10752106 -1.46187639
1.02534246 -36.10752106 -1.47619188
0.92931092 -36.10752106 -1.48076200
0.81513977 -36.10752106 -1.47139764
0.69466072 -36.10752106 -1.46831620
0.53493357 -36.10752106 -1.48983431
0.33184943 -36.10752106 -1.50235903
0.14465143 -36.10752106 -1.47185731
0.06948747 -36.10752106 -1.35881305
0.09317648 -36.10752106 -1.19873250
0.08416521 -36.10752106 -1.05714321
0.07139498 -36.10752106 -0.92836338
0.05547659 -36.10752106 -0.80696583
0.03065694 -36.10752106 -0.60370874
0.08047751 -36.10752106 -0.18479979
0.00568385 -36.10752106 -0.43617487
1.94197249 -36.10752106 -1.44314349
0.81711709 -36.10752106 0.73494697
0.59338754 -36.10752106 0.66469902
0.10779534 -36.10752106 0.35856465
0.35566130 -36.10752106 0.58766198
0.09192052 -36.10752106 0.08803278
0.08516230 -36.10752106 0.17945310
0.08464308 -36.10752106 -0.05715561
2.62395477 -36.10752106 -0.89338392
2.61965585 -36.10752106 -0.80044115
2.65169215 -36.10752106 -0.60288608
2.71195126 -36.10752106 -0.49550742
2.70683074 -36.10752106 -0.18544684
2.65705848 -36.10752106 -0.05167913
2.61546063 -36.10752106 0.04729850
2.59542108 -36.10752106 0.16235334
2.45988441 -36.10752106 0.38104069
2.29039741 -36.10752106 0.53581673
2.24635935 -36.10752106 0.58421350
2.15877390 -36.10752106 0.59145629
2.01739717 -36.10752106 0.57376581
1.89273942 -36.10752106 0.57859206
1.72868133 -36.10752106 0.61903304
1.59432840 -36.10752106 0.64737368
1.37536037 -36.10752106 0.69348937
1.47719240 -36.10752106 0.67818558
1.28078341 -36.10752106 0.72783071
1.13618803 -36.10752106 0.74296033
0.89284313 -36.10752106 0.74612808
1.03607273 -36.10752106 0.72809964
