0.34502953 -12.17803192 -1.36906552
0.26896822 -12.17803192 -1.13639951
2.46905088 -12.17803192 0.14768519
2.42428780 -12.17803192 -1.34656942
0.66620201 -12.18802643 -1.39306831
0.47501561 -12.18802643 -1.37925220
0.26280352 -12.18802643 -1.36417198
0.25926074 -12.18802643 -1.19700539
0.27430150 -12.18802643 -1.04228020
0.28377500 -12.18802643 -0.90552181
0.37571481 -12.18802643 -0.63040930
0.36206141 -12.18802643 -0.69157380
0.37921801 -12.18802643 -0.54410827
1.65862012 -12.18802643 0.41493791
1.75600517 -12.18802643 0.44797981
1.84757292 -12.18802643 0.44234928
1.89925599 -12.18802643 0.39018273
2.00687742 -12.18802643 0.36689219
2.10774016 -12.18802643 0.30373868
2.17888474 -12.18802643 0.32235777
2.26012588 -12.18802643 0.27658570
2.38055897 -12.18802643 0.28282261
2.43221521 -12.18802643 0.22477747
2.49973726 -12.18802643 0.09696617
2.57058096 -12.18802643 -0.02597585
2.60547924 -12.18802643 -0.10828272
2.63915896 -12.18802643 -0.18924175
2.67804003 -12.18802643 -0.33888173
2.65865374 -12.18802643 -0.43278164
2.64545584 -12.18802643 -0.59683192
2.62598801 -12.18802643 -0.71090454
2.60792685 -12.18802643 -0.85303575
2.61586833 -12.18802643 -0.94599277
2.60325408 -12.18802643 -1.05421233
2.57816434 -12.18802643 -1.12576628
2.53981328 -12.18802643 -1.18933094
2.48834038 -12.18802643 -1.26840341
2.37992978 -12.18802643 -1.38822031
2.30959988 -12.18802643 -1.40982437
2.19773483 -12.18802643 -1.41431904
2.08981490 -12.18802643 -1.39049339
2.00182962 -12.18802643 -1.39453125
1.89626765 -12.18802643 -1.39829898
1.81545961 -12.18802643 -1.39906561
1.73605716 -12.18802643 -1.39645410
1.65772021 -12.18802643 -1.38766479
1.53918231 -12.18802643 -1.37089515
1.46034074 -12.18802643 -1.37969601
1.38078523 -12.18802643 -1.37639892
1.30072474 -12.18802643 -1.37835467
1.22186255 -12.18802643 -1.37422526
1.10309160 -12.18802643 -1.35144556
0.95376867 -12.18802643 -1.39638042
0.82548946 -12.18802643 -1.39430857
0.38158658 -12.18802643 -0.45436627
0.36746356 -12.18802643 -0.31729522
0.38754293 -12.18802643 -0.18912886
0.37127727 -12.18802643 -0.10033679
0.41062981 -12.18802643 0.05396888
0.35840237 -12.18802643 0.22672002
0.44918188 -12.18802643 0.32607153
0.68729043 -12.18802643 0.30590391
0.83233917 -12.18802643 0.42430839
1.00910163 -12.18802643 0.43129426
1.11433029 -12.18802643 0.46042383
1.22676289 -12.18802643 0.44947231
1.31828392 -12.18802643 0.45872810
1.43565381 -12.18802643 0.44274905
