0.91949332 56.72051239 0.58120716
1.96234393 56.71051788 0.30014071
1.97961783 56.71051788 0.23476385
2.03849554 56.71051788 0.07439517
2.08654618 56.71051788 -0.09469467
2.12808418 56.71051788 -0.18785304
2.16742301 56.71051788 -0.23376554
2.15770030 56.71051788 -0.32816312
2.17807984 56.71051788 -0.43052369
2.19078469 56.71051788 -0.52649474
2.19178629 56.71051788 -0.59516990
2.15630341 56.71051788 -0.69239247
2.11565375 56.71051788 -0.79249299
2.09375501 56.71051788 -0.86359894
2.07346749 56.71051788 -1.01398742
2.06481171 56.71051788 -1.11532724
2.05899620 56.71051788 -1.21642518
2.03669500 56.71051788 -1.32871485
2.00763369 56.71051788 -1.41234410
1.91640449 56.71051788 -1.44801342
1.78917122 56.71051788 -1.46609414
1.67965841 56.71051788 -1.48655653
1.55942345 56.71051788 -1.48527133
1.46999395 56.71051788 -1.48021007
1.38865733 56.71051788 -1.48873150
1.28912389 56.71051788 -1.49083376
1.21377909 56.71051788 -1.48988461
1.14543033 56.71051788 -1.49129224
1.06026912 56.71051788 -1.48240840
0.96814573 56.71051788 -1.48423088
0.89905208 56.71051788 -1.49548161
0.80491328 56.71051788 -1.50367749
0.72583288 56.71051788 -1.51041448
0.63264197 56.71051788 -1.51605785
0.55655611 56.71051788 -1.51223052
0.45444548 56.71051788 -1.48759222
0.35521886 56.71051788 -1.46742046
0.23304938 56.71051788 -1.44762731
0.14880714 56.71051788 -1.41999662
0.05901005 56.71051788 -1.34454060
-0.03766873 56.71051788 -1.20476711
-0.09132211 56.71051788 -1.06540954
-0.10382178 56.71051788 -0.96010888
-0.09773251 56.71051788 -0.85483706
-0.04743786 56.71051788 -0.73974508
-0.04758651 56.71051788 -0.57758445
-0.04890967 56.71051788 -0.45359001
-0.07132839 56.71051788 -0.36962932
-0.05755247 56.71051788 -0.30115518
-0.04768692 56.71051788 -0.15735731
-0.04595605 56.71051788 -0.00842588
-0.01084167 56.71051788 0.06851705
0.01387856 56.71051788 0.17113508
0.05492552 56.71051788 0.24912147
0.16466589 56.71051788 0.35426483
0.23932685 56.71051788 0.42745969
0.29329482 56.71051788 0.46391177
0.40010390 56.71051788 0.50309998
0.51939780 56.71051788 0.55123049
0.63871533 56.71051788 0.56976348
0.75905925 56.71051788 0.58047301
0.85853630 56.71051788 0.58231395
1.04231155 56.71051788 0.56566399
1.16774893 56.71051788 0.52949119
1.24494779 56.71051788 0.49122301
1.34375846 56.71051788 0.47314915
1.44389510 56.71051788 0.47098115
1.50432312 56.71051788 0.44807386
1.62271154 56.71051788 0.41690907
1.69829524 56.71051788 0.40755382
1.75519693 56.71051788 0.38665277
1.81768095 56.71051788 0.37410244
-0.07790379 56.71051788 -1.15265048
2.07493043 56.71051788 -0.02186762
1.90624225 56.71051788 0.34142479
