0.23734161 -2.29824066 -1.07259667
2.31966829 -2.29824066 -0.39000764
0.56351274 -2.29824066 0.36471686
1.35556734 -2.29824066 0.58802456
0.94601911 -2.30823517 0.56909895
1.24155283 -2.30823517 0.61667174
0.63711005 -2.30823517 0.48887271
0.70043701 -2.30823517 0.49867293
0.58393872 -2.30823517 0.43311635
0.53304571 -2.30823517 0.30707642
0.44731221 -2.30823517 0.14832133
0.48183689 -2.30823517 0.20582223
0.39414427 -2.30823517 0.05552747
0.29168597 -2.30823517 -0.09940162
0.34382555 -2.30823517 -0.01687581
0.24621415 -2.30823517 -0.16882670
0.26545727 -2.30823517 -0.31208074
0.25111628 -2.30823517 -0.23367655
0.26073283 -2.30823517 -0.37402791
0.27690077 -2.30823517 -0.52095038
0.28912389 -2.30823517 -0.59983295
0.25636134 -2.30823517 -0.75743157
0.24164736 -2.30823517 -0.87717545
0.22440466 -2.30823517 -0.98419368
0.21208319 -2.30823517 -1.12938559
0.26177093 -2.30823517 -1.21170104
0.42567080 -2.30823517 -1.29152215
0.34297547 -2.30823517 -1.27199185
0.50796402 -2.30823517 -1.30875778
0.70817006 -2.30823517 -1.35551584
0.63075846 -2.30823517 -1.34364235
0.81022084 -2.30823517 -1.37183666
0.91306031 -2.30823517 -1.36955214
1.01321292 -2.30823517 -1.35290778
1.08239257 -2.30823517 -1.36312699
1.14499223 -2.30823517 -1.37352991
1.21569180 -2.30823517 -1.37260497
1.28691149 -2.30823517 -1.37781799
1.34907067 -2.30823517 -1.37805772
1.43055391 -2.30823517 -1.37358522
1.52147877 -2.30823517 -1.36040998
1.59699905 -2.30823517 -1.36329925
1.67550707 -2.30823517 -1.36792243
1.73613584 -2.30823517 -1.36970890
1.80831599 -2.30823517 -1.36514354
1.87275064 -2.30823517 -1.36447370
1.96057558 -2.30823517 -1.35718381
2.07647276 -2.30823517 -1.34733987
2.18174815 -2.30823517 -1.33452737
2.26430202 -2.30823517 -1.19070816
2.30859518 -2.30823517 -1.08592570
2.29597640 -2.30823517 -1.02673483
2.28054118 -2.30823517 -0.95924079
2.30841732 -2.30823517 -0.80015594
2.28014755 -2.30823517 -0.85859883
2.31074643 -2.30823517 -0.69128489
2.31142783 -2.30823517 -0.62972420
2.31844330 -2.30823517 -0.49350584
2.34628558 -2.30823517 -0.31433660
2.34240031 -2.30823517 -0.18236588
2.25130463 -2.30823517 -0.04148316
2.20331025 -2.30823517 0.02392850
2.03879023 -2.30823517 0.30741704
2.01586938 -2.30823517 0.37345129
1.93927324 -2.30823517 0.43686512
1.84079611 -2.30823517 0.49482629
2.38655615 -2.30823517 -0.25734109
2.31632376 -2.30823517 -0.56800681
2.23506427 -2.30823517 -1.28489113
0.77191961 -2.30823517 0.54164296
0.84103388 -2.30823517 0.54515982
