0.24919862 40.08086395 0.31766048
-0.08442023 40.08086395 -0.17353868
-0.15304220 40.08086395 -0.41392177
-0.17983362 40.08086395 -0.68102473
-0.18216625 40.08086395 -0.83281666
-0.20333977 40.08086395 -1.36467636
1.60639143 40.08086395 -1.53379321
1.87949502 40.08086395 -1.52127731
0.80019057 40.07086945 0.40873161
2.46939874 40.07086945 -1.07112610
2.32363844 40.07086945 -1.45394671
2.16255832 40.07086945 -1.49854398
1.98606884 40.07086945 -1.51546896
1.80704117 40.07086945 -1.52513373
1.70847809 40.07086945 -1.54310179
1.42459357 40.07086945 -1.52632570
1.32635891 40.07086945 -1.52579820
1.23265862 40.07086945 -1.52811563
0.99863768 40.07086945 -1.51583135
0.92001754 40.07086945 -1.52561712
0.85325915 40.07086945 -1.52564120
0.75893623 40.07086945 -1.52267420
0.66351599 40.07086945 -1.52288473
0.55331522 40.07086945 -1.50905883
0.44685751 40.07086945 -1.51219428
0.33810249 40.07086945 -1.51092052
0.20454460 40.07086945 -1.51797020
0.09310627 40.07086945 -1.51245022
-0.08297906 40.07086945 -1.48034739
-0.16874352 40.07086945 -1.41837156
-0.22266617 40.07086945 -1.29243302
-0.21746573 40.07086945 -1.15781605
-0.19819263 40.07086945 -1.02517366
-0.18728511 40.07086945 -0.90671313
-0.17693278 40.07086945 -0.74031603
-0.17691298 40.07086945 -0.61389607
-0.15411815 40.07086945 -0.48992589
-0.14398602 40.07086945 -0.34307238
-0.10039834 40.07086945 -0.25268099
-0.07604027 40.07086945 -0.11389799
-0.05119466 40.07086945 -0.02643597
0.04558264 40.07086945 0.13111657
0.09299088 40.07086945 0.27566549
0.38009936 40.07086945 0.30935001
0.56950724 40.07086945 0.39443076
0.92198676 40.07086945 0.41768876
0.73261082 40.07086945 0.41109124
1.14676392 40.07086945 -1.52562320
1.51879716 40.07086945 -1.52506161
2.39666486 40.07086945 -1.34902859
2.47921395 40.07086945 -1.28644681
2.51611328 40.07086945 -1.02843046
2.49595833 40.07086945 -0.93375129
0.99490029 40.07086945 0.41045463
2.45455742 40.07086945 -0.70009965
2.38660026 40.07086945 -0.63333613
2.20152283 40.07086945 -0.39629179
2.22526860 40.07086945 -0.51284599
2.06002092 40.07086945 -0.29555765
2.03999758 40.07086945 -0.21412008
1.97422385 40.07086945 -0.09477840
1.92981136 40.07086945 -0.01284077
1.78166044 40.07086945 0.13584350
1.75046957 40.07086945 0.23647940
1.66168714 40.07086945 0.33823976
1.56926107 40.07086945 0.39113021
1.47561467 40.07086945 0.41442367
1.30795586 40.07086945 0.43836641
1.11186981 40.07086945 0.41238979
1.88385797 40.07086945 0.02970836
