1.08296752 51.25063324 0.54418820
0.98695236 51.25063324 0.57577634
0.83478361 51.25063324 0.54420382
0.74789906 51.25063324 0.45897880
0.65100896 51.25063324 0.46030974
0.50687480 51.25063324 0.47430357
0.44017157 51.25063324 0.45449063
0.30838633 51.25063324 0.42853341
0.24993692 51.25063324 0.28038850
0.17048091 51.25063324 0.10356525
0.11307517 51.25063324 0.00126821
0.10798337 51.25063324 -0.08783016
0.09714707 51.25063324 -0.16810861
0.05111802 51.25063324 -0.25000226
0.05554808 51.25063324 -0.32173771
0.05890781 51.25063324 -0.43881068
-0.01334776 51.25063324 -0.63833457
-0.01281493 51.25063324 -0.57642239
-0.04489222 51.25063324 -0.73316777
-0.05046252 51.25063324 -0.84053034
-0.07173263 51.25063324 -0.92293400
-0.02445979 51.25063324 -1.05306339
0.00191216 51.25063324 -1.10896957
-0.00659279 51.25063324 -1.20179522
0.01871320 51.25063324 -1.33141315
0.19699532 51.25063324 -1.41594529
0.34573489 51.25063324 -1.44696891
0.66619295 51.25063324 -1.47166789
0.74432135 51.25063324 -1.45798516
0.81344157 51.25063324 -1.45967519
0.90994579 51.25063324 -1.46596396
0.97096139 51.25063324 -1.46971655
1.09503448 51.25063324 -1.47102618
1.19385016 51.25063324 -1.48314309
1.28911078 51.25063324 -1.48517644
1.40046883 51.25063324 -1.48644543
1.51074231 51.25063324 -1.48351038
1.60811317 51.25063324 -1.47188282
1.73090768 51.25063324 -1.47233450
1.88300788 51.25063324 -1.46316147
2.10522509 51.25063324 -1.42555737
2.17387772 51.25063324 -1.40046704
2.31788039 51.25063324 -1.27629840
2.35385251 51.25063324 -1.21255660
2.37695241 51.25063324 -0.97912723
2.40037775 51.25063324 -0.87775785
2.41363168 51.25063324 -0.65857863
2.42796779 51.25063324 -0.53691864
2.40502143 51.25063324 -0.46709529
2.31893492 51.25063324 -0.24189582
2.32644129 51.25063324 -0.08854997
2.35936666 51.25063324 0.05721222
2.32573247 51.25063324 0.18758111
2.18099594 51.25063324 0.45454931
2.01628518 51.25063324 0.56446511
1.89533842 51.25063324 0.57821900
1.76730943 51.25063324 0.58557498
1.67452931 51.25063324 0.58466673
1.61684251 51.25063324 0.60213447
1.40792596 51.25063324 0.66488737
1.27368963 51.25063324 0.64289349
1.16418159 51.25063324 0.60614443
1.53131914 51.25063324 0.63835305
2.02942348 51.25063324 0.49706987
2.27359629 51.25063324 0.29192373
2.35836411 51.25063324 -0.29793465
2.41784906 51.25063324 -0.74664819
2.34780550 51.25063324 -1.10466719
2.24114466 51.25063324 -1.36008382
2.01404762 51.25063324 -1.44349504
0.48163995 51.25063324 -1.46965671
0.04263738 51.25063324 -1.39075565
0.00704632 51.25063324 -0.50779271
0.20276968 51.25063324 0.19769955
0.25950643 51.25063324 0.38084462
0.37884951 51.25063324 0.42846793
0.57059652 51.25063324 0.47872874
