0.59196746 -17.11792755 0.69013923
2.45750737 -17.11792755 -1.35588491
0.96482617 -17.12792206 0.66901273
0.79923820 -17.12792206 0.73166752
0.53080821 -17.12792206 0.68086708
0.40448853 -17.12792206 0.65343136
0.23374519 -17.12792206 0.46855044
0.26782519 -17.12792206 0.60402071
0.23429166 -17.12792206 0.34019986
0.19606997 -17.12792206 0.19277106
0.02961159 -17.12792206 -0.06806216
0.08957756 -17.12792206 0.10280123
0.00583277 -17.12792206 -0.13604833
-0.03163153 -17.12792206 -0.24287516
-0.04886677 -17.12792206 -0.46912023
-0.16179226 -17.12792206 -0.55784208
-0.18920277 -17.12792206 -0.68730199
-0.21923186 -17.12792206 -0.80266976
-0.25730392 -17.12792206 -0.93596768
-0.29088086 -17.12792206 -1.16655791
-0.29651317 -17.12792206 -1.05266082
-0.29214290 -17.12792206 -1.23822403
-0.17795058 -17.12792206 -1.29170108
-0.01129053 -17.12792206 -1.39577401
0.14059761 -17.12792206 -1.41314828
0.28563002 -17.12792206 -1.42012823
0.50246441 -17.12792206 -1.38619041
0.67888254 -17.12792206 -1.42116451
0.61431944 -17.12792206 -1.41012049
0.81808043 -17.12792206 -1.43586302
0.75430858 -17.12792206 -1.43423045
0.89495009 -17.12792206 -1.44041312
1.00390089 -17.12792206 -1.43071747
1.07382250 -17.12792206 -1.41918242
1.19854295 -17.12792206 -1.42931533
1.29679334 -17.12792206 -1.42769921
1.36453640 -17.12792206 -1.42988074
1.43425274 -17.12792206 -1.43332863
1.49593019 -17.12792206 -1.42727566
1.55954671 -17.12792206 -1.42294383
1.69965124 -17.12792206 -1.43470430
1.63155746 -17.12792206 -1.42666817
1.81495392 -17.12792206 -1.43406618
1.92736793 -17.12792206 -1.43579412
2.06341767 -17.12792206 -1.43790245
2.30157518 -17.12792206 -1.44155300
2.15718961 -17.12792206 -1.43742120
2.42034054 -17.12792206 -1.40365791
2.52269959 -17.12792206 -1.28698242
2.51479340 -17.12792206 -1.19613695
2.62256551 -17.12792206 -0.98211879
2.60261202 -17.12792206 -0.85381293
2.71379852 -17.12792206 -0.66433024
2.62828302 -17.12792206 -0.76955825
2.69429064 -17.12792206 -0.54487675
2.78967142 -17.12792206 -0.38669264
2.71511531 -17.12792206 -0.13712075
2.77937412 -17.12792206 -0.30756029
2.66516638 -17.12792206 0.02930485
2.69265628 -17.12792206 -0.06064765
2.61832309 -17.12792206 0.09884349
2.47692823 -17.12792206 0.31324717
2.56623507 -17.12792206 0.16753948
2.38957286 -17.12792206 0.43633661
2.31436110 -17.12792206 0.56441653
2.06643295 -17.12792206 0.69574004
2.21741843 -17.12792206 0.60845333
2.02426004 -17.12792206 0.75716168
1.93822289 -17.12792206 0.79619557
1.62201345 -17.12792206 0.85909534
1.80658269 -17.12792206 0.77937269
1.55388165 -17.12792206 0.86567450
1.42964268 -17.12792206 0.81259674
1.34855115 -17.12792206 0.79298890
1.09707415 -17.12792206 0.73477417
2.53592539 -17.12792206 -1.13777757
