1.42180216 47.36071014 0.87968284
0.84028494 47.36071014 0.62493956
0.56408757 47.36071014 0.57180727
0.40301192 47.36071014 -0.89765757
0.38385797 47.36071014 -1.13075352
0.42237246 47.36071014 -1.32756710
1.65307212 47.36071014 -1.48906922
1.94643462 47.36071014 -1.47715950
2.08072352 47.36071014 -1.46550274
2.66141915 47.36071014 -0.29224518
1.05492258 47.35071564 0.72243929
0.93050140 47.35071564 0.65356475
0.76415259 47.35071564 0.59977394
0.47844377 47.35071564 0.45221984
0.47495404 47.35071564 0.33779016
0.43429175 47.35071564 0.11661053
0.40235865 47.35071564 -0.00446571
0.37401247 47.35071564 -0.18585071
0.37435228 47.35071564 -0.29736426
0.37643668 47.35071564 -0.41526482
0.37194595 47.35071564 -0.54449731
0.38772619 47.35071564 -0.73838884
0.39412320 47.35071564 -0.79935098
0.41202351 47.35071564 -0.97531366
0.39762840 47.35071564 -1.21280205
0.44819638 47.35071564 -1.40210474
0.56528246 47.35071564 -1.44328511
0.70054466 47.35071564 -1.46013796
0.86886728 47.35071564 -1.47286165
1.06132388 47.35071564 -1.47701561
1.18644476 47.35071564 -1.48555851
1.31075871 47.35071564 -1.48691773
1.47084749 47.35071564 -1.48337233
1.72193265 47.35071564 -1.49171734
2.01022053 47.35071564 -1.47349119
2.17014027 47.35071564 -1.45505011
2.29565620 47.35071564 -1.43400371
2.45778275 47.35071564 -1.32710874
1.90866005 47.35071564 0.79617023
1.81125867 47.35071564 0.86905438
1.55474305 47.35071564 0.89649427
1.33534169 47.35071564 0.85926515
1.48812866 47.35071564 0.88562191
1.21921444 47.35071564 0.84144634
1.15248680 47.35071564 0.81166565
0.96917075 47.35071564 0.73591399
0.66993099 47.35071564 0.59862626
0.48718056 47.35071564 0.54004037
0.44353744 47.35071564 0.20448172
0.39086419 47.35071564 -0.07783358
0.38514560 47.35071564 -0.63469499
1.86664140 47.35071564 -1.48211718
2.13929439 47.35071564 0.64485598
1.98044980 47.35071564 0.67838120
1.70396292 47.35071564 0.90783775
1.63671470 47.35071564 0.90574753
2.53097343 47.35071564 -1.19817770
2.58888102 47.35071564 -1.04823053
2.64282870 47.35071564 -0.91402811
2.63244796 47.35071564 -0.73371404
2.63560963 47.35071564 -0.54961449
2.61561799 47.35071564 -0.45734325
2.61780977 47.35071564 -0.12139053
2.64670944 47.35071564 -0.23366474
2.55617547 47.35071564 -0.01384054
2.51835728 47.35071564 0.14432532
2.46323919 47.35071564 0.25215009
2.41116762 47.35071564 0.35980818
2.36588144 47.35071564 0.41074219
2.29012561 47.35071564 0.48597494
2.22019982 47.35071564 0.55474448
2.08984399 47.35412979 0.69653320
