1.83342636 -66.25688934 0.57280058
0.53969705 -66.25688934 0.41813689
0.76468122 -66.25688934 0.70000315
1.55933344 -66.26688385 -1.49215448
1.45376849 -66.26688385 -1.48268950
1.34829891 -66.26688385 -1.48065341
1.18819642 -66.26688385 -1.49832654
1.02894735 -66.26688385 -1.46335793
0.92373770 -66.26688385 -1.45950186
0.82007176 -66.26688385 -1.44483161
0.71327460 -66.26688385 -1.42587221
0.63255537 -66.26688385 -1.39809263
0.52754158 -66.26688385 -1.35456300
1.67765689 -66.26688385 -1.48037779
0.44978637 -66.26688385 -1.32054377
0.40987578 -66.26688385 -1.27237916
1.41688538 -66.26688385 0.62345254
1.56972134 -66.26688385 0.63148952
1.63919950 -66.26688385 0.61025363
1.71393418 -66.26688385 0.59584308
1.77129054 -66.26688385 0.57647622
1.97619021 -66.26688385 0.53314131
2.05178404 -66.26688385 0.44743055
2.16416144 -66.26688385 0.36279669
2.25489855 -66.26688385 0.23699911
2.30584168 -66.26688385 0.20269616
2.32598734 -66.26688385 0.02152894
2.37475991 -66.26688385 -0.11946051
2.49431634 -66.26688385 -0.25432160
2.54945898 -66.26688385 -0.37257996
2.61845565 -66.26688385 -0.50194752
2.64475656 -66.26688385 -0.63593620
2.66037631 -66.26688385 -0.74084884
2.61749530 -66.26688385 -0.91780943
2.47518802 -66.26688385 -1.13624763
2.49025846 -66.26688385 -1.29782271
2.50343943 -66.26688385 -1.38657129
2.39124751 -66.26688385 -1.44294143
2.21438050 -66.26688385 -1.43660390
2.04231048 -66.26688385 -1.45654845
1.91113496 -66.26688385 -1.46118784
1.77210152 -66.26688385 -1.46565461
0.32934707 -66.26688385 -1.14214599
0.21650584 -66.26688385 -1.02967656
0.26664913 -66.26688385 -0.86704260
0.23684733 -66.26688385 -0.78644359
0.24861655 -66.26688385 -0.62746328
0.34303284 -66.26688385 -0.46575209
0.34237382 -66.26688385 -0.38690507
0.30454367 -66.26688385 -0.30431345
0.30091280 -66.26688385 -0.23424384
0.28738272 -66.26688385 -0.14673270
0.32654697 -66.26688385 -0.08077935
0.37951890 -66.26688385 -0.01092772
0.46217468 -66.26688385 0.07627840
0.48576793 -66.26688385 0.26435566
0.51651573 -66.26688385 0.35994840
0.60915756 -66.26688385 0.53910822
0.67954308 -66.26688385 0.61253774
0.72816408 -66.26688385 0.64825064
1.21916342 -66.26688385 0.65554583
1.31425381 -66.26688385 0.63672334
