1.14668572 -4.12819672 0.59756625
1.28674126 -4.12819672 0.55620801
1.40653729 -4.12819672 0.46930096
1.49603784 -4.12819672 0.45742112
1.64020610 -4.12819672 0.46645394
1.72553194 -4.12819672 0.46526539
1.93094051 -4.12819672 0.40632686
2.01660204 -4.12819672 0.38804320
2.07053423 -4.12819672 0.28071001
2.08373260 -4.12819672 0.16937487
2.09763050 -4.12819672 0.05992258
2.11802840 -4.12819672 -0.00040373
2.12538409 -4.12819672 -0.10921302
2.14784384 -4.12819672 -0.20598105
2.18200588 -4.12819672 -0.33342603
2.17634845 -4.12819672 -0.41770047
2.19986296 -4.12819672 -0.49222016
2.21761370 -4.12819672 -0.58703130
2.22138715 -4.12819672 -0.65641814
2.23815060 -4.12819672 -0.72603536
2.25733376 -4.12819672 -0.84540409
2.27747560 -4.12819672 -0.96817595
2.25356770 -4.12819672 -1.03197682
2.29223132 -4.12819672 -1.13161683
2.32796621 -4.12819672 -1.26644897
2.26831365 -4.12819672 -1.29306769
2.19225144 -4.12819672 -1.29910409
2.09314585 -4.12819672 -1.29523969
2.01300383 -4.12819672 -1.30484545
1.93100965 -4.12819672 -1.31192803
1.80726993 -4.12819672 -1.31418407
1.68135262 -4.12819672 -1.30652463
1.59863698 -4.12819672 -1.29416966
1.51700234 -4.12819672 -1.33602238
1.43258643 -4.12819672 -1.34757853
1.35558939 -4.12819672 -1.35131931
1.27822971 -4.12819672 -1.35089302
1.16000021 -4.12819672 -1.34308743
1.08663201 -4.12819672 -1.33785605
0.98266882 -4.12819672 -1.34855711
0.90224081 -4.12819672 -1.34686303
0.82006401 -4.12819672 -1.34668005
0.73012447 -4.12819672 -1.33321583
0.63549477 -4.12819672 -1.31733584
0.57260776 -4.12819672 -1.30115211
0.37556699 -4.12819672 -1.29981315
0.04169218 -4.12819672 -1.30199122
-0.04627477 -4.12819672 -1.28193498
-0.04641822 -4.12819672 -1.20601940
0.00576542 -4.12819672 -1.03192127
0.04348672 -4.12819672 -0.88295436
0.02891168 -4.12819672 -0.79653233
0.05007326 -4.12819672 -0.67998540
0.09056000 -4.12819672 -0.53574276
0.08311646 -4.12819672 -0.38239434
0.08196858 -4.12819672 -0.31574810
0.11790142 -4.12819672 -0.25017679
0.14677657 -4.12819672 -0.14139512
0.19481657 -4.12819672 -0.01525558
0.20396517 -4.12819672 0.10106519
0.20904925 -4.12819672 0.20433326
0.20595948 -4.12819672 0.32685447
0.24464080 -4.12819672 0.44571528
0.30929056 -4.12819672 0.48375869
0.39285389 -4.12819672 0.49333286
0.50997394 -4.12819672 0.51263434
0.62407607 -4.12819672 0.51403815
0.71229827 -4.12819672 0.51862961
0.82783973 -4.12819672 0.53787011
0.94480163 -4.12819672 0.56962550
1.04962873 -4.12819672 0.57197207
0.21288635 -4.12819672 -1.31537473
1.20455790 -4.12819672 0.55987394
