1.36141610 -11.91803741 0.47995290
0.28749901 -11.91803741 -0.22368585
0.36129376 -11.91803741 -0.76166677
0.32386073 -11.91803741 -1.15892518
1.91648149 -11.91803741 0.44276041
2.52995467 -11.91803741 0.03035908
2.03356719 -11.92803192 0.43429956
1.96781802 -11.92803192 -1.38123155
1.87405705 -11.92803192 -1.38119900
1.79470408 -11.92803192 -1.38272130
1.72035384 -11.92803192 -1.38115311
1.64092040 -11.92803192 -1.36874378
1.51560616 -11.92803192 -1.37184286
1.44165885 -11.92803192 -1.37260985
1.37442493 -11.92803192 -1.37028742
1.26526284 -11.92803192 -1.37090826
1.18927848 -11.92803192 -1.37133241
0.96867687 -11.92803192 -1.39413452
0.85358071 -11.92803192 -1.38644063
0.70408964 -11.92803192 -1.38261580
0.53836930 -11.92803192 -1.36683786
0.35104561 -11.92803192 -1.34762752
0.31084040 -11.92803192 -1.24338424
0.28353518 -11.92803192 -0.97041416
0.35173211 -11.92803192 -0.82718003
0.34404880 -11.92803192 -0.64220929
0.32301325 -11.92803192 -0.54873770
0.27786106 -11.92803192 -0.39660031
0.37109342 -11.92803192 -0.13051322
0.37750921 -11.92803192 0.01755469
0.40080374 -11.92803192 0.15155256
0.40999749 -11.92803192 0.23542386
0.55710536 -11.92803192 0.40056688
0.72020781 -11.92803192 0.43877447
0.82544947 -11.92803192 0.43177226
0.95149666 -11.92803192 0.43340635
1.06786740 -11.92803192 0.44191432
1.21202624 -11.92803192 0.49483350
1.48506963 -11.92803192 0.46766013
0.48486832 -11.92803192 0.36966312
0.24158622 -11.92803192 -0.27300373
0.35333616 -11.92803192 -1.03809083
1.12436426 -11.92803192 -1.35992861
2.21917176 -11.92803192 0.43371511
2.05582285 -11.92803192 -1.37867510
2.16785550 -11.92803192 -1.38766277
2.26451087 -11.92803192 -1.37123895
2.37360859 -11.92803192 -1.34496033
2.46451020 -11.92803192 -1.31485426
2.56211829 -11.92803192 -1.20158708
2.60365272 -11.92803192 -1.12325573
2.64959764 -11.92803192 -1.01782703
2.63187647 -11.92803192 -0.89037985
2.61097217 -11.92803192 -0.82214409
2.61875749 -11.92803192 -0.66783613
2.63953161 -11.92803192 -0.59883547
2.67243338 -11.92803192 -0.45400828
2.69058681 -11.92803192 -0.35311678
2.70373130 -11.92803192 -0.26596236
2.61487770 -11.92803192 -0.16273570
2.55814099 -11.92803192 -0.02634367
2.44421554 -11.92803192 0.16443338
2.41853213 -11.92803192 0.26933306
2.37638879 -11.92803192 0.36984566
