2.10932612 -9.31809235 0.25625634
0.34114376 -9.31809235 -0.26401836
1.20856953 -9.31809235 0.50607896
1.31792235 -9.32808685 0.51283044
1.43563747 -9.32808685 0.49850890
1.53929842 -9.32808685 0.45337665
1.68518996 -9.32808685 0.39302731
1.87110412 -9.32808685 0.36663261
1.99401844 -9.32808685 0.33385745
2.40910292 -9.32808685 0.01601254
2.44685507 -9.32808685 -0.11013887
2.54017448 -9.32808685 -0.30657342
2.60160446 -9.32808685 -0.41030702
2.54247212 -9.32808685 -0.55652189
2.54621029 -9.32808685 -0.66147304
2.49048734 -9.32808685 -0.78370577
2.47419381 -9.32808685 -0.88131779
2.43798041 -9.32808685 -1.03175974
2.42470074 -9.32808685 -1.15750873
2.46048927 -9.32808685 -1.26102245
2.35707331 -9.32808685 -1.32189202
2.25420690 -9.32808685 -1.37278140
2.13648701 -9.32808685 -1.39910376
2.02741814 -9.32808685 -1.41687930
1.92004180 -9.32808685 -1.42398024
1.84164882 -9.32808685 -1.42283571
1.76073420 -9.32808685 -1.42329824
1.59362686 -9.32808685 -1.42520249
1.49602771 -9.32808685 -1.39740145
1.41573572 -9.32808685 -1.39986181
1.26539660 -9.32808685 -1.39919090
1.06715739 -9.32808685 -1.38437891
1.00244284 -9.32808685 -1.38312662
0.93358070 -9.32808685 -1.38784242
0.85037589 -9.32808685 -1.38618994
0.73556411 -9.32808685 -1.37468803
0.60847712 -9.32808685 -1.36838019
0.49783275 -9.32808685 -1.35252166
0.29654774 -9.32808685 -1.30541289
0.18562208 -9.32808685 -1.16747844
0.19069348 -9.32808685 -0.95744735
0.24165744 -9.32808685 -0.77365524
0.21848753 -9.32808685 -0.65400082
0.22981049 -9.32808685 -0.59247977
0.25766534 -9.32808685 -0.49885133
0.29916692 -9.32808685 -0.32241264
0.40983343 -9.32808685 -0.12986058
0.41975319 -9.32808685 0.02507997
0.45796251 -9.32808685 0.13823748
0.52132118 -9.32808685 0.20882495
0.60195935 -9.32808685 0.25783610
0.70202094 -9.32808685 0.31892452
0.90756881 -9.32808685 0.36081365
0.95048666 -9.32808685 0.41875190
1.65504372 -9.32808685 -1.42747462
1.35388029 -9.32808685 -1.39869201
1.19211519 -9.32808685 -1.39511788
0.22405145 -9.32808685 -1.27348161
0.15670803 -9.32808685 -1.08489609
1.14750803 -9.32808685 0.49578789
