0.06787016 22.40123749 0.74643266
0.32154086 22.40123749 0.79139555
1.08294773 22.40123749 0.82454443
1.40801549 22.40123749 0.84239602
2.69532323 22.40123749 -1.26799881
2.39493680 22.40123749 -1.30632651
2.13754129 22.40123749 -1.33932209
1.76701260 22.40123749 -1.37539554
-0.34101486 22.40123749 0.70410979
1.51025009 22.40123749 0.84800857
2.85373878 22.40123749 -1.24683452
-1.64301574 22.40123749 0.76760149
-1.95809650 22.40123749 0.73855239
-3.01065278 22.40123749 0.75878489
-3.27791119 22.40123749 0.73054326
-0.90358472 22.40123749 0.74677312
-0.46914917 22.39124298 0.70570362
-0.40361834 22.39124298 0.70019573
-0.23197180 22.39124298 0.73576325
-0.07763898 22.39124298 0.72556835
0.00630173 22.39124298 0.73219252
0.23343813 22.39124298 0.77811706
0.43788576 22.39124298 0.81661493
0.51095170 22.39124298 0.82714814
1.20634890 22.39124298 0.83233511
2.23779726 22.39124298 -1.32607806
1.84651530 22.39124298 -1.37573814
1.50409496 22.39124298 -1.37461650
1.42306316 22.39124298 -1.37524533
1.18554711 22.39124298 -1.38144553
1.11389923 22.39124298 -1.37779081
0.93343145 22.39124298 -1.39463758
0.86750346 22.39124298 -1.40621471
0.74324089 22.39124298 -1.41128707
0.67005366 22.39124298 -1.40679574
0.50644207 22.39124298 -1.39685023
0.44302607 22.39124298 -1.39158010
0.32402316 22.39124298 -1.38367426
0.25181565 22.39124298 -1.37252927
0.13543646 22.39124298 -1.36217868
0.08405572 22.39124298 -1.39738643
-0.08282299 22.39124298 -1.44657350
-0.15674610 22.39124298 -1.44952369
-0.23024486 22.39124298 -1.45254123
-0.29381779 22.39124298 -1.45513833
-0.37273258 22.39124298 -1.45870757
-0.46332070 22.39124298 -1.46244717
-0.54252565 22.39124298 -1.46586263
-0.64645237 22.39124298 -1.46984863
-0.64135945 22.39124298 0.71394020
-0.58180344 22.39124298 0.70452452
-0.17937915 22.39124298 0.69866163
0.13008000 22.39124298 0.75792611
0.70115322 22.39124298 0.85228467
0.78810656 22.39124298 0.80682129
1.72347724 22.39124298 0.85818863
2.49656415 22.39124298 -1.29356897
2.99724102 22.39124298 -1.22761786
-0.00845200 22.39124298 -1.44331217
2.01765347 22.39124298 0.87433857
3.31102157 22.39124298 0.94175863
3.57560444 22.39124298 0.94529235
3.58774471 22.39124298 0.86283314
3.59522367 22.39124298 0.79919469
3.60104775 22.39124298 0.58390594
3.59883142 22.39124298 0.51185060
3.57956028 22.39124298 0.14565080
3.57656074 22.39124298 0.08471924
3.57023263 22.39124298 -0.20099534
3.55293560 22.39124298 -0.29242060
3.51525497 22.39124298 -0.81164598
3.51294589 22.39124298 -1.04422688
3.39543080 22.39124298 -1.17441976
-0.98756886 22.39124298 0.75193322
-1.04805779 22.39124298 0.74786961
-0.88601482 22.39124298 -1.48434770
-1.03739548 22.39124298 -1.49000919
-1.17212212 22.39124298 -1.49057877
-1.26116669 22.39124298 0.73246437
-1.26297641 22.39124298 -1.49001479
-1.36711156 22.39124298 0.73211235
-1.44166231 22.39124298 -1.49057245
-1.53318536 22.39124298 0.77118391
-1.73307192 22.39124298 -1.44623315
-1.79396689 22.39124298 0.75500840
-1.86231041 22.39124298 -1.44371867
-1.99846411 22.39124298 -1.42342448
-2.14790797 22.39124298 -1.42137492
-2.10354352 22.39124298 0.72474259
-2.28711534 22.39124298 0.74366421
-2.30293846 22.39124298 -1.43596423
-2.43999553 22.39124298 -1.43921292
-2.56702590 22.39124298 0.76849109
-2.57051778 22.39124298 -1.45342803
-2.67237759 22.39124298 0.77175999
-2.73537970 22.39124298 -1.44903135
-2.83185077 22.39124298 0.77616084
-2.85054278 22.39124298 -1.46387541
-2.93211651 22.39124298 0.76836812
-3.09754777 22.39124298 0.75375825
-3.14002180 22.39124298 -1.44539571
-3.18687248 22.39124298 0.74097437
-3.25306439 22.39124298 -1.45691609
-3.36974859 22.39124298 0.72275758
-3.41604280 22.39124298 -1.47541380
-3.59658861 22.39124298 0.79440182
-3.64240980 22.39124298 -1.46102715
-3.65750694 22.39124298 0.79033387
-3.71531606 22.39124298 0.73646200
-3.87258744 22.39124298 0.62132353
-3.90650201 22.39124298 -1.37716031
-3.72874093 22.39124298 -1.43839335
-3.84253216 22.39124298 -1.39474130
-3.96905160 22.39124298 -1.36890054
-0.81952029 22.39124298 -1.47549152
-3.91242576 22.39124298 0.40943268
-3.90978146 22.39124298 0.49447846
-3.90776539 22.39124298 0.55652815
-3.91618991 22.39124298 0.29119551
-3.91885877 22.39124298 0.21016353
-3.92254710 22.39124298 0.09375431
-3.92754602 22.39124298 -0.06298227
-3.96481061 22.39124298 -1.23805308
-3.95515537 22.39124298 -0.93829864
-3.94729662 22.39124298 -0.69202620
-3.94521618 22.39124298 -0.62698895
-3.94137239 22.39124298 -0.49931538
