0.56795788 28.90110016 -1.40251696
0.42224523 28.90110016 -1.38690913
0.94714421 28.90110016 0.61259413
1.34253955 28.90110016 0.69368768
2.25551915 28.89110565 0.53433079
2.30455852 28.89110565 0.41182595
2.36673474 28.89110565 0.21092533
2.42575479 28.89110565 0.00621375
2.46053839 28.89110565 -0.10571729
2.47653103 28.89110565 -0.22756314
2.48289728 28.89110565 -0.33806717
2.48225808 28.89110565 -0.40600184
2.51129675 28.89110565 -0.50700241
2.54162741 28.89110565 -0.68572307
2.55593228 28.89110565 -0.76625890
2.53388882 28.89110565 -0.83945143
2.52323723 28.89110565 -1.01331103
2.54468513 28.89110565 -1.13410044
2.58354926 28.89110565 -1.21940613
2.49241447 28.89110565 -1.36508870
2.37033391 28.89110565 -1.41319096
2.27467847 28.89110565 -1.41695559
2.21164703 28.89110565 -1.41318786
2.08369875 28.89110565 -1.42114055
1.97397196 28.89110565 -1.43252516
1.88082612 28.89110565 -1.43680000
1.79303408 28.89110565 -1.44135237
1.70618975 28.89110565 -1.44710863
1.62546229 28.89110565 -1.44420826
1.53699136 28.89110565 -1.42594838
1.44354391 28.89110565 -1.42932820
1.35792184 28.89110565 -1.42855477
1.26008153 28.89110565 -1.42954504
1.18840814 28.89110565 -1.42837214
1.11348927 28.89110565 -1.42607665
1.05428445 28.89110565 -1.41446185
0.94826496 28.89110565 -1.42523658
0.85473770 28.89110565 -1.42299819
0.75617653 28.89110565 -1.41332734
0.64289826 28.89110565 -1.40647089
0.50878346 28.89110565 -1.39812112
0.35419989 28.89110565 -1.29292023
0.38578254 28.89110565 -1.16641355
0.38740975 28.89110565 -1.04392445
0.36780754 28.89110565 -0.97839487
0.34394705 28.89110565 -0.91163707
0.32864061 28.89110565 -0.80975884
0.31668043 28.89110565 -0.70825106
0.32220134 28.89110565 -0.63276190
0.33647406 28.89110565 -0.56720233
0.34052426 28.89110565 -0.47313717
0.33422568 28.89110565 -0.37425226
0.35425663 28.89110565 -0.27826124
0.35450453 28.89110565 -0.17705910
0.37411904 28.89110565 -0.06584001
0.36717430 28.89110565 0.06249881
0.37296274 28.89110565 0.18647714
0.39226139 28.89110565 0.25645334
0.44792277 28.89110565 0.36607710
0.45123371 28.89110565 0.43554103
0.44776979 28.89110565 0.50301719
0.51398444 28.89110565 0.63897932
0.58597916 28.89110565 0.65231073
0.65175235 28.89110565 0.66638273
0.73859078 28.89110565 0.64779532
0.79935962 28.89110565 0.63996428
0.87934345 28.89110565 0.61247081
1.00698936 28.89110565 0.61086458
1.08335996 28.89110565 0.64493376
1.20527732 28.89110565 0.69700295
1.27549648 28.89110565 0.67485088
1.45643842 28.89110565 0.64039803
1.58062637 28.89110565 0.67122149
1.67108500 28.89110565 0.66574728
1.74909472 28.89110565 0.67981106
1.90413892 28.89110565 0.62789077
2.05677652 28.89110565 0.62296683
2.16144848 28.89110565 0.62826604
2.39647555 28.89110565 0.13295585
2.52181625 28.89110565 -0.57410294
2.56645274 28.89110565 -1.29304504
0.36337414 28.89110565 -1.37874889
0.45524174 28.89110565 0.61621130
1.98615074 28.89110565 0.60806984
