0.26477295 50.22064972 0.32294556
0.11048613 50.22064972 -0.22007746
2.83538461 50.22064972 -0.28258723
1.51076341 50.21065521 0.70634282
1.36941826 50.21065521 0.67089432
1.44393766 50.21065521 0.68668586
1.27879119 50.21065521 0.61137557
1.11753571 50.21065521 0.58901292
0.91288030 50.21065521 0.62564999
1.00600779 50.21065521 0.62999672
0.85200578 50.21065521 0.60801202
0.74516529 50.21065521 0.55939722
0.58810639 50.21065521 0.57248080
0.35492113 50.21065521 0.55933416
0.43758133 50.21065521 0.55587888
0.32051826 50.21065521 0.50362009
0.22940738 50.21065521 0.27315736
0.15724291 50.21065521 0.05595653
0.18425258 50.21065521 0.15146701
0.12248979 50.21065521 -0.00425243
0.12229688 50.21065521 -0.11299972
0.10395518 50.21065521 -0.35337880
0.11694594 50.21065521 -0.28059742
0.09233395 50.21065521 -0.64017886
0.10505725 50.21065521 -0.49182186
0.12704042 50.21065521 -0.89543504
0.08973232 50.21065521 -0.71589196
0.13064946 50.21065521 -0.96093053
0.15116824 50.21065521 -1.15548205
0.23904563 50.21065521 -1.27302837
0.29949191 50.21065521 -1.43132460
0.20658970 50.21065521 -1.38628900
0.44661424 50.21065521 -1.44802725
0.57722896 50.21065521 -1.51586568
0.75383401 50.21065521 -1.45682847
0.88787854 50.21065521 -1.46382022
0.99068958 50.21065521 -1.46035528
1.09900749 50.21065521 -1.45712185
1.19750345 50.21065521 -1.46515846
1.37979472 50.21065521 -1.46837878
1.30935550 50.21065521 -1.46550846
1.44832861 50.21065521 -1.46620464
1.58540428 50.21065521 -1.47932684
1.66636503 50.21065521 -1.48264515
1.75310516 50.21065521 -1.47767329
1.84812355 50.21065521 -1.46947598
1.94874299 50.21065521 -1.47773480
2.07159829 50.21065521 -1.48115349
2.20976734 50.21065521 -1.48664618
2.35647941 50.21065521 -1.48664069
2.51001740 50.21065521 -1.45187438
2.60935235 50.21065521 -1.35195398
2.60147953 50.21065521 -1.42420995
2.62507391 50.21065521 -1.26939857
2.71122193 50.21065521 -1.13702488
2.67912817 50.21065521 -1.23327255
2.73717308 50.21065521 -1.04897225
2.76260042 50.21065521 -0.94300491
2.86331654 50.21065521 -0.75844693
2.82514358 50.21065521 -0.88066614
2.89725089 50.21065521 -0.63258171
2.88782978 50.21065521 -0.69212538
2.91292024 50.21065521 -0.48270935
2.90790200 50.21065521 -0.55872840
2.86233521 50.21065521 -0.33566764
2.85491204 50.21065521 -0.40979376
2.78851461 50.21065521 -0.09464511
2.80420589 50.21065521 -0.22480857
2.78994989 50.21065521 -0.01851132
2.75530481 50.21065521 0.09463827
2.71657109 50.21065521 0.16789553
2.66367674 50.21065521 0.21365984
2.57897401 50.21065521 0.31779033
2.64271593 50.21065521 0.27662122
2.48789048 50.21065521 0.39077243
2.37662816 50.21065521 0.45932952
2.24678540 50.21065521 0.52795494
2.17885351 50.21065521 0.54073602
2.10778546 50.21065521 0.56499034
1.94785631 50.21065521 0.62143922
2.00836062 50.21065521 0.61483771
1.67493117 50.21065521 0.69460005
1.77863419 50.21065521 0.66224098
1.58804691 50.21065521 0.70056748
2.31054902 50.21065521 0.51785713
