1.98819625 -75.61669159 0.70205832
1.32812989 -75.62668610 0.69166529
1.39093387 -75.62668610 0.68600804
1.54036474 -75.62668610 0.71265495
1.65637016 -75.62668610 0.73177385
1.86788487 -75.62668610 0.76634467
1.92878783 -75.62668610 0.70260644
2.05732584 -75.62668610 0.63630533
2.17089462 -75.62668610 0.56993306
2.19748402 -75.62668610 0.46799660
2.24557996 -75.62668610 0.42583087
2.38438010 -75.62668610 0.23810843
2.45263767 -75.62668610 0.19985925
2.52006245 -75.62668610 0.18498880
2.49446774 -75.62668610 0.11636184
2.63585329 -75.62668610 -0.10464587
2.65129757 -75.62668610 -0.16536744
2.67083907 -75.62668610 -0.31752905
2.68143916 -75.62668610 -0.44334185
2.69781780 -75.62668610 -0.50972760
2.68369079 -75.62668610 -0.57302797
2.69634271 -75.62668610 -0.66903722
2.70447087 -75.62668610 -0.73883986
2.74490023 -75.62668610 -0.87804174
2.77207351 -75.62668610 -0.96259099
2.76092577 -75.62668610 -1.04582071
2.74736953 -75.62668610 -1.11690497
2.63445735 -75.62668610 -1.32878959
2.56334209 -75.62668610 -1.37273979
2.50654387 -75.62668610 -1.40387392
2.42038536 -75.62668610 -1.42335725
2.34779549 -75.62668610 -1.43514287
2.25765443 -75.62668610 -1.43845069
2.18563843 -75.62668610 -1.44325912
2.10578632 -75.62668610 -1.44135213
2.04361248 -75.62668610 -1.43910229
1.91027057 -75.62668610 -1.45308352
1.83139098 -75.62668610 -1.45901418
1.72434688 -75.62668610 -1.44092309
1.63287115 -75.62668610 -1.44031501
1.56644261 -75.62668610 -1.45262098
1.49286199 -75.62668610 -1.45589912
1.41643679 -75.62668610 -1.45960605
1.34995544 -75.62668610 -1.46280420
1.26912403 -75.62668610 -1.46247244
1.19602311 -75.62668610 -1.45995903
1.13027036 -75.62668610 -1.44701087
1.03997958 -75.62668610 -1.43584394
0.95880920 -75.62668610 -1.43456626
0.87470722 -75.62668610 -1.42900920
0.78535771 -75.62668610 -1.43077123
0.67560482 -75.62668610 -1.42942631
0.54795235 -75.62668610 -1.43351495
0.46689996 -75.62668610 -1.43507361
0.40402377 -75.62668610 -1.43564749
0.32101187 -75.62668610 -1.42312562
0.25186732 -75.62668610 -1.41185069
0.17814073 -75.62668610 -1.39522529
0.03571628 -75.62668610 -1.34466982
-0.02092461 -75.62668610 -1.31002486
-0.08319137 -75.62668610 -1.22373545
-0.12661234 -75.62668610 -1.11642206
-0.19961987 -75.62668610 -1.05105543
-0.18583789 -75.62668610 -0.97431815
-0.20941851 -75.62668610 -0.85088062
-0.24961734 -75.62668610 -0.71564907
-0.27502382 -75.62668610 -0.61792004
-0.30093598 -75.62668610 -0.54081917
-0.28527999 -75.62668610 -0.43827471
-0.25753722 -75.62668610 -0.34616861
-0.16524130 -75.62668610 -0.25152275
-0.13954718 -75.62668610 -0.18249078
-0.04007901 -75.62668610 -0.04087289
-0.00888959 -75.62668610 0.01175135
0.07816213 -75.62668610 0.14129113
0.08384919 -75.62668610 0.21588904
0.20176463 -75.62668610 0.34368101
0.27666467 -75.62668610 0.33262029
0.42425287 -75.62668610 0.43481734
0.50463092 -75.62668610 0.44413614
0.57981884 -75.62668610 0.46056113
0.67979920 -75.62668610 0.47681776
0.79764593 -75.62668610 0.49679467
0.86736095 -75.62668610 0.50554663
1.04105055 -75.62668610 0.58223188
1.10401249 -75.62668610 0.61233675
1.25356781 -75.62668610 0.66965914
1.16861641 -75.62668610 0.60169691
1.77499545 -75.62668610 0.78816664
2.29508352 -75.62668610 0.33156794
2.54830861 -75.62668610 0.04600944
2.73462319 -75.62668610 -1.26227641
0.09423932 -75.62668610 -1.37347901
-0.10621204 -75.62668610 -0.09471459
0.17928006 -75.62668610 0.27207685
0.34225586 -75.62668610 0.39113045
0.97044194 -75.62668610 0.53277344
