0.26703021 -18.67789459 -1.41222703
2.41659927 -18.68788910 -1.37982655
2.33199883 -18.68788910 -1.42431414
2.19540071 -18.68788910 -1.43770468
2.05875921 -18.68788910 -1.43262470
1.86652601 -18.68788910 -1.44001043
1.77866709 -18.68788910 -1.44195318
1.63482630 -18.68788910 -1.43437326
1.51303244 -18.68788910 -1.45300460
1.42845392 -18.68788910 -1.45633018
1.34189939 -18.68788910 -1.45658422
1.28079224 -18.68788910 -1.45447314
1.20435214 -18.68788910 -1.44477010
1.07330000 -18.68788910 -1.41093779
0.99418002 -18.68788910 -1.42291284
0.90045041 -18.68788910 -1.42984307
0.81316406 -18.68788910 -1.43875694
0.71150798 -18.68788910 -1.42277980
0.57531089 -18.68788910 -1.40706909
0.41297916 -18.68788910 -1.41294432
0.18701285 -18.68788910 -1.41061449
0.05627996 -18.68788910 -1.34200740
-0.00743144 -18.68788910 -1.28891492
-0.03003141 -18.68788910 -1.19836974
-0.03834759 -18.68788910 -0.96940655
-0.05887126 -18.68788910 -0.82521307
0.04804776 -18.68788910 -0.60922343
0.06886446 -18.68788910 -0.44839603
0.10459904 -18.68788910 -0.31775853
0.14184511 -18.68788910 -0.13112995
2.45858407 -18.68788910 -1.30372536
2.42123079 -18.68788910 -1.25390637
1.95787287 -18.68788910 -1.43674314
1.70759904 -18.68788910 -1.44147396
1.14344358 -18.68788910 -1.43319619
-0.10677029 -18.68788910 -1.03697145
1.02083337 -18.68788910 0.98944932
1.15492082 -18.68788910 0.90506965
1.30022407 -18.68788910 0.84945202
1.54778957 -18.68788910 0.85484153
1.84740281 -18.68788910 0.82581663
1.96430182 -18.68788910 0.76885980
2.02533078 -18.68788910 0.76669669
2.14196038 -18.68788910 0.59678036
2.20395064 -18.68788910 0.51542467
2.24469709 -18.68788910 0.40881374
2.35606456 -18.68788910 0.34148601
2.37937403 -18.68788910 0.18612598
2.41333890 -18.68788910 0.06025688
2.41781712 -18.68788910 -0.06866626
2.39581800 -18.68788910 -0.21903022
2.36415172 -18.68788910 -0.32443628
2.38383055 -18.68788910 -0.49957243
2.39392185 -18.68788910 -0.59492874
2.41575980 -18.68788910 -0.76140612
2.44337606 -18.68788910 -0.86440712
2.37958002 -18.68788910 -1.02494097
2.41910219 -18.68788910 -1.10160577
0.14003931 -18.68788910 0.01660042
0.13613415 -18.68788910 0.17616841
0.17458823 -18.68788910 0.24934003
0.28531301 -18.68788910 0.63657796
0.49929604 -18.68788910 0.76085526
0.56895840 -18.68788910 0.77019221
0.74266136 -18.68788910 0.85282636
0.85790205 -18.68788910 0.88332134
1.67683220 -18.68788910 0.82587624
