1.02043247 33.58100128 0.81739563
0.14960553 33.58100128 0.52530313
0.01113693 33.58100128 0.20623969
0.06733803 33.58100128 -0.16004340
0.07503596 33.58100128 -0.85714781
1.98796666 33.58100128 -1.44460487
1.54558480 33.58100128 0.71059608
1.37473893 33.57100677 0.72601783
1.63090754 33.57100677 0.65822256
1.74299228 33.57100677 0.65681261
1.95840907 33.57100677 0.54896098
2.07296562 33.57100677 0.52144802
2.36425567 33.57100677 -0.89063042
2.36325622 33.57100677 -1.00299418
2.38639903 33.57100677 -1.13498235
2.38416600 33.57100677 -1.26531696
2.20388150 33.57100677 -1.43123043
2.04822826 33.57100677 -1.44056058
1.91672778 33.57100677 -1.44901109
1.79841781 33.57100677 -1.45128214
1.68938494 33.57100677 -1.45032418
1.58754265 33.57100677 -1.44284463
1.50305390 33.57100677 -1.44824195
1.41912127 33.57100677 -1.45012403
1.33653128 33.57100677 -1.44751000
1.25033045 33.57100677 -1.44880438
1.17827725 33.57100677 -1.44779623
1.10758746 33.57100677 -1.44233823
0.95852208 33.57100677 -1.46272480
0.87531430 33.57100677 -1.46221125
0.78784025 33.57100677 -1.45252490
0.68855357 33.57100677 -1.45038211
0.61354625 33.57100677 -1.44764590
0.45389113 33.57100677 -1.45076871
0.30441463 33.57100677 -1.44825435
0.19222982 33.57100677 -1.44932938
0.05760579 33.57100677 -1.35015595
0.04169823 33.57100677 -1.26747274
0.03627096 33.57100677 -1.16563880
0.07215519 33.57100677 -1.04154897
0.08351234 33.57100677 -0.92401481
0.06983224 33.57100677 -0.79245514
0.09234796 33.57100677 -0.71552390
0.07768175 33.57100677 -0.64672887
0.03505882 33.57100677 -0.51559585
0.03534685 33.57100677 -0.44890043
0.03202811 33.57100677 -0.30832475
0.07102687 33.57100677 -0.22092488
0.02961650 33.57100677 -0.09787332
0.00595668 33.57100677 0.06937340
0.00492116 33.57100677 0.13968651
0.04635376 33.57100677 0.34384042
0.03779470 33.57100677 0.42512283
0.10471831 33.57100677 0.48431882
0.22740029 33.57100677 0.59372145
0.27796757 33.57100677 0.62722385
0.40732133 33.57100677 0.71525860
0.47173658 33.57100677 0.76260304
0.74759632 33.57100677 0.85755384
0.83376318 33.57100677 0.85243297
0.62726104 33.57100677 0.84940845
0.03368198 33.57100677 -0.37964219
0.10046416 33.57100677 -1.42879331
2.33040810 33.57100677 -1.37841773
2.37747860 33.57100677 -0.82214355
2.27697563 33.57100677 0.52006865
1.49019504 33.57100677 0.74309039
2.39827633 33.57100677 -0.71493363
2.40676069 33.57100677 -0.58758777
2.42014837 33.57100677 -0.48763868
2.39528227 33.57100677 -0.37027675
2.47328615 33.57100677 -0.24248970
2.49181914 33.57100677 -0.11365209
2.50806785 33.57100677 0.01575627
2.46081209 33.57100677 0.14783600
2.44219470 33.57100677 0.26946706
2.38351512 33.57100677 0.38003084
