-0.10918772 -47.27729034 -1.25565648
-0.04871735 -47.27729034 -0.97444153
0.04702562 -47.27729034 -0.38525566
0.62627262 -47.28728485 0.50587118
0.52975261 -47.28728485 0.51237887
0.41388774 -47.28728485 0.50032145
0.34479794 -47.28728485 0.46198502
0.31867352 -47.28728485 0.31883967
0.27040064 -47.28728485 0.26856634
0.20808031 -47.28728485 0.18501909
0.15000549 -47.28728485 0.04790605
0.11810967 -47.28728485 -0.04063166
0.10866543 -47.28728485 -0.11064797
0.08692086 -47.28728485 -0.20625436
0.06740757 -47.28728485 -0.30692315
0.02929059 -47.28728485 -0.45099717
0.02065330 -47.28728485 -0.54177469
0.02249329 -47.28728485 -0.60967857
0.00609345 -47.28728485 -0.76621181
-0.03608652 -47.28728485 -0.90424973
0.00083443 -47.28728485 -0.83798736
-0.05349886 -47.28728485 -1.04327369
-0.10558733 -47.28728485 -1.18815064
-0.08482209 -47.28728485 -1.30988109
0.08377098 -47.28728485 -1.42932844
0.28914189 -47.28728485 -1.45684314
0.22204161 -47.28728485 -1.46398795
0.39089027 -47.28728485 -1.44611108
0.52623248 -47.28728485 -1.42277980
0.70808583 -47.28728485 -1.42448699
0.81653953 -47.28728485 -1.42961979
0.91196728 -47.28728485 -1.43095601
0.99678993 -47.28728485 -1.41850746
1.16417336 -47.28728485 -1.42822361
1.27638912 -47.28728485 -1.42992222
1.35226250 -47.28728485 -1.42818534
1.45466542 -47.28728485 -1.44700360
1.62012267 -47.28728485 -1.42628372
1.77429938 -47.28728485 -1.40402675
1.89970708 -47.28728485 -1.39306879
2.05523062 -47.28728485 -1.39416993
2.18743730 -47.28728485 -1.35084236
2.26278996 -47.28728485 -1.28688061
2.35065937 -47.28728485 -1.15194964
2.36205840 -47.28728485 -1.01759219
2.35404062 -47.28728485 -0.88247913
2.36835361 -47.28728485 -0.71892637
2.34728384 -47.28728485 -0.64454490
2.33756542 -47.28728485 -0.53298706
2.26008439 -47.28728485 -0.41247529
2.17435074 -47.28728485 -0.22361659
2.08730865 -47.28728485 -0.15223019
2.04621124 -47.28728485 -0.06776536
1.98274612 -47.28728485 0.02068102
1.94623268 -47.28728485 0.17053506
1.86986756 -47.28728485 0.31664786
1.79692340 -47.28728485 0.56368071
1.75873375 -47.28728485 0.62487292
1.66801095 -47.28728485 0.66156679
1.56456912 -47.28728485 0.79679024
1.48435318 -47.28728485 0.77599978
1.37260377 -47.28728485 0.73806524
1.26420295 -47.28728485 0.70843840
1.16598737 -47.28728485 0.67646170
1.05181563 -47.28728485 0.64754081
0.96424121 -47.28728485 0.62366873
0.82838398 -47.28728485 0.58982068
0.72774798 -47.28728485 0.55770755
1.80580831 -47.28728485 0.42759264
1.89981472 -47.28728485 0.25352290
2.21434164 -47.28728485 -0.27528989
2.32376623 -47.28728485 -1.20710492
0.64329010 -47.28728485 -1.42019343
-0.03767676 -47.28728485 -1.38825023
0.17902996 -47.28728485 0.13025679
