0.31102750 -67.81685638 -0.78524703
0.28160641 -67.81685638 -1.10802412
2.63217545 -67.81685638 -0.58858114
2.63808179 -67.81685638 -0.45880213
2.65357661 -67.81685638 -0.38277212
1.76416373 -67.82685089 -1.46547389
1.40277636 -67.82685089 -1.47662461
1.27632415 -67.82685089 -1.48059583
1.21285987 -67.82685089 -1.48319125
1.02555108 -67.82685089 -1.46490276
0.89788502 -67.82685089 -1.45717645
0.76979166 -67.82685089 -1.43760943
0.64432544 -67.82685089 -1.41575384
0.50526434 -67.82685089 -1.41105187
0.40647903 -67.82685089 -1.39358425
0.27667314 -67.82685089 -1.18035698
0.29307514 -67.82685089 -1.00919187
0.31674305 -67.82685089 -0.85587674
0.31601438 -67.82685089 -0.70837379
0.32551765 -67.82685089 -0.59488332
0.29673472 -67.82685089 -0.42851883
0.29837233 -67.82685089 -0.31881681
0.30765539 -67.82685089 -0.15237972
0.32229993 -67.82685089 0.10164990
0.43318146 -67.82685089 0.26229161
0.49881670 -67.82685089 0.40069005
0.63931453 -67.82685089 0.46132240
0.76056254 -67.82685089 0.56063932
0.82362437 -67.82685089 0.62533295
0.90375519 -67.82685089 0.65742522
0.99061775 -67.82685089 0.66456002
2.59231019 -67.82685089 -0.18635285
2.62563252 -67.82685089 -0.52279729
2.64425659 -67.82685089 -0.65164310
2.64659882 -67.82685089 -0.74496388
2.61769533 -67.82685089 -0.84443671
2.56470537 -67.82685089 -1.05100572
2.54072475 -67.82685089 -1.16336012
2.48946381 -67.82685089 -1.29482555
2.44362545 -67.82685089 -1.37381387
2.32645082 -67.82685089 -1.39583778
2.18868184 -67.82685089 -1.41366446
2.05707145 -67.82685089 -1.44546676
1.92743850 -67.82685089 -1.46096539
1.82871199 -67.82685089 -1.45996070
0.41138598 -67.82685089 0.32113844
0.37788334 -67.82685089 0.16608267
0.35221782 -67.82685089 0.01424402
0.36551195 -67.82685089 -0.04909612
0.33207735 -67.82685089 -0.49577388
0.28684837 -67.82685089 -1.33449376
1.54905927 -67.82685089 -1.47453558
2.63644528 -67.82685089 -0.29848877
2.52159715 -67.82685089 -0.05182885
2.48281717 -67.82685089 0.03984844
2.43592834 -67.82685089 0.21285622
2.42536592 -67.82685089 0.30149594
2.38040781 -67.82685089 0.49627334
2.39938998 -67.82685089 0.43121532
2.33505082 -67.82685089 0.59755749
2.27766800 -67.82685089 0.62928361
1.98583996 -67.82685089 0.77644408
1.86537552 -67.82685089 0.77975976
1.75123584 -67.82685089 0.74671352
1.56808758 -67.82685089 0.76681536
1.46552908 -67.82685089 0.75155699
1.38756478 -67.82685089 0.76184112
1.29376554 -67.82685089 0.73938119
1.12972677 -67.82685089 0.68708611
2.17139745 -67.82685089 0.66489464
