2.06720114 -81.33657074 1.03699148
1.74633789 -81.33657074 1.03354180
0.21428640 -81.33657074 0.16369434
3.44741011 -81.33657074 -0.02474855
3.05332923 -81.33657074 0.38699666
2.25026155 -81.33657074 0.95462847
2.19878793 -81.34656525 0.99259192
1.92639840 -81.34656525 1.06844866
2.00570250 -81.34656525 1.05497479
1.84438527 -81.34656525 1.04987788
1.49260676 -81.34656525 1.09625590
1.43482709 -81.34656525 1.11579013
1.32575130 -81.34656525 1.08382666
1.26008713 -81.34656525 1.06866825
0.93170279 -81.34656525 1.08642864
1.03860617 -81.34656525 1.09518087
0.76607776 -81.34656525 1.05269694
0.86688858 -81.34656525 1.06760848
0.66583043 -81.34656525 1.00066972
0.58536810 -81.34656525 0.95710832
0.43795872 -81.34656525 0.78857458
0.47376353 -81.34656525 0.86669034
0.41182369 -81.34656525 0.71582013
0.35252568 -81.34656525 0.50016719
0.31769079 -81.34656525 0.43786395
0.27401912 -81.34656525 0.29036212
0.17962703 -81.34656525 0.00343618
0.20157716 -81.34656525 0.10222872
0.13441142 -81.34656525 -0.22855721
0.11931612 -81.34656525 -0.45801020
0.12254837 -81.34656525 -0.58886051
0.12970218 -81.34656525 -0.65548176
0.14619689 -81.34656525 -0.88116014
0.12426256 -81.34656525 -1.20760489
0.11459317 -81.34656525 -1.06723285
0.17755739 -81.34656525 -1.38246524
0.32436422 -81.34656525 -1.43142343
0.49996036 -81.34656525 -1.46324360
0.68368220 -81.34656525 -1.47298884
0.84243989 -81.34656525 -1.49075294
0.98127919 -81.34656525 -1.50441539
1.11435020 -81.34656525 -1.50305474
1.22837019 -81.34656525 -1.52629709
1.34350491 -81.34656525 -1.52698350
1.47098422 -81.34656525 -1.52316546
1.55448437 -81.34656525 -1.52072132
1.72526908 -81.34656525 -1.49592173
1.87442052 -81.34656525 -1.49306881
1.95950317 -81.34656525 -1.48719049
2.05389857 -81.34656525 -1.48495781
2.16758704 -81.34656525 -1.47774851
2.27084446 -81.34656525 -1.47714078
2.43164611 -81.34656525 -1.46797550
2.58951473 -81.34656525 -1.47306001
2.75183511 -81.34656525 -1.47013974
2.89218760 -81.34656525 -1.42666852
2.95463085 -81.34656525 -1.38344491
3.09328389 -81.34656525 -1.26070762
3.22554469 -81.34656525 -1.15377522
3.36023593 -81.34656525 -1.00498462
3.50453138 -81.34656525 -0.90221912
3.63313365 -81.34656525 -0.58962178
3.53806257 -81.34656525 -0.80947548
3.70749831 -81.34656525 -0.45461401
3.72134542 -81.34656525 -0.26298821
3.67373061 -81.34656525 -0.19888899
3.62393975 -81.34656525 -0.14407930
3.32812500 -81.34656525 0.08589947
3.39458036 -81.34656525 0.00445761
3.28313327 -81.34656525 0.18688944
3.12570572 -81.34656525 0.34128723
2.98984146 -81.34656525 0.39763123
2.87248158 -81.34656525 0.48060131
2.71988630 -81.34656525 0.67903954
2.77582192 -81.34656525 0.65451646
2.64838314 -81.34656525 0.72965956
2.49865508 -81.34656525 0.82459366
2.37069798 -81.34656525 0.89450049
1.68430459 -81.34656525 1.02027535
0.12099658 -81.34656525 -0.14886904
