0.75057030 -51.95719147 0.78814405
0.16985606 -51.95719147 0.33189133
0.77106172 -51.95719147 -1.43698096
1.11854947 -51.95719147 0.80057448
1.80019963 -51.96718597 -1.40529954
1.66327727 -51.96718597 -1.41799223
1.49385524 -51.96718597 -1.43349254
1.37437403 -51.96718597 -1.43955564
1.27778602 -51.96718597 -1.44172680
1.15093231 -51.96718597 -1.44379735
1.01144493 -51.96718597 -1.44012249
0.89405322 -51.96718597 -1.44188464
0.83167851 -51.96718597 -1.44111121
0.61910003 -51.96718597 -1.42952621
0.50886500 -51.96718597 -1.42183805
0.38857925 -51.96718597 -1.42575610
0.27934700 -51.96718597 -1.41841400
0.21129957 -51.96718597 -1.41009903
0.16767056 -51.96718597 -1.34534121
0.13291056 -51.96718597 -1.16114366
0.08414181 -51.96718597 -1.08347058
-0.00605375 -51.96718597 -0.92546856
-0.00969613 -51.96718597 -0.81201029
0.03640376 -51.96718597 -0.60305893
0.06245715 -51.96718597 -0.49117798
0.09687534 -51.96718597 -0.40403718
0.10946620 -51.96718597 -0.31829482
0.12054008 -51.96718597 -0.25036296
0.12944768 -51.96718597 -0.18129610
0.14360063 -51.96718597 -0.05607274
0.12153820 -51.96718597 0.02241909
0.09357055 -51.96718597 0.10835356
0.11930883 -51.96718597 0.18357871
0.21610419 -51.96718597 0.37872076
0.25483179 -51.96718597 0.55443186
0.28904134 -51.96718597 0.70313883
0.47398996 -51.96718597 0.78182060
0.58260936 -51.96718597 0.79058719
0.82345122 -51.96718597 0.78295803
0.91184300 -51.96718597 0.79760092
1.01334023 -51.96718597 0.81705880
1.18435216 -51.96718597 0.77205431
1.36623836 -51.96718597 0.73492891
0.67790890 -51.96718597 0.78963184
0.35985234 -51.96718597 0.77770436
0.24742931 -51.96718597 0.48605466
0.13605760 -51.96718597 0.26338461
-0.01563385 -51.96718597 -0.68003917
-0.05680358 -51.96718597 -0.99941587
1.99707735 -51.96718597 -1.40872586
2.23436356 -51.96718597 -1.43806529
2.45455265 -51.96718597 -1.40395665
2.59665966 -51.96718597 -1.37288058
2.53494263 -51.96718597 -1.24831533
2.41268778 -51.96718597 -0.98067755
2.44078517 -51.96718597 -0.85178280
2.32637382 -51.96718597 -0.66021627
2.27276564 -51.96718597 -0.51024598
2.30046463 -51.96718597 -0.38756779
2.17349410 -51.96718597 -0.15791282
2.14404273 -51.96718597 -0.02410026
2.06595898 -51.96718597 0.28887990
2.10353875 -51.96718597 0.17472649
2.05594754 -51.96718597 0.43999144
1.97155511 -51.96718597 0.49520764
1.84553707 -51.96718597 0.70186031
1.90506816 -51.96718597 0.69258678
1.62973750 -51.96718597 0.69965160
1.56747508 -51.96718597 0.69858253
