0.96841097 -34.01757050 0.59814280
1.39366984 -34.02756500 0.63387805
1.16980708 -34.02756500 0.60630393
1.24499953 -34.02756500 0.62729543
1.09076786 -34.02756500 0.57517940
0.90876722 -34.02756500 0.60402966
0.82189852 -34.02756500 0.60239232
0.71500266 -34.02756500 0.56193554
0.57404065 -34.02756500 0.42722854
0.62559789 -34.02756500 0.46257457
0.38611326 -34.02756500 0.29764584
0.47612128 -34.02756500 0.33136332
0.25908297 -34.02756500 0.17758124
0.33104527 -34.02756500 0.24483143
0.17425688 -34.02756500 0.12577410
0.19010270 -34.02756500 0.03342425
0.24206430 -34.02756500 -0.14136767
0.21525793 -34.02756500 -0.05360571
0.28702754 -34.02756500 -0.29571366
0.26023766 -34.02756500 -0.21982563
0.35222578 -34.02756500 -0.51245302
0.32574660 -34.02756500 -0.45024171
0.34478781 -34.02756500 -0.62523514
0.34659129 -34.02756500 -0.73150373
0.38988537 -34.02756500 -0.87507975
0.38517269 -34.02756500 -0.95899922
0.37950438 -34.02756500 -1.05920362
0.34332451 -34.02756500 -1.18795300
0.36362714 -34.02756500 -1.33763111
0.35235986 -34.02756500 -1.27236581
0.45383361 -34.02756500 -1.43925941
0.62920499 -34.02756500 -1.45856428
0.53997546 -34.02756500 -1.46521211
0.82247233 -34.02756500 -1.45360053
0.94859922 -34.02756500 -1.45848513
1.02237236 -34.02756500 -1.46322048
1.09502888 -34.02756500 -1.46124876
1.19130814 -34.02756500 -1.45187008
1.27592480 -34.02756500 -1.44821370
1.36747181 -34.02756500 -1.45214796
1.45647418 -34.02756500 -1.45490253
1.53625739 -34.02756500 -1.45185876
1.67499912 -34.02756500 -1.44986546
1.77578270 -34.02756500 -1.44888222
1.87327456 -34.02756500 -1.44833326
1.94985950 -34.02756500 -1.44701540
2.06339693 -34.02756500 -1.44596243
2.18183112 -34.02756500 -1.46241462
2.37090802 -34.02756500 -1.45943260
2.30662537 -34.02756500 -1.45951259
2.52671623 -34.02756500 -1.44592190
2.45795298 -34.02756500 -1.45467091
2.68338108 -34.02756500 -1.39838600
2.68479776 -34.02756500 -1.33827913
2.68461657 -34.02756500 -1.20461404
2.67371726 -34.02756500 -1.09707975
2.67041326 -34.02756500 -0.93903583
2.65165424 -34.02756500 -0.81227255
2.66169286 -34.02756500 -0.87767863
2.62462902 -34.02756500 -0.73731774
2.60411358 -34.02756500 -0.66024357
2.55139828 -34.02756500 -0.42258251
2.54060555 -34.02756500 -0.31155643
2.52208519 -34.02756500 -0.16952148
2.50357533 -34.02756500 -0.01928362
2.50531268 -34.02756500 -0.08355392
2.42591953 -34.02756500 0.10561053
2.35496330 -34.02756500 0.30652085
2.32135487 -34.02756500 0.38522345
2.20942616 -34.02756500 0.49810973
2.28121352 -34.02756500 0.46219304
2.15231299 -34.02756500 0.53006542
1.95325053 -34.02756500 0.56246638
2.05141377 -34.02756500 0.54855108
1.82672107 -34.02756500 0.61077589
1.74913716 -34.02756500 0.62357396
1.50617290 -34.02756500 0.63712966
1.61068010 -34.02756500 0.63974112
1.67378867 -34.02756500 0.64946413
1.32662737 -34.02756500 0.64339882
0.51822335 -34.02756500 0.38739115
0.31431362 -34.02756500 -0.37019399
0.39796311 -34.02756500 -1.40445137
0.74062186 -34.02756500 -1.44968021
2.61628151 -34.02756500 -1.43316114
2.58291173 -34.02756500 -0.52628094
2.53270149 -34.02756500 -0.23888399
2.45636725 -34.02756500 0.03698865
2.37577868 -34.02756500 0.18129051
1.88409257 -34.02756500 0.58422804
