0.24288164 -24.65776825 -0.39088911
0.16291237 -24.65776825 -0.73128629
2.62371135 -24.65776825 -0.37292415
2.52386165 -24.65776825 0.54232728
2.09853315 -24.65776825 0.68185914
0.92713553 -24.66776276 0.67490143
0.82890069 -24.66776276 0.67194557
0.75554287 -24.66776276 0.70372665
0.65384477 -24.66776276 0.72651029
0.59885383 -24.66776276 0.65876162
0.51148152 -24.66776276 0.50813049
0.44858903 -24.66776276 0.41110277
0.40712988 -24.66776276 0.35398254
0.35173011 -24.66776276 0.26907459
0.29752445 -24.66776276 0.18318747
0.27058423 -24.66776276 0.07698322
0.25892249 -24.66776276 -0.06415769
0.25187394 -24.66776276 -0.16940397
0.25810772 -24.66776276 -0.25626352
0.23181501 -24.66776276 -0.45200193
0.17124370 -24.66776276 -0.61106056
0.21641012 -24.66776276 -0.52342480
0.15126058 -24.66776276 -0.80176955
0.13159405 -24.66776276 -0.97535640
0.14408033 -24.66776276 -0.91074306
0.11852191 -24.66776276 -1.04315722
0.09573776 -24.66776276 -1.23679531
0.11116149 -24.66776276 -1.15647995
0.07620583 -24.66776276 -1.38116109
0.11385912 -24.66776276 -1.43293536
0.28319731 -24.66776276 -1.47252429
0.21527830 -24.66776276 -1.45782542
0.47141114 -24.66776276 -1.45394850
0.39966992 -24.66776276 -1.45650101
0.63388741 -24.66776276 -1.43552554
0.57150131 -24.66776276 -1.44272542
0.72513950 -24.66776276 -1.42966175
0.86444604 -24.66776276 -1.42580473
0.94607276 -24.66776276 -1.42633557
1.04229832 -24.66776276 -1.42991447
1.22117352 -24.66776276 -1.44317997
1.29474187 -24.66776276 -1.44758844
1.36638641 -24.66776276 -1.44880223
1.47432494 -24.66776276 -1.44896102
1.57806933 -24.66776276 -1.44119227
1.70503724 -24.66776276 -1.42495561
1.77492344 -24.66776276 -1.42203534
1.88966513 -24.66776276 -1.41725075
2.03927469 -24.66776276 -1.41576886
2.23053360 -24.66776276 -1.43048549
2.33600974 -24.66776276 -1.39737523
2.40177298 -24.66776276 -1.33794582
2.55326581 -24.66776276 -1.15395343
2.61603165 -24.66776276 -1.03777504
2.63227510 -24.66776276 -0.94038028
2.57236314 -24.66776276 -0.73742616
2.64694762 -24.66776276 -0.52001905
2.63828540 -24.66776276 -0.23590255
2.61946750 -24.66776276 -0.01338550
2.59566426 -24.66776276 0.22003749
2.57115149 -24.66776276 0.41528925
2.47826958 -24.66776276 0.60264385
2.34504843 -24.66776276 0.70157462
2.22220254 -24.66776276 0.70058012
2.03130007 -24.66776276 0.67622632
1.92838776 -24.66776276 0.68207526
1.83805645 -24.66776276 0.68865597
1.75455129 -24.66776276 0.71618801
1.57524991 -24.66776276 0.71782446
1.49624598 -24.66776276 0.69191206
1.41440415 -24.66776276 0.70192510
1.22869742 -24.66776276 0.69823289
1.09126198 -24.66776276 0.67999363
1.31061113 -24.66776276 0.70852065
1.15969777 -24.66776276 0.69567561
1.00799882 -24.66776276 0.67155200
0.54326910 -24.66776276 0.56976217
2.57267094 -24.66776276 -0.59775627
2.63975334 -24.66776276 -0.10022685
1.65765715 -24.66776276 0.70522386
