0.08701807 12.52144623 0.14929366
2.23684430 12.52144623 -0.37584671
1.38319468 12.51145172 0.66242880
1.28749430 12.51145172 0.66843033
1.12049174 12.51145172 0.64488202
1.20660102 12.51145172 0.63365579
0.95233333 12.51145172 0.62182271
0.80898297 12.51145172 0.59774184
0.61280203 12.51145172 0.60113496
0.53033322 12.51145172 0.58098996
0.38535309 12.51145172 0.52349913
0.45638791 12.51145172 0.53249639
0.31962290 12.51145172 0.42090699
0.21874568 12.51145172 0.37298369
0.08328609 12.51145172 0.22192766
0.08516402 12.51145172 -0.01730383
0.06640557 12.51145172 -0.17569515
0.06503958 12.51145172 -0.11502261
0.00709882 12.51145172 -0.29445052
-0.02212873 12.51145172 -0.42501169
-0.01226733 12.51145172 -0.36135146
-0.00755432 12.51145172 -0.55342281
-0.00498157 12.51145172 -0.68155736
-0.00678488 12.51145172 -0.76324975
-0.01104214 12.51145172 -0.84938854
-0.00993258 12.51145172 -1.01166809
-0.01579094 12.51145172 -0.94485068
-0.02620845 12.51145172 -1.13876426
-0.01432799 12.51145172 -1.20241082
0.08553749 12.51145172 -1.32665527
0.23683809 12.51145172 -1.36331928
0.17639935 12.51145172 -1.35212839
0.33487818 12.51145172 -1.36374283
0.47121322 12.51145172 -1.37907505
0.63964188 12.51145172 -1.39011049
0.74255753 12.51145172 -1.39666593
0.90571600 12.51145172 -1.41273129
0.98387343 12.51145172 -1.41266286
1.15207887 12.51145172 -1.43002284
1.29960811 12.51145172 -1.43548608
1.43131530 12.51145172 -1.43657804
1.51270461 12.51145172 -1.42475295
1.71159375 12.51145172 -1.41176808
1.94192886 12.51145172 -1.42058694
1.86453950 12.51145172 -1.40892243
2.11721849 12.51145172 -1.41081095
2.04815674 12.51145172 -1.41914785
2.29931927 12.51145172 -1.35865986
2.22053075 12.51145172 -1.37097549
2.52667212 12.51145172 -1.28402293
2.51455879 12.51145172 -1.16109622
2.51340747 12.51145172 -1.09001076
2.41897988 12.51145172 -0.83954489
2.44054341 12.51145172 -0.92264748
2.40965772 12.51145172 -0.73234034
2.35021448 12.51145172 -0.56910628
2.29514265 12.51145172 -0.46495581
2.18386459 12.51145172 -0.33602789
2.05064464 12.51145172 -0.09164441
2.08693194 12.51145172 -0.14809944
2.01646614 12.51145172 -0.02139284
1.95996106 12.51145172 0.15805078
1.82721090 12.51145172 0.33852127
1.89728284 12.51145172 0.30549699
1.76576245 12.51145172 0.41293600
1.62670743 12.51145172 0.54533064
1.56136978 12.51145172 0.62580031
1.03512132 12.51145172 0.64303899
1.45358920 12.51145172 0.65958858
1.62306273 12.51145172 0.61806703
1.95471334 12.51145172 0.22171137
1.98387825 12.51145172 0.08164234
2.11779642 12.51145172 -0.25012839
2.42130542 12.51145172 -1.33448267
-0.00577027 12.51145172 -1.29802179
0.04006194 12.51145172 -0.23186471
0.07802868 12.51145172 0.09030831
0.15054289 12.51145172 0.28447899
0.72183716 12.51145172 0.59218717
0.86828417 12.51145172 0.61226737
