0.60881042 79.60002899 0.56290042
0.06276754 79.60002899 -0.80954218
1.88815701 79.60002899 -1.41783988
2.40243316 79.60002899 -0.52856606
2.21305919 79.60002899 0.50333315
2.03334999 79.60002899 0.49616152
1.86678588 79.60002899 0.46547845
1.28702712 79.59003448 0.52214533
1.37966943 79.59003448 0.51632476
1.44567430 79.59003448 0.52048689
1.51315808 79.59003448 0.51607418
1.65912211 79.59003448 0.47316343
1.80224228 79.59003448 0.44918385
1.96404648 79.59003448 0.49864772
2.10625935 79.59003448 0.49370649
2.36171627 79.59003448 0.48202908
2.38004375 79.59003448 0.41205284
2.35705590 79.59003448 0.29239759
2.36832285 79.59003448 0.17338155
2.36884499 79.59003448 0.10644012
2.38074565 79.59003448 -0.00781871
2.38937140 79.59003448 -0.18629976
2.39947701 79.59003448 -0.30958614
2.40032315 79.59003448 -0.46528599
2.39670324 79.59003448 -0.73671603
2.41195011 79.59003448 -0.89428753
2.43259692 79.59003448 -1.04711699
2.32196903 79.59003448 -1.31415331
2.05925083 79.59003448 -1.38668001
1.97542679 79.59003448 -1.39640188
1.14697802 79.59003448 -1.57568288
1.06798732 79.59003448 -1.57976210
0.98508555 79.59003448 -1.57429290
0.72245276 79.59003448 -1.55978918
0.60429245 79.59003448 -1.55207574
0.36951342 79.59003448 -1.53868341
0.31626534 79.59003448 -1.50340426
0.20513159 79.59003448 -1.35998535
0.15829308 79.59003448 -1.27025747
0.13500367 79.59003448 -1.16910994
0.11472541 79.59003448 -1.10785294
0.10435072 79.59003448 -1.01542151
0.08399083 79.59003448 -0.95714247
0.07281634 79.59003448 -0.87385851
0.05101270 79.59003448 -0.74592328
0.05718036 79.59003448 -0.68288559
0.01565240 79.59003448 -0.58194798
0.01030394 79.59003448 -0.52202225
0.00314280 79.59003448 -0.42258912
-0.00916760 79.59003448 -0.31691411
-0.01567767 79.59003448 -0.21256365
-0.04673541 79.59003448 -0.13825995
-0.04267257 79.59003448 -0.07038584
-0.02665457 79.59003448 0.07278427
0.02728967 79.59003448 0.16227563
0.08419321 79.59003448 0.23078224
0.13841473 79.59003448 0.28855419
0.28020638 79.59003448 0.37964401
0.34264311 79.59003448 0.47915494
0.40449110 79.59003448 0.52098227
0.53723365 79.59003448 0.57324189
0.74621236 79.59003448 0.52502781
0.82778072 79.59003448 0.56346810
0.89817619 79.59003448 0.54954392
0.97530049 79.59003448 0.54279292
1.06140411 79.59003448 0.55455053
1.13212991 79.59003448 0.55589557
1.19122243 79.59003448 0.53835922
0.45568028 79.59003448 0.56440097
-0.07320680 79.59003448 0.00204347
0.19599898 79.59003448 -1.43844163
0.52190459 79.59003448 -1.54759812
2.42131233 79.59003448 -1.19421291
2.40614438 79.59003448 -0.60273618
1.73841643 79.59003448 0.45476434
1.57216287 79.59003448 0.50454575
