0.02611481 -14.51798248 -1.24593365
-0.04645277 -14.51798248 -1.07669234
0.00510080 -14.51798248 -0.90557909
0.01070277 -14.51798248 -0.75059086
1.34468603 -14.52797699 -1.42284882
1.22296631 -14.52797699 -1.41793120
1.15761590 -14.52797699 -1.41124892
0.91770309 -14.52797699 -1.43341160
0.81098258 -14.52797699 -1.42536402
0.69174284 -14.52797699 -1.41912758
0.55747473 -14.52797699 -1.41452587
0.40047726 -14.52797699 -1.43697691
0.15540582 -14.52797699 -1.39577281
0.07817486 -14.52797699 -1.30593729
-0.06624085 -14.52797699 -1.14056361
-0.00793210 -14.52797699 -0.97571123
0.01702378 -14.52797699 -0.83044374
0.05381559 -14.52797699 -0.58499944
0.08783853 -14.52797699 -0.45287034
0.13443016 -14.52797699 -0.35740691
1.47147977 -14.52797699 -1.42146230
1.03899908 -14.52797699 -1.42691219
0.24505723 -14.52797699 -1.42081308
0.00306775 -14.52797699 -0.68400353
0.15958928 -14.52797699 -0.26899061
1.67372429 -14.52797699 0.52866381
1.73220193 -14.52797699 0.49884340
2.16533279 -14.52797699 0.42539907
2.33183551 -14.52797699 0.33757722
2.38940358 -14.52797699 0.22631663
2.46699047 -14.52797699 0.01526131
2.50835419 -14.52797699 -0.05699000
2.58190751 -14.52797699 -0.27332672
2.69596887 -14.52797699 -0.38478249
2.71165156 -14.52797699 -0.51013416
2.72789359 -14.52797699 -0.61153686
2.72760224 -14.52797699 -0.67549831
2.71791959 -14.52797699 -0.86144882
2.73171878 -14.52797699 -0.94668293
2.60862684 -14.52797699 -1.04479086
2.57012606 -14.52797699 -1.12731171
2.49779391 -14.52797699 -1.23143220
2.41531444 -14.52797699 -1.32084715
2.27700973 -14.52797699 -1.38008416
2.15449238 -14.52797699 -1.39511609
1.99129021 -14.52797699 -1.40666246
1.87609577 -14.52797699 -1.40879416
1.76403856 -14.52797699 -1.40907228
1.65448105 -14.52797699 -1.39708185
1.53605545 -14.52797699 -1.41190135
0.18890615 -14.52797699 -0.16140337
0.16591977 -14.52797699 -0.09111301
0.19385269 -14.52797699 0.02921893
0.28127193 -14.52797699 0.12958805
0.40032002 -14.52797699 0.17936146
0.47798464 -14.52797699 0.25216308
0.59298676 -14.52797699 0.35684589
0.60405576 -14.52797699 0.44404560
0.97441137 -14.52797699 0.50194508
1.10094070 -14.52797699 0.51516908
1.18108332 -14.52797699 0.50510359
1.31845951 -14.52797699 0.51207638
1.57057631 -14.52797699 0.55172634
2.21425080 -14.52797699 0.38002741
