2.26776409 77.52007294 0.42481613
0.04895644 77.52007294 -0.24041092
1.49855721 77.51007843 -1.49083602
1.43815756 77.51007843 -1.48901403
1.57006693 77.51007843 -1.48650789
1.73930454 77.51007843 -1.50371444
1.88779414 77.51007843 -1.49600101
2.05171418 77.51007843 -1.50211525
2.21583891 77.51007843 -1.49650216
2.25040936 77.51007843 -1.44347835
2.43877459 77.51007843 -1.31436312
2.52789950 77.51007843 -1.22804177
2.53962421 77.51007843 -1.14467096
2.54236221 77.51007843 -0.96585816
2.52675319 77.51007843 -0.80104125
2.50202703 77.51007843 -0.64807349
2.51401782 77.51007843 -0.51805532
2.51529026 77.51007843 -0.41017219
2.51797128 77.51007843 -0.29358208
2.53130674 77.51007843 -0.06763903
2.54485369 77.51007843 0.03264999
2.46973109 77.51007843 0.22516626
2.34106994 77.51007843 0.29161081
2.30778527 77.51007843 0.34332740
2.21888041 77.51007843 0.47853622
2.15946770 77.51007843 0.51862878
2.06528974 77.51007843 0.57265055
1.93021238 77.51007843 0.55751503
1.86306918 77.51007843 0.56111854
1.75716567 77.51007843 0.58293658
1.67291677 77.51007843 0.58008182
1.60764635 77.51007843 0.59120721
1.51123607 77.51007843 0.55752844
1.42089617 77.51007843 0.55973125
1.23646712 77.51007843 0.57883853
1.15138054 77.51007843 0.57574493
1.07559443 77.51007843 0.56323272
1.00499344 77.51007843 0.54399091
0.93246496 77.51007843 0.53425491
0.72779667 77.51007843 0.51888674
0.64232135 77.51007843 0.52183241
0.52862197 77.51007843 0.50059956
0.39994979 77.51007843 0.40289247
0.45838234 77.51007843 0.46707737
0.22840479 77.51007843 0.20713304
0.27252373 77.51007843 0.26578477
0.16022258 77.51007843 0.12803675
0.09736758 77.51007843 0.02303977
0.06778789 77.51007843 -0.06130320
0.04268115 77.51007843 -0.30206835
0.02636426 77.51007843 -0.36085543
-0.02414427 77.51007843 -0.55245888
-0.01240640 77.51007843 -0.48254764
-0.02571280 77.51007843 -0.69296122
-0.02562134 77.51007843 -0.63014418
-0.01136798 77.51007843 -0.76684940
-0.01671130 77.51007843 -0.92445284
-0.01481710 77.51007843 -0.84317720
-0.04620626 77.51007843 -1.10450804
-0.01663803 77.51007843 -0.99975967
-0.03285808 77.51007843 -1.19585168
0.02121478 77.51007843 -1.36259782
-0.02075627 77.51007843 -1.31101584
0.09776998 77.51007843 -1.42236936
0.40817612 77.51007843 -1.48881042
0.31461883 77.51007843 -1.50516868
0.56457770 77.51007843 -1.49833179
0.49783635 77.51007843 -1.49489760
0.71275312 77.51007843 -1.49873745
0.65158600 77.51007843 -1.49874055
0.89011919 77.51007843 -1.48698437
0.80884302 77.51007843 -1.49244237
0.99179959 77.51007843 -1.48976064
1.06965244 77.51007843 -1.49126124
1.13338709 77.51007843 -1.49066472
1.26905847 77.51007843 -1.48884141
1.33385575 77.51007843 0.56654185
2.54955006 77.51007843 0.13978451
0.22561976 77.51007843 -1.48818314
0.04638692 77.51007843 -0.16394599
0.32758945 77.51007843 0.34086880
0.83427906 77.51007843 0.50292957
