-0.09414390 22.14124298 0.71774906
1.13047087 22.14124298 0.80902314
2.06794882 22.14124298 0.88886750
2.37983155 22.14124298 -1.29811633
2.07799983 22.14124298 -1.34157884
1.74805689 22.14124298 -1.36623156
2.77128339 22.14124298 0.94230068
3.57477450 22.14124298 0.66869283
3.56028700 22.14124298 -0.15961276
-0.97703260 22.14124298 -1.47476482
-3.04262447 22.14124298 0.77118927
-3.57444644 22.14124298 -1.41599715
0.65342820 22.13124847 0.76415879
0.59075123 22.13124847 0.76175630
0.47666100 22.13124847 0.76320916
0.41530094 22.13124847 0.74250162
0.25875208 22.13124847 0.73267400
0.16832256 22.13124847 0.73449916
-0.16635697 22.13124847 0.74470705
-0.15167652 22.13124847 -1.40966499
-0.23077738 22.13124847 -1.40231955
0.00829248 22.13124847 -1.41067302
-0.06622193 22.13124847 -1.40739799
0.16552658 22.13124847 -1.41386330
0.09286251 22.13124847 -1.40797710
0.38192716 22.13124847 -1.40778708
0.31738433 22.13124847 -1.40870380
0.64733356 22.13124847 -1.37794042
0.55346555 22.13124847 -1.37356818
0.75824881 22.13124847 -1.37651813
0.86308247 22.13124847 -1.38022459
1.06502843 22.13124847 -1.39531493
1.00185764 22.13124847 -1.39106774
1.21161795 22.13124847 -1.36548507
1.44121993 22.13124847 -1.37364268
1.51265144 22.13124847 -1.36498535
2.24240065 22.13124847 -1.31972539
2.18024778 22.13124847 -1.33061421
2.52291489 22.13124847 -1.27298319
1.60214949 22.13124847 0.85945797
1.53363228 22.13124847 0.85223669
1.47137952 22.13124847 0.82473332
0.99369681 22.13124847 0.80676305
0.93274516 22.13124847 0.79756302
-0.00717963 22.13124847 0.70651501
0.09856847 22.13124847 0.70336378
2.30422759 22.13124847 0.90733576
2.73998976 22.13124847 -1.25187266
1.83303082 22.13124847 -1.36346328
0.44690832 22.13124847 -1.35561872
0.23157480 22.13124847 -1.41158688
-0.24243207 22.13124847 0.75714535
3.25641227 22.13124847 0.97967440
3.51896882 22.13124847 0.99115765
3.56952214 22.13124847 0.90138966
3.57552338 22.13124847 0.60427797
3.57028556 22.13124847 0.32343021
3.56590366 22.13124847 0.23974751
3.55844212 22.13124847 -0.22811623
3.51242161 22.13124847 -0.74850225
3.50468493 22.13124847 -0.85597336
3.46231818 22.13124847 -1.15560734
3.37408543 22.13124847 -1.18307865
-1.00511944 22.13124847 0.70242661
-1.13603747 22.13124847 0.70037532
-0.91531581 22.13124847 -1.47142446
-1.11969352 22.13124847 -1.47975469
-1.19432402 22.13124847 -1.48681462
-1.28166461 22.13124847 0.69930518
-1.28941607 22.13124847 -1.48469222
-1.38118672 22.13124847 -1.48355877
-1.42254591 22.13124847 0.68916750
-1.46374834 22.13124847 -1.48381639
-1.54930520 22.13124847 0.69545913
-1.58009624 22.13124847 -1.47933400
-1.70597744 22.13124847 0.69944978
-1.75549018 22.13124847 -1.44929349
-1.81480193 22.13124847 0.69466728
-1.84636497 22.13124847 -1.44752550
-1.87993026 22.13124847 0.70019394
-2.09897852 22.13124847 0.71454519
-2.02222180 22.13124847 -1.42131341
-2.17777109 22.13124847 0.71189666
-2.21524405 22.13124847 -1.41866624
-2.31197381 22.13124847 0.70527714
-2.32722187 22.13124847 -1.42920399
-2.38234353 22.13124847 0.71522415
-2.42621732 22.13124847 -1.43155050
-2.59239674 22.13124847 0.74016815
-2.59575963 22.13124847 -1.45001519
-2.69604802 22.13124847 0.74124593
-2.80990720 22.13124847 -1.44430411
-2.85861325 22.13124847 0.76204294
-2.87683868 22.13124847 -1.45293128
-3.12512088 22.13124847 0.77234721
-3.16823745 22.13124847 -1.44660294
-3.07639289 22.13124847 -1.44496500
-3.37330270 22.13124847 -1.45483398
-3.44460630 22.13124847 -1.45287037
-3.20183444 22.13124847 0.75915021
-3.64212251 22.13124847 -1.39326096
-3.43128705 22.13124847 0.72838783
-3.57461786 22.13124847 0.81314647
-3.66202998 22.13124847 0.86483210
-3.71884441 22.13124847 -1.38027644
-3.79873371 22.13124847 0.77249300
-3.87402868 22.13124847 -1.35700762
-3.99751425 22.13124847 -1.31205690
-0.84400427 22.13124847 0.69791245
-3.93310046 22.13124847 0.70894438
-3.94092631 22.13124847 0.45989397
-3.94331431 22.13124847 0.38298017
-3.94958901 22.13124847 0.18588358
-3.95372057 22.13124847 0.06044017
-3.95812154 22.13124847 -0.07371874
-3.99537969 22.13124847 -1.24580348
-3.96374702 22.13124847 -0.25367001
-3.99058914 22.13124847 -1.09920442
-3.98834610 22.13124847 -1.02979553
-3.98187900 22.13124847 -0.82553583
-3.97837639 22.13124847 -0.71700311
-3.97352409 22.13124847 -0.56644976
