-0.12291494 43.98078156 -0.64299798
-0.07485417 43.98078156 -0.30969608
0.31281218 43.98078156 0.42379791
1.72579253 43.97078705 0.43288356
1.80856979 43.97078705 0.42653716
2.01060462 43.97078705 0.40114081
2.06099153 43.97078705 0.35233828
2.11434555 43.97078705 0.25736716
2.11884356 43.97078705 0.18675612
2.13108087 43.97078705 0.03978966
2.13405752 43.97078705 -0.12896647
2.11472893 43.97078705 -0.28775930
2.10540485 43.97078705 -0.40521216
2.13127947 43.97078705 -0.50933999
2.12826133 43.97078705 -0.63667530
2.14250708 43.97078705 -0.69743389
2.17383265 43.97078705 -0.78343844
2.22087216 43.97078705 -0.86736268
2.21140981 43.97078705 -0.95012474
2.14711666 43.97078705 -1.17814291
2.11818218 43.97078705 -1.28412712
2.09272504 43.97078705 -1.42887473
2.08492541 43.97078705 -1.49587238
1.98578179 43.97078705 -1.50938356
1.86160171 43.97078705 -1.54587269
1.75062788 43.97078705 -1.56671894
1.64346933 43.97078705 -1.58041799
1.50457561 43.97078705 -1.54448009
1.42447925 43.97078705 -1.55397463
1.35739374 43.97078705 -1.55618441
1.29704666 43.97078705 -1.55362606
1.23415029 43.97078705 -1.55216193
1.16552293 43.97078705 -1.54975879
1.10575330 43.97078705 -1.53947055
1.02285337 43.97078705 -1.53128433
0.95327741 43.97078705 -1.54258621
0.85169953 43.97078705 -1.54526317
0.79001778 43.97078705 -1.54652381
0.67782170 43.97078705 -1.53891659
0.58847189 43.97078705 -1.54658043
0.50805348 43.97078705 -1.54355204
0.41223902 43.97078705 -1.54465485
0.31665581 43.97078705 -1.54790688
0.19896507 43.97078705 -1.53378308
0.04360932 43.97078705 -1.52222764
-0.12202197 43.97078705 -1.46211851
-0.11526436 43.97078705 -1.38976264
-0.13921861 43.97078705 -1.26361489
-0.14961946 43.97078705 -1.18051982
-0.16095431 43.97078705 -1.07588983
-0.15451081 43.97078705 -0.98436522
-0.14188783 43.97078705 -0.87735885
-0.13514555 43.97078705 -0.70462888
-0.07088829 43.97078705 -0.49659628
-0.09666182 43.97078705 -0.37064010
-0.03414198 43.97078705 -0.14307824
-0.00875302 43.97078705 -0.01237042
0.01923444 43.97078705 0.10448933
0.07986495 43.97078705 0.17980997
0.16388448 43.97078705 0.27856275
0.26204181 43.97078705 0.39139339
0.38134003 43.97078705 0.48325181
0.44538000 43.97078705 0.49419290
0.57966650 43.97078705 0.44075003
0.72135264 43.97078705 0.45428187
0.78166783 43.97078705 0.43914855
0.91960382 43.97078705 0.44196790
1.03096068 43.97078705 0.44908023
1.17331111 43.97078705 0.48575556
1.28121972 43.97078705 0.48224762
2.19704390 43.97078705 -1.13332140
1.64869094 43.97078705 0.41555411
