0.03450721 71.28020477 -1.25143027
0.41388950 71.28020477 -1.53819656
1.28908491 71.28020477 0.83003640
1.03179717 71.27021027 0.87721717
0.96895915 71.27021027 0.87688285
0.85425377 71.27021027 0.86217231
0.76176095 71.27021027 0.86267674
0.66181332 71.27021027 0.85057068
0.58558315 71.27021027 0.86074013
0.53382450 71.27021027 0.82571810
0.46119750 71.27021027 0.76708150
0.37682658 71.27021027 0.71493113
0.18574609 71.27021027 0.72628987
0.30558184 71.27021027 0.72270000
0.00409787 71.27021027 0.71044457
0.09664887 71.27021027 0.73685479
-0.06192032 71.27021027 0.65032464
-0.14253382 71.27021027 0.48452783
-0.11234894 71.27021027 0.54216301
-0.17599712 71.27021027 0.38832816
-0.18036199 71.27021027 0.30328599
-0.11532598 71.27021027 0.06185678
-0.16037703 71.27021027 0.18963847
-0.09446359 71.27021027 -0.01811290
-0.11365999 71.27021027 -0.12234218
-0.10548069 71.27021027 -0.24228954
-0.03152357 71.27021027 -0.37975609
-0.04011610 71.27021027 -0.56165153
-0.01141112 71.27021027 -0.43787572
-0.04230144 71.27021027 -0.63727736
0.03314687 71.27021027 -0.72916943
0.01676740 71.27021027 -1.09103703
0.01435305 71.27021027 -0.92494297
0.01110497 71.27021027 -1.15599298
0.06705856 71.27021027 -1.30390227
0.20446323 71.27021027 -1.49252343
0.34942427 71.27021027 -1.53009439
0.55920428 71.27021027 -1.54904461
0.71125513 71.27021027 -1.55081630
0.92729264 71.27021027 -1.56192279
1.01413453 71.27021027 -1.56566775
1.24535620 71.27021027 -1.55546153
1.09446990 71.27021027 -1.56130540
1.42129886 71.27021027 -1.55507803
1.30873442 71.27021027 -1.55475724
1.64346325 71.27021027 -1.56270874
1.56352687 71.27021027 -1.56199038
1.79838276 71.27021027 -1.54868221
1.72304583 71.27021027 -1.55493200
1.95536959 71.27021027 -1.51446176
1.88034737 71.27021027 -1.52984011
2.05125260 71.27021027 -1.51128268
2.08254313 71.27021027 -1.44112360
2.17004609 71.27021027 -1.21658111
2.15489674 71.27021027 -1.30164242
2.17264557 71.27021027 -0.99866962
2.18415141 71.27021027 -1.09770417
2.15635562 71.27021027 -0.70884156
2.15719175 71.27021027 -0.77024442
2.15846586 71.27021027 -0.62076950
2.14560485 71.27021027 -0.48421043
2.12601066 71.27021027 -0.35945269
2.10697269 71.27021027 -0.24460769
2.07150865 71.27021027 -0.10564999
1.99055946 71.27021027 -0.03658256
1.99785364 71.27021027 0.09741516
1.90637589 71.27021027 0.16411351
1.89920354 71.27021027 0.26237193
1.84923661 71.27021027 0.40361676
1.80388391 71.27021027 0.45550936
1.74713635 71.27021027 0.52412558
1.69166279 71.27021027 0.61449182
1.62008929 71.27021027 0.65027982
1.54492354 71.27021027 0.72851026
1.44650757 71.27021027 0.77169001
1.36660099 71.27021027 0.80223972
1.23408735 71.27021027 0.85422140
1.17303061 71.27021027 0.86391962
1.09431469 71.27021027 0.86479038
1.49049664 71.27021027 -1.56005931
2.15720701 71.27021027 -0.86928290
1.89353704 71.27021027 0.33251289
