1.30765307 -10.62805939 0.49645939
1.12725317 -10.62805939 0.47416064
1.00324023 -10.62805939 0.46778622
0.91428214 -10.62805939 0.47172716
0.80667073 -10.62805939 0.44278574
0.62962341 -10.62805939 0.38414219
0.48612484 -10.62805939 0.35473630
0.42266285 -10.62805939 0.33082730
0.01357267 -10.62805939 -0.21635471
-0.01522140 -10.62805939 -0.28128517
-0.04208953 -10.62805939 -0.48446542
-0.04661633 -10.62805939 -0.64033765
-0.01993160 -10.62805939 -0.76878601
0.00387567 -10.62805939 -0.89872956
0.13840200 -10.62805939 -1.30433512
0.02962921 -10.62805939 -1.24958014
0.27834934 -10.62805939 -1.37039196
0.46138522 -10.62805939 -1.37999225
0.61430430 -10.62805939 -1.37981796
0.72675198 -10.62805939 -1.38362348
0.83239061 -10.62805939 -1.40189707
0.90112042 -10.62805939 -1.41092503
0.97760749 -10.62805939 -1.41091216
1.04335999 -10.62805939 -1.40194309
1.12821710 -10.62805939 -1.40937304
1.19215930 -10.62805939 -1.41289485
1.28535080 -10.62805939 -1.41708219
1.37354708 -10.62805939 -1.42178118
1.43990064 -10.62805939 -1.41893780
1.50595522 -10.62805939 -1.41133440
1.56864691 -10.62805939 -1.39303434
1.64721251 -10.62805939 -1.41529441
1.71364653 -10.62805939 -1.41733074
1.85995591 -10.62805939 -1.41663086
1.79997313 -10.62805939 -1.41907465
1.96902370 -10.62805939 -1.42228365
2.09076500 -10.62805939 -1.41947329
2.23566175 -10.62805939 -1.41303217
2.33982778 -10.62805939 -1.35760188
2.43608713 -10.62805939 -1.29389226
2.47922325 -10.62805939 -1.21661699
2.50236368 -10.62805939 -1.12936521
2.51451802 -10.62805939 -0.95555156
2.50335240 -10.62805939 -0.83162516
2.52442765 -10.62805939 -0.89435977
2.59537292 -10.62805939 -0.72107935
2.59807181 -10.62805939 -0.63031441
2.59028268 -10.62805939 -0.46227098
2.58040643 -10.62805939 -0.39356422
2.56902456 -10.62805939 -0.11580962
2.57866287 -10.62805939 -0.18979603
2.53693175 -10.62805939 -0.04123297
2.48149157 -10.62805939 0.05517127
2.27835107 -10.62805939 0.37145606
2.19583440 -10.62805939 0.38103563
1.89919078 -10.62805939 0.38219103
2.09285665 -10.62805939 0.41627637
1.80425799 -10.62805939 0.38667181
1.54468393 -10.62805939 0.46695745
1.67765141 -10.62805939 0.42387351
1.38779128 -10.62805939 0.49989316
1.48361647 -10.62805939 0.48502102
2.53821516 -10.62805939 -0.77508831
2.57373333 -10.62805939 -0.55111963
2.48137355 -10.62805939 0.11703125
2.38977456 -10.62805939 0.28768799
