0.30185747 6.02158356 0.24984138
0.15996899 6.02158356 -0.12268572
0.17249398 6.02158356 -0.36033919
0.24273731 6.02158356 -0.58661455
0.27950329 6.02158356 -0.73814481
0.31098366 6.02158356 -0.90416533
0.32217720 6.02158356 -1.07530057
0.33095491 6.02158356 -1.20612824
0.57207757 6.02158356 -1.36694634
0.72997403 6.02158356 -1.37295508
0.52401245 6.01158905 0.37343699
0.41567612 6.01158905 0.28410411
0.24408840 6.01158905 0.22735287
0.18581103 6.01158905 0.17569314
0.15300916 6.01158905 -0.03631183
0.15653959 6.01158905 -0.28592426
0.19170912 6.01158905 -0.45287088
0.22295290 6.01158905 -0.52237099
0.27206370 6.01158905 -0.67710727
0.29217887 6.01158905 -0.82374150
0.33419323 6.01158905 -1.00661385
0.35170594 6.01158905 -1.26478028
0.38380760 6.01158905 -1.32805550
0.48312664 6.01158905 -1.35738194
0.64466846 6.01158905 -1.37505662
0.83809108 6.01158905 -1.36662507
0.95333225 6.01158905 -1.37682354
1.28656673 6.01158905 -1.38351917
0.62181777 6.01158905 0.39200217
0.14845766 6.01158905 0.04842377
0.31444585 6.01158905 -1.14390957
1.12071669 6.01158905 -1.37370646
1.54645336 6.01158905 0.72259283
1.41209960 6.01158905 0.77697134
1.26098597 6.01158905 0.72499901
1.15920269 6.01158905 0.71595460
1.00466764 6.01158905 0.65728831
1.06298959 6.01158905 0.68744594
0.95133704 6.01158905 0.61681426
0.86938709 6.01158905 0.55447149
0.73886591 6.01158905 0.48259220
1.39834011 6.01158905 -1.38476908
1.50790691 6.01158905 -1.37485743
1.62901139 6.01158905 -1.33891249
1.73262310 6.01158905 -1.35411918
1.84277678 6.01158905 -1.35436773
1.92415452 6.01158905 -1.35286438
2.03629494 6.01158905 -1.34954262
2.13671899 6.01158905 -1.33936954
2.27580881 6.01158905 -1.34585702
2.42026043 6.01158905 -1.35509312
2.57791257 6.01158905 -1.36913991
2.75778770 6.01158905 -1.34725344
2.93360925 6.01158905 -1.31206000
2.99140835 6.01158905 -1.27348185
2.98886347 6.01158905 -1.18406057
2.96263504 6.01158905 -1.01805806
3.03194571 6.01158905 -0.88095671
3.03509641 6.01158905 -0.63095933
3.03425527 6.01158905 -0.74284440
3.05430269 6.01158905 -0.37760979
3.07069707 6.01158905 -0.30573201
3.03630519 6.01158905 -0.24882670
2.98909450 6.01158905 -0.12165268
2.93601346 6.01158905 -0.00804270
2.87921000 6.01158905 0.09268397
2.69285655 6.01158905 0.34302258
2.80636048 6.01158905 0.23964298
2.61842775 6.01158905 0.46103474
2.55349803 6.01158905 0.53939313
2.40366197 6.01158905 0.60622221
2.48537421 6.01158905 0.61722970
2.29920506 6.01158905 0.63492346
2.18524933 6.01158905 0.64799237
1.96976817 6.01158905 0.72046524
2.09224796 6.01158905 0.67433947
1.90295458 6.01158905 0.72486144
1.78449023 6.01158905 0.71903670
1.63297701 6.01158905 0.71721542
