1.89663374 -46.75730133 -1.39971781
-0.15565711 -46.75730133 -1.22760236
-0.03342669 -46.75730133 -0.74793464
0.03139207 -46.75730133 0.13101152
0.51800066 -46.75730133 0.57741678
1.24095142 -46.75730133 0.64142841
1.78487957 -46.76729584 0.49971843
1.82993340 -46.76729584 0.43551651
1.96338952 -46.76729584 0.27969378
1.98365259 -46.76729584 0.19788660
2.10520554 -46.76729584 0.05918992
2.13544416 -46.76729584 -0.01494734
2.17897439 -46.76729584 -0.08962372
2.23328781 -46.76729584 -0.17902040
2.30488014 -46.76729584 -0.33059579
2.32882094 -46.76729584 -0.39558682
2.38404560 -46.76729584 -0.44210038
2.43902063 -46.76729584 -0.55951428
2.46900940 -46.76729584 -0.61296457
2.48698163 -46.76729584 -0.67520076
2.48440385 -46.76729584 -0.77554172
2.47404933 -46.76729584 -0.84285337
2.48621345 -46.76729584 -0.90952098
2.52866840 -46.76729584 -0.98687440
2.49061942 -46.76729584 -1.04881895
2.47981405 -46.76729584 -1.16670740
2.50573874 -46.76729584 -1.26745248
2.44234562 -46.76729584 -1.30800724
2.35852098 -46.76729584 -1.33598495
2.29330707 -46.76729584 -1.36669326
2.21066976 -46.76729584 -1.38858736
2.13676405 -46.76729584 -1.40374887
2.05600548 -46.76729584 -1.40795505
1.97200692 -46.76729584 -1.40196073
1.83361042 -46.76729584 -1.40196526
1.77255428 -46.76729584 -1.40931988
1.66532671 -46.76729584 -1.42125750
1.57981360 -46.76729584 -1.43465281
1.52135515 -46.76729584 -1.44942927
1.45249605 -46.76729584 -1.45484436
1.36546659 -46.76729584 -1.43689883
1.28468966 -46.76729584 -1.43842542
1.22073698 -46.76729584 -1.43876588
1.13654041 -46.76729584 -1.43840480
1.06470716 -46.76729584 -1.43578637
0.99373496 -46.76729584 -1.43708181
0.92293078 -46.76729584 -1.44077313
0.83947462 -46.76729584 -1.43360019
0.75626463 -46.76729584 -1.43086255
0.66884094 -46.76729584 -1.42704928
0.56886613 -46.76729584 -1.42924702
0.50226712 -46.76729584 -1.44233024
0.44305375 -46.76729584 -1.45205867
0.36707553 -46.76729584 -1.45763254
0.30137354 -46.76729584 -1.45795810
0.21989958 -46.76729584 -1.46005356
0.14067210 -46.76729584 -1.46134377
0.05554264 -46.76729584 -1.44902301
-0.02928214 -46.76729584 -1.44207191
-0.11972851 -46.76729584 -1.42623293
-0.13335168 -46.76729584 -1.35828197
-0.14347424 -46.76729584 -1.28564548
-0.14246520 -46.76729584 -1.14803350
-0.13345122 -46.76729584 -1.08856618
-0.07665807 -46.76729584 -0.99473506
-0.01606269 -46.76729584 -0.89116061
-0.04216619 -46.76729584 -0.80858159
-0.02307971 -46.76729584 -0.68645632
-0.01895485 -46.76729584 -0.59265262
-0.01686189 -46.76729584 -0.53163141
-0.00313388 -46.76729584 -0.43922305
0.00476605 -46.76729584 -0.37267610
0.01248799 -46.76729584 -0.30026034
0.03620309 -46.76729584 -0.18535732
0.03981768 -46.76729584 -0.11701410
0.03839363 -46.76729584 -0.01946639
0.02249032 -46.76729584 0.06734614
0.04131021 -46.76729584 0.20104165
0.09403691 -46.76729584 0.31622851
0.12859838 -46.76729584 0.40925926
0.27618089 -46.76729584 0.51114655
0.37344337 -46.76729584 0.55391318
0.45280349 -46.76729584 0.56802249
0.61417317 -46.76729584 0.61056477
0.67007583 -46.76729584 0.64825720
0.79200047 -46.76729584 0.63619524
0.85982019 -46.76729584 0.62547916
0.93187582 -46.76729584 0.61642283
1.10069239 -46.76729584 0.65446049
1.16960478 -46.76729584 0.63328826
1.32443309 -46.76729584 0.66949546
1.40376472 -46.76729584 0.64892721
1.46296966 -46.76729584 0.61995280
1.58393514 -46.76729584 0.60443503
1.67284214 -46.76729584 0.55205250
0.15805861 -46.76729584 0.48267052
1.97605908 -46.76729584 0.38222960
2.05062866 -46.76729584 0.16724105
