0.12435424 10.70148468 -1.09523749
0.14486510 10.70148468 -0.82878113
0.11150070 10.70148468 -0.66688448
0.10508487 10.70148468 -0.48459736
0.10873132 10.70148468 0.08492334
2.74324775 10.69149017 -1.18112719
2.57152367 10.69149017 -1.36922729
2.36395097 10.69149017 -1.39598024
2.17016792 10.69149017 -1.38859630
2.06736565 10.69149017 -1.41990733
1.94224262 10.69149017 -1.43829644
1.86004531 10.69149017 -1.43853879
1.77004361 10.69149017 -1.44963241
1.68465292 10.69149017 -1.45108807
1.59032154 10.69149017 -1.43454874
1.46679699 10.69149017 -1.42562473
1.37014663 10.69149017 -1.42987883
1.23992896 10.69149017 -1.43088317
1.11321211 10.69149017 -1.41918898
1.05400145 10.69149017 -1.38829553
0.90508199 10.69149017 -1.40431082
0.83106583 10.69149017 -1.40803421
0.73118061 10.69149017 -1.40041673
0.62246323 10.69149017 -1.39431977
0.50477839 10.69149017 -1.38717616
0.32693768 10.69149017 -1.38653815
0.17263715 10.69149017 -1.33039272
0.12466265 10.69149017 -1.16030025
0.13971066 10.69149017 -1.02925110
0.15170252 10.69149017 -0.92463833
0.13838670 10.69149017 -0.72373688
0.12550101 10.69149017 -0.40464741
0.13357945 10.69149017 -0.30239129
0.11835501 10.69149017 -0.13568695
0.20007731 10.69149017 0.27832660
0.23069347 10.69149017 0.45589888
2.69660640 10.69149017 -1.29626799
0.97523010 10.69149017 -1.41096616
0.08789171 10.69149017 -0.61258566
0.09934852 10.69149017 0.02211618
0.33009171 10.69149017 0.46116170
1.80409265 10.69149017 0.41654861
1.87831509 10.69149017 0.34215188
2.05127311 10.69149017 0.25127837
2.22610736 10.69149017 -0.01639953
2.29692173 10.69149017 -0.09666509
2.35157204 10.69149017 -0.21660404
2.49966717 10.69149017 -0.34216231
2.52340865 10.69149017 -0.45628518
2.66140699 10.69149017 -0.54213268
2.73284960 10.69149017 -0.66246676
2.75162649 10.69149017 -0.90964264
2.77453160 10.69149017 -1.04138911
0.41210917 10.69149017 0.46101320
0.63272107 10.69149017 0.55767232
0.82353109 10.69149017 0.55844545
0.94442427 10.69149017 0.58657080
1.05376923 10.69149017 0.59713006
1.20054197 10.69149017 0.57227933
1.32221198 10.69149017 0.56445199
1.45303631 10.69149017 0.52868938
1.63234007 10.69149017 0.50756782
