1.51660109 83.49994659 0.64257765
1.85858023 83.49994659 0.52869487
1.92955172 83.49994659 -1.56888855
1.69712472 83.49994659 -1.61410367
-0.18871228 83.49994659 -1.39798725
-0.21499105 83.49994659 -0.73068452
-0.03401700 83.49994659 0.16943255
0.08743146 83.49994659 0.28562468
0.33314863 83.49994659 0.44113013
0.49172249 83.49994659 0.56791186
0.92340112 83.48995209 0.71060145
1.69027531 83.48995209 0.61753029
1.75472105 83.48995209 0.59522754
1.94952559 83.48995209 0.47063074
2.05783677 83.48995209 0.37206545
2.10009861 83.48995209 0.22551787
2.13539481 83.48995209 0.09170371
2.12284636 83.48995209 -0.06092105
2.07957029 83.48995209 -0.21410820
2.08219171 83.48995209 -0.43512657
2.11893320 83.48995209 -0.51164281
2.16129589 83.48995209 -0.62617743
2.17268848 83.48995209 -0.68607533
2.19011688 83.48995209 -0.86887401
2.13824725 83.48995209 -1.06805909
2.10719800 83.48995209 -1.18553698
2.03027058 83.48995209 -1.27417600
2.03036761 83.48995209 -1.40744150
1.99384725 83.48995209 -1.52550972
1.83475161 83.48995209 -1.62472510
1.76232767 83.48995209 -1.62194300
1.56054699 83.48995209 -1.59877086
1.46303129 83.48995209 -1.61350894
1.36385429 83.48995209 -1.60527527
1.26981115 83.48995209 -1.60926628
1.18896568 83.48995209 -1.60589671
1.11242986 83.48995209 -1.60292935
1.02107203 83.48995209 -1.59583867
0.89733732 83.48995209 -1.59413242
0.77877367 83.48995209 -1.58474195
0.67926055 83.48995209 -1.58865678
0.58819675 83.48995209 -1.58145332
0.46114975 83.48995209 -1.51277745
0.31146228 83.48995209 -1.57519555
0.14918697 83.48995209 -1.56639576
0.02376660 83.48995209 -1.54998243
-0.07790149 83.48995209 -1.53929138
-0.17110434 83.48995209 -1.46060574
-0.18601011 83.48995209 -1.30031073
-0.21208337 83.48995209 -1.17098045
-0.23091328 83.48995209 -1.11097383
-0.23874077 83.48995209 -1.04897225
-0.24755439 83.48995209 -0.95473576
-0.24623427 83.48995209 -0.87520975
-0.22345145 83.48995209 -0.79926282
-0.20182428 83.48995209 -0.62068456
-0.20836881 83.48995209 -0.51215452
-0.20209201 83.48995209 -0.45138180
-0.18270923 83.48995209 -0.31512135
-0.17376839 83.48995209 -0.24567014
-0.11101759 83.48995209 -0.13331892
-0.06548446 83.48995209 -0.04936580
-0.04816959 83.48995209 0.10253862
0.26551041 83.48995209 0.38751325
0.43368763 83.48995209 0.53609943
0.64746648 83.48995209 0.61976653
0.78512591 83.48995209 0.67759413
2.01304579 83.48995209 0.43696305
0.54214776 83.48995209 -1.50923836
-0.13875231 83.48995209 -1.52131963
0.01456116 83.48995209 0.22957633
0.55601954 83.48995209 0.59730083
