0.62559450 -38.95746613 0.46541351
0.41508424 -38.96746063 -1.43864036
0.23783475 -38.96746063 -1.42423022
0.14151247 -38.96746063 -1.18355179
0.12142621 -38.96746063 -1.05294716
0.12909542 -38.96746063 -0.93253374
0.14127152 -38.96746063 -0.80509698
0.13321497 -38.96746063 -0.62173694
0.07123674 -38.96746063 -0.40488514
0.09752585 -38.96746063 -0.32307819
0.13529585 -38.96746063 -0.22845170
0.18425004 -38.96746063 -0.11611464
0.26542220 -38.96746063 0.04287048
0.32452038 -38.96746063 0.16027881
0.42233878 -38.96746063 0.28121629
0.49603376 -38.96746063 0.35423937
0.11877479 -38.96746063 -0.48276842
0.13730006 -38.96746063 -1.33792925
0.53816509 -38.96746063 -1.44531524
0.59981048 -38.96746063 0.41200763
0.72467536 -38.96746063 -1.42824399
0.84469301 -38.96746063 -1.42897189
0.94848424 -38.96746063 -1.43246675
1.03947496 -38.96746063 -1.42948055
1.15786314 -38.96746063 -1.42052400
1.28026807 -38.96746063 -1.42087567
1.37415862 -38.96746063 -1.42117608
1.43505096 -38.96746063 -1.42440355
1.55458915 -38.96746063 -1.43281078
1.70275164 -38.96746063 -1.41086721
1.79327667 -38.96746063 -1.41306877
1.87763894 -38.96746063 -1.40727532
1.94649541 -38.96746063 -1.40876913
2.06957078 -38.96746063 -1.40388250
2.18328643 -38.96746063 -1.39361238
2.30477905 -38.96746063 -1.38516831
2.43824387 -38.96746063 -1.35430217
2.42237902 -38.96746063 -1.20328391
2.41831732 -38.96746063 -1.08921862
2.47644997 -38.96746063 -1.00991333
2.41031909 -38.96746063 -0.81523794
2.46016026 -38.96746063 -0.75398195
2.46634102 -38.96746063 -0.62023234
2.48497081 -38.96746063 -0.46864605
2.50546861 -38.96746063 -0.36736375
2.50770020 -38.96746063 -0.26058844
2.51286530 -38.96746063 -0.14477541
2.49976134 -38.96746063 -0.05860979
2.48992753 -38.96746063 0.03095481
2.41229963 -38.96746063 0.16091906
2.41676497 -38.96746063 0.29027063
2.39759278 -38.96746063 0.40091461
2.29077077 -38.96746063 0.57261962
2.22998428 -38.96746063 0.70809507
2.11790395 -38.96746063 0.82077557
1.83709431 -38.96746063 0.82590097
1.70987058 -38.96746063 0.79411101
1.44795573 -38.96746063 0.68640339
1.55279958 -38.96746063 0.69401109
1.33022344 -38.96746063 0.66758358
1.19596589 -38.96746063 0.63220263
1.00787258 -38.96746063 0.56525731
0.81772256 -38.96746063 0.52108407
0.72388941 -38.96746063 0.50300366
