0.28108013 26.04116058 0.61199820
1.79551911 26.04116058 0.70684302
0.71437597 26.03116608 0.67098868
0.78526604 26.03116608 0.66966993
0.90920722 26.03116608 0.71035397
1.00326598 26.03116608 0.67138356
1.13447821 26.03116608 0.67117792
1.20759320 26.03116608 0.67485976
1.28961265 26.03116608 0.66247857
1.36995673 26.03116608 0.67025131
1.49748302 26.03116608 0.66610634
1.61227942 26.03116608 0.70639336
1.73016381 26.03116608 0.70014769
1.88069963 26.03116608 0.73371708
1.92214096 26.03116608 0.60549849
1.95783210 26.03116608 0.54350454
1.98094547 26.03116608 0.47172427
1.97020757 26.03116608 0.35312882
1.97102332 26.03116608 0.28713250
2.02200794 26.03116608 0.18369634
2.05758452 26.03116608 0.12749176
2.12001467 26.03116608 -0.04265907
2.15989804 26.03116608 -0.18480273
2.20526552 26.03116608 -0.28470543
2.23162174 26.03116608 -0.35046989
2.23992062 26.03116608 -0.56681675
2.27072263 26.03116608 -0.66809666
2.24756837 26.03116608 -0.79895633
2.24366760 26.03116608 -0.93530762
2.25283098 26.03116608 -1.02648723
2.24880815 26.03116608 -1.08748543
2.24224806 26.03116608 -1.17831874
2.26437593 26.03116608 -1.26931310
2.23921084 26.03116608 -1.35679007
2.17151976 26.03116608 -1.38540792
2.09285736 26.03116608 -1.40542531
2.01674342 26.03116608 -1.41934144
1.94101644 26.03116608 -1.43993628
1.87378967 26.03116608 -1.45298445
1.80476940 26.03116608 -1.46300554
1.72326732 26.03116608 -1.46613348
1.58033168 26.03116608 -1.44694006
1.50517845 26.03116608 -1.42890799
1.43213141 26.03116608 -1.44100368
1.32220304 26.03116608 -1.44992232
1.21860158 26.03116608 -1.44812357
1.12850273 26.03116608 -1.44201493
1.00935912 26.03116608 -1.43047726
0.92800158 26.03116608 -1.42128909
0.77488458 26.03116608 -1.42340195
0.66885620 26.03116608 -1.42804170
0.54952103 26.03116608 -1.42747855
0.42083237 26.03116608 -1.42705083
0.29555488 26.03116608 -1.40920329
0.16155213 26.03116608 -1.40907323
0.05646084 26.03116608 -1.40275216
-0.06368031 26.03116608 -1.35214579
-0.15368456 26.03116608 -1.23709941
-0.20189385 26.03116608 -1.19984353
-0.17376684 26.03116608 -1.08592010
-0.11989362 26.03116608 -0.98557854
-0.08653404 26.03116608 -0.87420213
-0.05093547 26.03116608 -0.78645283
-0.02878681 26.03116608 -0.70136464
-0.02758292 26.03116608 -0.61490113
0.01921299 26.03116608 -0.52199745
0.02831037 26.03116608 -0.42264566
0.04650880 26.03116608 -0.34550813
0.06537142 26.03116608 -0.24062656
0.06868642 26.03116608 -0.16770095
0.07532815 26.03116608 -0.06195383
0.10162837 26.03116608 0.02601900
0.12583435 26.03116608 0.09103948
0.15106335 26.03116608 0.15186042
0.18030137 26.03116608 0.23602673
0.19663523 26.03116608 0.29852229
0.21845895 26.03116608 0.38689524
0.21854661 26.03116608 0.44935670
0.23790492 26.03116608 0.56655085
0.31749123 26.03116608 0.68398541
0.39586860 26.03116608 0.69731647
0.46897876 26.03116608 0.65748215
0.54548842 26.03116608 0.62840223
0.62389100 26.03116608 0.66510361
0.84087014 26.03116608 0.69636440
1.85199010 26.03116608 0.64502239
2.09338379 26.03116608 0.02879647
2.24353790 26.03116608 -0.41414714
1.65480018 26.03116608 -1.46350491
