1.23779106 21.62125397 -1.34460866
3.39666295 21.62125397 -0.23881897
2.61107469 21.62125397 0.99296618
-1.14604795 21.62125397 -1.45729887
-1.27800596 21.62125397 0.65512323
-1.68828249 21.62125397 -1.46329558
-2.00666118 21.62125397 0.58568323
-2.20729065 21.62125397 0.58105350
-3.42741489 21.62125397 -1.36579144
-4.00564194 21.62125397 0.29004595
-3.99669623 21.62125397 0.56955022
0.26920688 21.61125946 0.69563615
0.12012052 21.61125946 0.61704928
0.18594819 21.61125946 0.65812320
-0.03701359 21.61125946 0.68549031
-0.12885824 21.61125946 0.67733520
-0.23622209 21.61125946 0.66746747
-0.37436330 21.61125946 0.65530890
-0.50880975 21.61125946 0.63458347
-0.37486026 21.61125946 -1.29595506
-0.27498579 21.61125946 -1.32517123
-0.17343520 21.61125946 -1.33959758
-0.01493644 21.61125946 -1.35561800
0.06816834 21.61125946 -1.36915851
0.20864709 21.61125946 -1.37904429
0.34024009 21.61125946 -1.36722374
0.45104668 21.61125946 -1.36530840
0.61938483 21.61125946 -1.35395241
0.72578210 21.61125946 -1.35645449
0.88298666 21.61125946 -1.35222495
1.00316703 21.61125946 -1.34764206
1.17073178 21.61125946 -1.34635329
1.07583427 21.61125946 -1.34339118
1.29723978 21.61125946 -1.34242606
1.43135595 21.61125946 -1.34685171
1.65729153 21.61125946 -1.37869835
1.53165483 21.61125946 -1.35949874
1.87206304 21.61125946 -1.34833133
1.74691737 21.61125946 -1.36826026
2.15226698 21.61125946 -1.32090378
2.01050854 21.61125946 -1.33431530
2.29707456 21.61125946 -1.26366317
2.66984320 21.61125946 -1.15698850
2.58970952 21.61125946 -1.19405615
2.78527904 21.61125946 -1.08981395
3.03714585 21.61125946 -0.96740681
2.91576433 21.61125946 -1.02748632
3.34992290 21.61125946 -0.72993571
3.36362123 21.61125946 -0.42834070
3.37425947 21.61125946 -0.48876339
3.37182379 21.61125946 -0.09392758
3.36114502 21.61125946 0.31652203
3.35058212 21.61125946 0.19710942
3.21206856 21.61125946 0.57815129
3.21188331 21.61125946 0.49944222
3.15005708 21.61125946 0.89037466
2.99245048 21.61125946 1.01999867
3.07437849 21.61125946 0.97078687
2.34746528 21.61125946 0.98905420
2.53804469 21.61125946 0.98649532
1.62307084 21.61125946 0.76028478
2.00784802 21.61125946 0.91689980
1.51869833 21.61125946 0.76022124
1.28268290 21.61125946 0.73866892
1.35939515 21.61125946 0.72565335
1.19635129 21.61125946 0.72559655
1.02519882 21.61125946 0.71662265
1.12127185 21.61125946 0.72233588
0.94063526 21.61125946 0.71376646
0.80909824 21.61125946 0.66591614
0.87248528 21.61125946 0.68670785
0.73306054 21.61125946 0.70247787
0.64470834 21.61125946 0.71558297
0.48927587 21.61125946 0.71491241
-0.61826342 21.61125946 0.59268695
-0.47466016 21.61125946 -1.36501515
3.31483865 21.61125946 -0.86112154
3.36940360 21.61125946 -0.00043155
0.39603201 21.61125946 0.71590668
-0.94673657 21.61125946 -1.45127869
-1.04243147 21.61125946 0.65686202
-1.23908591 21.61125946 -1.45688033
-1.33763230 21.61125946 0.65235651
-1.33747625 21.61125946 -1.45992625
-1.59120810 21.61125946 0.65224314
-1.50788879 21.61125946 -1.46580386
-1.75716877 21.61125946 0.62008971
-1.58017242 21.61125946 -1.46573126
-1.74792624 21.61125946 -1.46105790
-1.88860059 21.61125946 0.59787869
-1.81447423 21.61125946 -1.45513916
-2.14081955 21.61125946 0.57169515
-2.06973720 21.61125946 -1.41709125
-2.26832700 21.61125946 0.58911616
-2.36108851 21.61125946 0.60277951
-2.52542496 21.61125946 0.60241598
-2.39866090 21.61125946 -1.41622555
-2.64624286 21.61125946 -1.44318950
-2.68745708 21.61125946 0.60134554
-2.81286216 21.61125946 -1.43874598
-2.91282749 21.61125946 0.60886681
-2.92998791 21.61125946 -1.44472992
-3.01538420 21.61125946 0.61231375
-3.10664248 21.61125946 -1.41949236
-3.18372726 21.61125946 0.63837022
-3.22364330 21.61125946 -1.40597796
-3.42052245 21.61125946 0.85206664
-3.30525947 21.61125946 -1.38416874
-3.50103927 21.61125946 -1.35328126
-3.63514829 21.61125946 -1.31429148
-3.59223914 21.61125946 0.89672905
-3.48106575 21.61125946 0.88945949
-3.70557880 21.61125946 0.98150486
-3.78573108 21.61125946 0.93936664
-3.80991483 21.61125946 0.85009754
-3.92127895 21.61125946 -0.87109125
-3.92735004 21.61125946 -0.78440440
-3.91518211 21.61125946 -0.96631396
-3.90879941 21.61125946 -1.06264853
-3.88359857 21.61125946 -1.13157094
-3.79904199 21.61125946 -1.23634231
-3.93618083 21.61125946 -0.70649302
-4.03319216 21.61125946 -0.54230690
-0.53864121 21.61125946 -1.37045562
-0.67786008 21.61125946 0.57850373
-0.60495412 21.61125946 -1.38581431
-0.77821392 21.61125946 0.60564744
-4.02991724 21.61125946 -0.43836349
-4.02712345 21.61125946 -0.35204381
-4.02509260 21.61125946 -0.28566316
-4.02314425 21.61125946 -0.22325574
-4.01763868 21.61125946 -0.05033782
-4.00976467 21.61125946 0.19689292
-4.00461578 21.61125946 0.35925701
-4.00230789 21.61125946 0.42931107
-3.99090338 21.61125946 0.78769380
-3.98725343 21.61125946 0.90053159
