1.01448286 66.08031464 0.67022854
1.95582986 66.08031464 -0.58100873
-0.36266670 66.07032013 -0.55131900
-0.43900844 66.07032013 -0.79834670
-0.43917531 66.07032013 -0.66433489
-0.39135039 66.07032013 -0.85957581
-0.30592385 66.07032013 -0.99115789
-0.35380933 66.07032013 -0.90696669
-0.24212240 66.07032013 -1.13065505
-0.26839688 66.07032013 -1.07663262
-0.21901320 66.07032013 -1.21292567
-0.18297525 66.07032013 -1.28333032
-0.10272948 66.07032013 -1.36225748
0.08032149 66.07032013 -1.46863651
0.19371535 66.07032013 -1.48128676
0.29782245 66.07032013 -1.49240696
0.39540988 66.07032013 -1.50593042
0.48385292 66.07032013 -1.51269495
0.59086543 66.07032013 -1.51629817
0.66779995 66.07032013 -1.51312089
0.73851031 66.07032013 -1.50899017
0.91226286 66.07032013 -1.49540174
0.99324906 66.07032013 -1.50160861
1.10631800 66.07032013 -1.50975454
1.19751441 66.07032013 -1.50726593
1.28615403 66.07032013 -1.50397694
1.38315856 66.07032013 -1.49515128
1.54110682 66.07032013 -1.53304470
1.67287290 66.07032013 -1.52174520
1.80309165 66.07032013 -1.49315977
1.99942160 66.07032013 -1.29608321
2.02009249 66.07032013 -1.19628787
1.99779510 66.07032013 -1.06460917
1.97188354 66.07032013 -0.95294535
1.95018756 66.07032013 -0.84575456
1.94092202 66.07032013 -0.73106885
1.95396960 66.07032013 -0.51114380
1.92313981 66.07032013 -0.33381134
1.92557573 66.07032013 -0.21717413
1.90301836 66.07032013 -0.11921293
1.87651694 66.07032013 -0.03028221
1.85660446 66.07032013 0.14633493
1.76340544 66.07032013 0.32450753
1.69385910 66.07032013 0.44661373
1.66838396 66.07032013 0.50277245
1.60138774 66.07032013 0.54794419
1.40381539 66.07032013 0.64606941
1.30225134 66.07032013 0.65194142
1.20008469 66.07032013 0.65767419
1.13693035 66.07032013 0.65332425
0.86305821 66.07032013 0.66708314
0.79564434 66.07032013 0.64370394
0.68390495 66.07032013 0.62336940
0.54446644 66.07032013 0.55171615
0.49204886 66.07032013 0.52094567
0.36351544 66.07032013 0.46843314
0.42272830 66.07032013 0.49572903
0.26169384 66.07032013 0.41798791
0.12568629 66.07032013 0.32791522
0.01693770 66.07032013 0.21378176
0.07091841 66.07032013 0.24689719
-0.00339265 66.07032013 0.14425568
-0.04218910 66.07032013 0.08453430
-0.07982820 66.07032013 0.00210217
-0.14290369 66.07032013 -0.10984975
-0.24447764 66.07032013 -0.27951679
-0.27459890 66.07032013 -0.37082276
-0.34582847 66.07032013 -0.47530848
-0.30627659 66.07032013 -0.42282480
0.94076467 66.07032013 0.68350345
0.60293740 66.07032013 0.57813960
-0.17156829 66.07032013 -0.21098158
-0.43325669 66.07032013 -0.60013288
-0.03512125 66.07032013 -1.44870436
0.81758618 66.07032013 -1.50450802
1.95319092 66.07032013 -1.48209572
1.82967365 66.07032013 0.25365865
1.46536899 66.07032013 0.59658843
