0.61977273 -5.41817474 0.68157941
0.49379256 -5.41817474 0.57564718
0.25424910 -5.41817474 0.52165210
0.17212738 -5.41817474 0.18407674
0.02431900 -5.41817474 -0.17065042
-0.11482216 -5.41817474 -0.65822989
-0.20405453 -5.41817474 -1.22398710
2.11723208 -5.41817474 -1.09466517
1.58013022 -5.41817474 0.58315885
1.04240406 -5.42816925 0.69505292
0.94920510 -5.42816925 0.71126330
0.87858361 -5.42816925 0.72418177
0.77094245 -5.42816925 0.76473296
0.68926984 -5.42816925 0.72631842
0.55378264 -5.42816925 0.64246613
0.45105568 -5.42816925 0.53459167
0.32946712 -5.42816925 0.52885568
0.20168982 -5.42816925 0.47406024
0.18724324 -5.42816925 0.41476482
0.19688480 -5.42816925 0.28636724
0.14835617 -5.42816925 0.12294843
0.09251005 -5.42816925 0.03596547
0.10696089 -5.42816925 -0.05460002
-0.00043624 -5.42816925 -0.23255473
-0.01602905 -5.42816925 -0.33789191
-0.07384186 -5.42816925 -0.47217867
-0.14285818 -5.42816925 -0.72451788
-0.23111151 -5.42816925 -0.88151234
-0.23621032 -5.42816925 -0.99345100
-0.15822354 -5.42816925 -1.26350451
-0.05071794 -5.42816925 -1.30494559
0.11437330 -5.42816925 -1.32748914
0.28751150 -5.42816925 -1.32672715
0.55642325 -5.42816925 -1.30345964
0.64868909 -5.42816925 -1.30074382
0.81330985 -5.42816925 -1.28833234
0.91852427 -5.42816925 -1.28004611
1.02878559 -5.42816925 -1.26779556
1.15771914 -5.42816925 -1.26093388
1.25336599 -5.42816925 -1.25232947
1.36238754 -5.42816925 -1.23981142
1.52855158 -5.42816925 -1.21786129
1.60733533 -5.42816925 -1.21520531
1.68232644 -5.42816925 -1.20467651
1.88942063 -5.42816925 -1.17921472
1.92089927 -5.42816925 -1.11108637
2.20067358 -5.42816925 -0.79913449
2.21562266 -5.42816925 -0.56804574
2.23819780 -5.42816925 -0.42541820
2.26606154 -5.42816925 -0.33878145
2.24584627 -5.42816925 -0.13867347
2.21556282 -5.42816925 -0.03109332
2.18665838 -5.42816925 0.04826947
2.14900756 -5.42816925 0.14723481
2.08745027 -5.42816925 0.21491416
2.00224733 -5.42816925 0.47536701
1.93503857 -5.42816925 0.54472303
1.83450198 -5.42816925 0.56777900
1.68317842 -5.42816925 0.52972925
1.65468323 -5.42816925 0.61055309
1.52131701 -5.42816925 0.56088799
1.45444727 -5.42816925 0.58074635
1.34670782 -5.42816925 0.61300021
1.21670365 -5.42816925 0.69648635
1.10348177 -5.42816925 0.69320160
-0.08732820 -5.42816925 -0.56386489
-0.27327377 -5.42816925 -1.17723262
0.71815240 -5.42816925 -1.30039155
1.92023349 -5.42816925 -1.04920447
2.18772006 -5.42816925 -1.10139012
2.20289135 -5.42816925 -0.92949361
2.23782492 -5.42816925 -0.63577300
2.26606154 -5.42816925 -0.24580850
2.11612248 -5.42816925 0.42775550
2.08921671 -5.42816925 0.50001347
1.28206182 -5.42816925 0.70078015
