2.99806786 6.28157806 -1.01521087
2.96360970 6.28157806 -1.20361841
0.28130767 6.28157806 -0.47462261
0.23072268 6.28157806 -0.12658451
0.25538251 6.28157806 0.23228888
0.42428762 6.28157806 0.31139526
1.54248691 6.27158356 0.67147529
1.25929856 6.27158356 0.69187862
1.16082120 6.27158356 0.65474623
1.02845228 6.27158356 0.62710565
0.93462110 6.27158356 0.58830267
0.78373700 6.27158356 0.54343146
0.64136982 6.27158356 0.47164792
0.58176494 6.27158356 0.41510421
0.52148825 6.27158356 0.34059379
0.33388093 6.27158356 0.28241530
0.20238784 6.27158356 0.19711414
0.22918715 6.27158356 0.11508191
0.27227470 6.27158356 0.00993301
0.21144080 6.27158356 -0.21569043
0.23149382 6.27158356 -0.28745976
0.24173509 6.27158356 -0.35398036
0.30241725 6.27158356 -0.54973567
0.31670606 6.27158356 -0.69282430
0.26887050 6.27158356 -0.95520687
0.26789555 6.27158356 -1.12438285
0.27437398 6.27158356 -1.24716163
0.41615170 6.27158356 -1.33833444
0.55538511 6.27158356 -1.37966216
0.76588088 6.27158356 -1.36073399
0.89831996 6.27158356 -1.37293255
1.00554216 6.27158356 -1.37482131
1.17191792 6.27158356 -1.37958682
1.27105284 6.27158356 -1.38351095
1.33507967 6.27158356 -1.38496315
1.44461071 6.27158356 -1.38170409
1.59881258 6.27158356 -1.34578264
1.71648550 6.27158356 -1.34886813
1.81379247 6.27158356 -1.35655427
1.87930894 6.27158356 -1.35824978
1.99778497 6.27158356 -1.35232699
2.10412931 6.27158356 -1.34658635
2.27010441 6.27158356 -1.34743059
2.39887643 6.27158356 -1.35288417
2.56424427 6.27158356 -1.36005425
2.73786330 6.27158356 -1.34992206
2.91383457 6.27158356 -1.32109618
2.97843361 6.27158356 -1.29068685
2.95071030 6.27158356 -1.14347005
3.04296088 6.27158356 -0.90166897
3.07950950 6.27158356 -0.85252267
3.04076791 6.27158356 -0.73633224
3.04553771 6.27158356 -0.46773776
3.02936101 6.27158356 -0.34037563
3.05981636 6.27158356 -0.58542937
0.29341713 6.27158356 -0.80435389
1.89405537 6.27158356 0.73442751
2.08862400 6.27158356 0.67976415
2.18247032 6.27158356 0.65476948
2.28316712 6.27158356 0.66101480
2.42104101 6.27158356 0.61634690
2.50287461 6.27158356 0.55508864
2.58317566 6.27158356 0.48508713
2.71206069 6.27158356 0.39047015
2.82896805 6.27158356 0.17990482
2.88847518 6.27158356 0.00971334
2.93942714 6.27158356 -0.09040020
2.99387074 6.27158356 -0.21559998
1.68774688 6.27158356 0.70964390
1.80497336 6.27158356 0.71840972
2.75273967 6.27158356 0.31007671
1.39111304 6.27441406 0.67382813
