1.85523164 -25.70774078 0.68934065
1.93329239 -25.70774078 0.70047933
2.01980853 -25.70774078 0.61854714
2.10065031 -25.70774078 0.53088140
2.23743629 -25.70774078 0.39481744
2.40290928 -25.70774078 0.37438837
2.43769002 -25.70774078 0.29532093
2.52020884 -25.70774078 0.12880912
2.53130651 -25.70774078 0.04935511
2.60501814 -25.70774078 -0.18015842
2.68987465 -25.70774078 -0.29812199
2.63081932 -25.70774078 -0.43550587
2.66890669 -25.70774078 -0.55725789
2.67464423 -25.70774078 -0.68749392
2.66727090 -25.70774078 -0.85743493
2.66175961 -25.70774078 -1.02712429
2.64444256 -25.70774078 -1.13015807
2.65316439 -25.70774078 -1.21897149
2.60958028 -25.70774078 -1.26113963
2.49291801 -25.70774078 -1.34829903
2.33343935 -25.70774078 -1.39994574
2.17152572 -25.70774078 -1.42619622
2.02123189 -25.70774078 -1.41456020
1.91943812 -25.70774078 -1.41856945
1.80092859 -25.70774078 -1.42377841
1.70708334 -25.70774078 -1.41923666
1.58565438 -25.70774078 -1.42426598
1.51331699 -25.70774078 -1.42936563
1.44807041 -25.70774078 -1.42863142
1.36966169 -25.70774078 -1.43190765
1.24436009 -25.70774078 -1.42835438
1.14384508 -25.70774078 -1.43158925
1.06861925 -25.70774078 -1.44486737
1.00339901 -25.70774078 -1.44334888
0.92136765 -25.70774078 -1.44484246
0.84750211 -25.70774078 -1.44574070
0.75193614 -25.70774078 -1.44246387
0.62326658 -25.70774078 -1.45779681
0.49546602 -25.70774078 -1.47095084
0.33873522 -25.70774078 -1.46572363
0.18588343 -25.70774078 -1.44738305
0.07483809 -25.70774078 -1.37671995
0.06830866 -25.70774078 -1.24529612
0.05209254 -25.70774078 -1.10254335
0.01300776 -25.70774078 -0.99126965
0.02376391 -25.70774078 -0.89667243
0.02119079 -25.70774078 -0.72060156
0.06231651 -25.70774078 -0.55791628
0.11937267 -25.70774078 -0.37199768
0.11117723 -25.70774078 -0.25103098
0.13631828 -25.70774078 -0.13764769
0.17281085 -25.70774078 -0.02767026
0.13933575 -25.70774078 0.14418873
0.15400937 -25.70774078 0.29337302
0.14889492 -25.70774078 0.39560127
0.24981645 -25.70774078 0.52994609
0.32496461 -25.70774078 0.52932608
0.50357825 -25.70774078 0.52912259
0.71161193 -25.70774078 0.65321088
1.63048697 -25.70774078 0.70519000
