1.80357146 -41.55741119 0.56787407
1.51874566 -41.56740570 0.60614014
1.58663785 -41.56740570 0.58543515
1.74803984 -41.56740570 0.59180403
1.88666213 -41.56740570 0.58795214
1.98576820 -41.56740570 0.56979620
2.05908203 -41.56740570 0.54066521
2.21342778 -41.56740570 0.51987016
2.28386760 -41.56740570 0.41828567
2.36177373 -41.56740570 0.35258391
2.49829459 -41.56740570 0.23783565
2.52548981 -41.56740570 0.17951998
2.52740335 -41.56740570 0.11723212
2.53479505 -41.56740570 -0.02264483
2.54999137 -41.56740570 -0.09324985
2.55246949 -41.56740570 -0.15531503
2.59055471 -41.56740570 -0.34143341
2.61172128 -41.56740570 -0.40003473
2.57339859 -41.56740570 -0.45847791
2.56965971 -41.56740570 -0.59452760
2.57122636 -41.56740570 -0.66283661
2.59540987 -41.56740570 -0.85288465
2.58372784 -41.56740570 -0.97239459
2.48629785 -41.56740570 -1.08621228
2.47114778 -41.56740570 -1.14842892
2.45211267 -41.56740570 -1.26443243
2.42964983 -41.56740570 -1.34128773
2.34067440 -41.56740570 -1.38073826
2.26567388 -41.56740570 -1.41079760
2.12087083 -41.56740570 -1.41117167
1.98156202 -41.56740570 -1.41511297
1.85584152 -41.56740570 -1.41881382
1.76062179 -41.56740570 -1.42165864
1.68762302 -41.56740570 -1.42309582
1.56658292 -41.56740570 -1.40452063
1.50381327 -41.56740570 -1.43359399
1.38103259 -41.56740570 -1.43446505
1.31801713 -41.56740570 -1.43729246
1.19372737 -41.56740570 -1.43970764
1.13087761 -41.56740570 -1.43155599
1.00611019 -41.56740570 -1.42602205
0.88289148 -41.56740570 -1.42495441
0.75841463 -41.56740570 -1.43157792
0.61831093 -41.56740570 -1.43497169
0.48661786 -41.56740570 -1.41057158
0.42804518 -41.56740570 -1.37546039
0.40810049 -41.56740570 -1.30372787
0.33975425 -41.56740570 -1.18738592
0.31076393 -41.56740570 -1.08998740
0.33139274 -41.56740570 -0.98845047
0.26182407 -41.56740570 -0.81326348
0.20376457 -41.56740570 -0.60778284
0.17568782 -41.56740570 -0.53442508
0.17396921 -41.56740570 -0.28470629
0.18042935 -41.56740570 -0.20039836
0.18652609 -41.56740570 -0.12457846
0.22253412 -41.56740570 0.05688723
0.24060902 -41.56740570 0.18975192
0.27215162 -41.56740570 0.29646209
0.32849306 -41.56740570 0.32799062
0.42365837 -41.56740570 0.37160882
0.56425649 -41.56740570 0.51400805
0.70958692 -41.56740570 0.50562048
0.83798772 -41.56740570 0.53946191
0.93477446 -41.56740570 0.55883789
1.06254518 -41.56740570 0.59137225
1.14092457 -41.56740570 0.60749012
1.23736870 -41.56740570 0.61723030
1.32912421 -41.56740570 0.60206425
1.45162225 -41.56740570 0.61460751
0.19159870 -41.56740570 -0.45662102
