0.42598578 9.14151764 0.41514945
0.80609524 9.14151764 0.56583065
0.94239205 9.14151764 0.55550516
1.98727703 9.13152313 0.35744366
2.05414152 9.13152313 0.25802970
2.18261027 9.13152313 0.12337749
2.26313972 9.13152313 0.05535140
2.32068610 9.13152313 0.01509413
2.39710188 9.13152313 -0.05738747
2.45786715 9.13152313 -0.12022012
2.53929257 9.13152313 -0.23537120
2.58895254 9.13152313 -0.31276715
2.58806205 9.13152313 -0.46804371
2.59645486 9.13152313 -0.52957803
2.60892868 9.13152313 -0.70008081
2.63921857 9.13152313 -0.80325782
2.65157008 9.13152313 -0.92334247
2.65406179 9.13152313 -1.00192142
2.63497543 9.13152313 -1.15212047
2.63209748 9.13152313 -1.26220727
2.52578688 9.13152313 -1.36810064
2.44986749 9.13152313 -1.37594283
2.24536777 9.13152313 -1.36742544
2.13426208 9.13152313 -1.37569892
2.05054617 9.13152313 -1.40460551
1.95710707 9.13152313 -1.41451097
1.86353207 9.13152313 -1.42411029
1.75508165 9.13152313 -1.42886901
1.64241326 9.13152313 -1.42221391
1.44164598 9.13152313 -1.42729664
1.35083699 9.13152313 -1.42539012
1.26064646 9.13152313 -1.42594063
1.19083130 9.13152313 -1.42324293
1.12732768 9.13152313 -1.42301655
1.05993092 9.13152313 -1.39588308
0.99415064 9.13152313 -1.38125956
0.91237903 9.13152313 -1.38033307
0.81010020 9.13152313 -1.37082279
0.74723709 9.13152313 -1.36577582
0.67773765 9.13152313 -1.36194968
0.60319370 9.13152313 -1.35252941
0.47873566 9.13152313 -1.33224869
0.39537731 9.13152313 -1.19572341
0.40549776 9.13152313 -1.13429773
0.38695118 9.13152313 -1.03039372
0.38074294 9.13152313 -0.95808238
0.36683393 9.13152313 -0.87218457
0.31463850 9.13152313 -0.69005293
0.30937913 9.13152313 -0.61533171
0.31620440 9.13152313 -0.54040653
0.29688501 9.13152313 -0.45409182
0.29990366 9.13152313 -0.38782576
0.29782826 9.13152313 -0.28536823
0.31208718 9.13152313 -0.21940979
0.32917204 9.13152313 -0.10511415
0.32976022 9.13152313 -0.04255333
0.34468779 9.13152313 0.01657294
0.34966305 9.13152313 0.07950174
0.34755608 9.13152313 0.15690070
0.37510476 9.13152313 0.27464813
0.40184367 9.13152313 0.34682351
0.47248194 9.13152313 0.52504867
0.60129362 9.13152313 0.54520881
0.66018146 9.13152313 0.56363142
0.74366891 9.13152313 0.55595970
0.87862897 9.13152313 0.55845213
1.08394837 9.13152313 0.55456173
1.15672839 9.13152313 0.57774574
1.27506709 9.13152313 0.56760108
1.37569964 9.13152313 0.55462128
1.56109500 9.13152313 0.53230822
1.62977636 9.13152313 0.51289952
1.69774330 9.13152313 0.49291384
1.84427440 9.13152313 0.44897297
1.93630755 9.13152313 0.39476115
2.59728622 9.13152313 -1.32079804
1.52686512 9.13152313 -1.41631460
0.54330361 9.13152313 -1.34346616
0.41606849 9.13152313 -1.29246497
0.34198281 9.13152313 -0.77766323
1.02050364 9.13152313 0.55471349
1.49316704 9.13152313 0.53215307
