2.41287899 -9.57808685 -0.01408779
0.42250523 -9.57808685 -1.33126974
2.14873314 -9.57808685 0.27062154
1.29061711 -9.58808136 0.50829846
1.39852381 -9.58808136 0.48874810
1.47843730 -9.58808136 0.45894048
1.59858048 -9.58808136 0.46367869
1.65369320 -9.58808136 0.43682805
1.71678591 -9.58808136 0.40202266
1.80777216 -9.58808136 0.38910511
1.90709031 -9.58808136 0.34442919
2.02275681 -9.58808136 0.31930879
2.08645821 -9.58808136 0.28992775
2.32503200 -9.58808136 0.13591695
2.36687303 -9.58808136 0.06097840
2.43075967 -9.58808136 -0.07113790
2.44730353 -9.58808136 -0.17212506
2.49269962 -9.58808136 -0.26620698
2.54295826 -9.58808136 -0.36892137
2.51841092 -9.58808136 -0.43628407
2.48831701 -9.58808136 -0.50278443
2.49518013 -9.58808136 -0.57839161
2.50044608 -9.58808136 -0.66865826
2.47410369 -9.58808136 -0.72274756
2.45197487 -9.58808136 -0.83438504
2.44464636 -9.58808136 -0.91800475
2.42396307 -9.58808136 -0.98322046
2.44325209 -9.58808136 -1.04425454
2.44762635 -9.58808136 -1.12437940
2.43399811 -9.58808136 -1.25826478
2.38927007 -9.58808136 -1.30334353
2.29512978 -9.58808136 -1.35221732
2.17885160 -9.58808136 -1.38836122
2.06594729 -9.58808136 -1.41094112
1.95029938 -9.58808136 -1.41548061
1.85962939 -9.58808136 -1.41663373
1.77432871 -9.58808136 -1.42071009
1.68572152 -9.58808136 -1.41981256
1.60004747 -9.58808136 -1.41824687
1.48854685 -9.58808136 -1.40086269
1.39938784 -9.58808136 -1.40526700
1.31508338 -9.58808136 -1.40277743
1.20572925 -9.58808136 -1.39929104
1.12459457 -9.58808136 -1.38716817
1.05275667 -9.58808136 -1.38912082
0.98324436 -9.58808136 -1.39504123
0.90583223 -9.58808136 -1.39234221
0.82533681 -9.58808136 -1.38661826
0.73176229 -9.58808136 -1.38050258
0.62005222 -9.58808136 -1.37219322
0.50454432 -9.58808136 -1.34868658
0.36197135 -9.58808136 -1.32104623
0.28584278 -9.58808136 -1.29080117
0.18281537 -9.58808136 -1.11975563
0.20094104 -9.58808136 -1.05217147
0.16320187 -9.58808136 -0.89702845
0.19169310 -9.58808136 -0.83518338
0.17042515 -9.58808136 -0.76963478
0.14754264 -9.58808136 -0.69374317
0.14759025 -9.58808136 -0.60325360
0.16708872 -9.58808136 -0.52981484
0.18377058 -9.58808136 -0.44308394
0.22592437 -9.58808136 -0.34196609
0.28790018 -9.58808136 -0.24669147
0.35488155 -9.58808136 -0.16083348
0.39751506 -9.58808136 -0.09560223
0.39649168 -9.58808136 -0.03468760
0.43944463 -9.58808136 0.07262983
0.48240474 -9.58808136 0.15824476
0.56486750 -9.58808136 0.22997381
0.65569508 -9.58808136 0.28302497
0.74588484 -9.58808136 0.34741986
0.83425087 -9.58808136 0.36240485
0.91227537 -9.58808136 0.38674620
1.01718616 -9.58808136 0.44886711
1.22777212 -9.58808136 0.50435609
0.22255844 -9.58808136 -1.25311291
1.11025643 -9.58808136 0.48525789
