0.72258526 -52.73717499 0.63601339
0.27768442 -52.74716949 -0.63857228
0.26304156 -52.74716949 -0.78453088
0.26057163 -52.74716949 -0.89866179
0.25328529 -52.74716949 -0.99145967
0.19934316 -52.74716949 -1.11638916
0.17267697 -52.74716949 -1.25740206
0.33973101 -52.74716949 -1.37359953
0.45806214 -52.74716949 -1.39227855
0.56258678 -52.74716949 -1.40920794
0.66533226 -52.74716949 -1.41694415
0.73667568 -52.74716949 -1.42475367
0.82186919 -52.74716949 -1.43656778
0.90953058 -52.74716949 -1.44011950
0.98940349 -52.74716949 -1.43683469
1.09073544 -52.74716949 -1.44610262
1.20204699 -52.74716949 -1.45104837
1.31321669 -52.74716949 -1.44446802
1.39890707 -52.74716949 -1.44016659
1.47900057 -52.74716949 -1.43371987
1.60559702 -52.74716949 -1.41762543
1.70798492 -52.74716949 -1.41576624
1.81128883 -52.74716949 -1.41619778
1.91955209 -52.74716949 -1.40513945
2.06956458 -52.74716949 -1.41881704
2.24302697 -52.74716949 -1.42527306
2.38518405 -52.74716949 -1.38251173
2.46282506 -52.74716949 -1.32771921
2.40863061 -52.74716949 -1.25540137
2.40510249 -52.74716949 -1.11927998
2.35901761 -52.74716949 -0.97549003
2.37966037 -52.74716949 -0.80286086
2.38894534 -52.74716949 -0.88044721
2.30305958 -52.74716949 -0.65255612
2.34029341 -52.74716949 -0.52651387
2.31621099 -52.74716949 -0.39765221
2.32754016 -52.74716949 -0.29285419
2.26372147 -52.74716949 -0.19793075
2.28762603 -52.74716949 -0.09884375
2.28534079 -52.74716949 0.05253180
2.28038526 -52.74716949 -0.03646288
2.25154591 -52.74716949 0.14572002
2.21441555 -52.74716949 0.27756017
2.18024087 -52.74716949 0.37481192
2.14882112 -52.74716949 0.42645273
2.12970757 -52.74716949 0.49556702
2.02503181 -52.74716949 0.58692026
1.90278459 -52.74716949 0.59733695
1.78099680 -52.74716949 0.61048418
1.63508356 -52.74716949 0.64299613
1.40795791 -52.74716949 0.65338761
1.55375016 -52.74716949 0.62963396
1.27348363 -52.74716949 0.67958903
1.04347134 -52.74716949 0.72339988
1.14109683 -52.74716949 0.71537435
0.96547157 -52.74716949 0.71272963
0.86342257 -52.74716949 0.67591244
0.60772395 -52.74716949 0.58801347
0.66258729 -52.74716949 0.61745209
0.48788837 -52.74716949 0.56597245
0.41619420 -52.74716949 0.48544124
0.32872272 -52.74716949 0.25141215
0.35465360 -52.74716949 0.35993809
0.30517843 -52.74716949 0.19538338
0.27229396 -52.74716949 -0.03074770
0.29504716 -52.74716949 0.06520347
0.28661576 -52.74716949 -0.13410763
0.26448929 -52.74716949 -0.22574656
0.29795846 -52.74716949 -0.33110663
0.29023287 -52.74716949 -0.54557091
0.30580032 -52.74716949 -0.43089688
0.25347859 -52.74716949 -1.31752312
0.25203812 -52.74716949 -0.71274030
