0.63165909 84.53992462 0.57809526
1.11565077 84.53992462 -1.55372262
0.06870837 84.53992462 -1.61625111
-0.26750231 84.53992462 -0.13563953
0.57295096 84.52993011 0.56942260
0.71240431 84.52993011 0.60438681
0.82277840 84.52993011 0.62868208
0.90668648 84.52993011 0.64693016
0.97014177 84.52993011 0.68733257
1.03005731 84.52993011 0.72023606
1.09241557 84.52993011 0.73075509
1.21149111 84.52993011 0.76141959
1.29475784 84.52993011 0.76461160
1.41536450 84.52993011 0.76238233
1.49064744 84.52993011 0.75187242
1.57761908 84.52993011 0.76426107
1.65475023 84.52993011 0.75040257
1.72273433 84.52993011 0.75690901
1.85817707 84.52993011 0.74768472
1.93109798 84.52993011 0.68039030
1.98075294 84.52993011 0.57276428
1.99940562 84.52993011 0.50888532
2.02922583 84.52993011 0.43143862
2.03899193 84.52993011 0.36765012
2.07416368 84.52993011 0.20998460
2.10442996 84.52993011 0.09957279
2.14558053 84.52993011 -0.05698645
2.16940308 84.52993011 -0.16548888
2.19717932 84.52993011 -0.25101003
2.19799972 84.52993011 -0.37890428
2.18135142 84.52993011 -0.46450499
2.16722417 84.52993011 -0.60206628
2.19205189 84.52993011 -0.69893026
2.18714118 84.52993011 -0.82356513
2.18010283 84.52993011 -0.89527428
2.14028358 84.52993011 -0.96317995
2.08645606 84.52993011 -1.07527435
2.11042285 84.52993011 -1.16506195
2.09720683 84.52993011 -1.24357665
2.07857800 84.52993011 -1.41448331
2.09300780 84.52993011 -1.50630128
2.01433825 84.52993011 -1.53127873
1.91522992 84.52993011 -1.57460046
1.82620442 84.52993011 -1.58406186
1.72872603 84.52993011 -1.59503269
1.64089906 84.52993011 -1.60054421
1.52551877 84.52993011 -1.60028040
1.42763090 84.52993011 -1.59617078
1.31058741 84.52993011 -1.60095847
1.22386897 84.52993011 -1.59915650
1.15649450 84.52993011 -1.59811401
1.02486932 84.52993011 -1.59910119
0.96407771 84.52993011 -1.60044646
0.88882804 84.52993011 -1.60052824
0.82572210 84.52993011 -1.58577478
0.75481170 84.52993011 -1.58565176
0.67618209 84.52993011 -1.57098901
0.45233372 84.52993011 -1.56812823
0.35325128 84.52993011 -1.56517828
0.24801762 84.52993011 -1.55418515
0.14220591 84.52993011 -1.56784832
0.01816803 84.52993011 -1.58252680
-0.08334732 84.52993011 -1.48997188
-0.18335842 84.52993011 -1.41829121
-0.24561653 84.52993011 -1.40007484
-0.28435880 84.52993011 -1.33477187
-0.29902729 84.52993011 -1.24451470
-0.33551237 84.52993011 -1.16097748
-0.37464356 84.52993011 -1.02529681
-0.36412868 84.52993011 -0.93778241
-0.33026817 84.52993011 -0.82142180
-0.34138352 84.52993011 -0.69981527
-0.34630877 84.52993011 -0.56943202
-0.34235051 84.52993011 -0.45842487
-0.33267054 84.52993011 -0.35629731
-0.30652949 84.52993011 -0.27654415
-0.28032061 84.52993011 -0.19417213
-0.24480905 84.52993011 -0.06271398
-0.19889283 84.52993011 0.04782524
-0.16448216 84.52993011 0.10259984
-0.08342022 84.52993011 0.16492558
0.00085412 84.52993011 0.25030860
0.05580580 84.52993011 0.30424497
0.11903939 84.52993011 0.34777537
0.23965311 84.52993011 0.44713530
0.35371855 84.52993011 0.44513041
0.45354494 84.52993011 0.49048162
0.49810407 84.52993011 0.55115855
0.54755241 84.52993011 -1.56498992
2.07251501 84.52993011 -1.31661308
2.05111623 84.52993011 0.28114519
0.20392315 84.52993011 0.38276887
