-0.04144304 11.22147369 -0.31537133
1.74272394 11.21147919 0.47737637
1.89725482 11.21147919 0.36749205
1.93986070 11.21147919 0.27938461
2.08900952 11.21147919 0.04209378
2.14466929 11.21147919 -0.02356277
2.35232329 11.21147919 -0.26887923
2.45163608 11.21147919 -0.33757582
2.57902241 11.21147919 -0.49451521
2.65374756 11.21147919 -0.61900878
2.71801615 11.21147919 -0.80355388
2.76630068 11.21147919 -1.02648139
2.70332742 11.21147919 -1.20132208
2.61244273 11.21147919 -1.34115434
2.50458336 11.21147919 -1.36484635
2.26693416 11.21147919 -1.40717864
2.05247569 11.21147919 -1.42126465
1.87716424 11.21147919 -1.42874050
1.73018551 11.21147919 -1.44228637
1.58049214 11.21147919 -1.42670333
1.48593390 11.21147919 -1.42253375
1.40208435 11.21147919 -1.42885816
1.33246481 11.21147919 -1.42692530
1.25168073 11.21147919 -1.42772841
1.18649626 11.21147919 -1.42878079
1.12386465 11.21147919 -1.41407418
1.01625848 11.21147919 -1.41152263
0.92919487 11.21147919 -1.41918910
0.86567211 11.21147919 -1.41787815
0.79630589 11.21147919 -1.41405094
0.71504718 11.21147919 -1.41104829
0.63857657 11.21147919 -1.40527296
0.55645382 11.21147919 -1.39772868
0.46108982 11.21147919 -1.39384067
0.35040832 11.21147919 -1.40107024
0.21976928 11.21147919 -1.38556612
0.12247689 11.21147919 -1.33816886
0.09197090 11.21147919 -1.23233187
0.06886578 11.21147919 -1.10181057
0.05240812 11.21147919 -1.02347147
0.04262305 11.21147919 -0.96263480
0.01200407 11.21147919 -0.90755218
-0.02990495 11.21147919 -0.80139637
-0.04243680 11.21147919 -0.73861045
-0.05817790 11.21147919 -0.64971352
-0.08071935 11.21147919 -0.54103452
-0.05686196 11.21147919 -0.38106126
0.01592299 11.21147919 -0.23397635
0.01754615 11.21147919 -0.16388842
0.03480202 11.21147919 -0.07638409
0.07711394 11.21147919 0.11990178
0.11089057 11.21147919 0.22444773
0.19239058 11.21147919 0.33507988
0.23256084 11.21147919 0.45165488
0.34476304 11.21147919 0.48653913
0.50746769 11.21147919 0.51990503
0.64456111 11.21147919 0.54778355
0.78537601 11.21147919 0.56426948
0.93231165 11.21147919 0.58933783
1.02269256 11.21147919 0.59839648
1.21217728 11.21147919 0.57518387
1.32330120 11.21147919 0.58651161
1.54227972 11.21147919 0.54186797
1.68370366 11.21147919 0.50184333
1.99694407 11.21147919 0.17804667
2.03956747 11.21147919 0.13208149
2.23613238 11.21147919 -0.16800037
2.75337934 11.21147919 -0.93556535
0.27814299 11.21147919 -1.40156102
-0.09865414 11.21147919 -0.45971358
0.06243649 11.21147919 0.02746260
0.44235656 11.21147919 0.52885973
1.45901561 11.21147919 0.56542486
