0.50904292 72.32018280 -1.55709827
0.06102199 72.32018280 -1.40301263
0.04176388 72.32018280 -1.22434974
0.01479979 72.32018280 -1.05186129
-0.01195170 72.32018280 -0.86340815
-0.05838300 72.32018280 -0.64157403
-0.10640974 72.32018280 -0.06547980
-0.07989196 72.32018280 0.14107698
-0.06838276 72.32018280 0.59640139
1.02639079 72.32018280 -1.56357229
0.76613593 72.32018280 0.71507239
0.71331382 72.31018829 -1.56038284
0.58104199 72.31018829 -1.56103504
0.40096495 72.31018829 -1.55045652
0.27263585 72.31018829 -1.53598714
0.15281287 72.31018829 -1.50721562
0.07429899 72.31018829 -1.46201205
0.04935866 72.31018829 -1.29054856
0.02144834 72.31018829 -1.11380959
0.00257525 72.31018829 -0.95100117
-0.03015199 72.31018829 -0.70763403
-0.08946564 72.31018829 -0.57688159
-0.12465485 72.31018829 -0.45921326
-0.12412424 72.31018829 -0.36041778
-0.06499883 72.31018829 -0.24283996
-0.11700300 72.31018829 -0.14391142
-0.08095534 72.31018829 0.03584823
-0.07278461 72.31018829 0.22544882
-0.02879992 72.31018829 0.49039248
-0.10461722 72.31018829 0.67446256
-0.10536820 72.31018829 0.74021900
-0.10201763 72.31018829 0.85274374
0.06507976 72.31018829 0.83812737
0.24250427 72.31018829 0.81578970
0.96468610 72.31018829 -1.56753683
-0.07707963 72.31018829 0.33292884
0.30268627 72.31018829 0.80787355
1.49055338 72.31018829 0.67675716
1.69469953 72.31018829 0.65143901
1.77639794 72.31018829 0.62885606
1.79895151 72.31018829 0.52016234
1.83434415 72.31018829 0.43673587
1.88874543 72.31018829 0.32093129
1.91322660 72.31018829 0.21939270
1.93385553 72.31018829 0.11663161
1.93887734 72.31018829 0.05413032
1.95727885 72.31018829 -0.06163987
1.95461702 72.31018829 -0.15367486
1.99216568 72.31018829 -0.24623857
2.04400015 72.31018829 -0.37332609
2.09153438 72.31018829 -0.49873766
2.21829343 72.31018829 -0.68656337
2.21770716 72.31018829 -0.85529530
2.19383001 72.31018829 -1.00376618
2.19069648 72.31018829 -1.18847704
2.18844032 72.31018829 -1.37558973
2.14617753 72.31018829 -1.43276632
2.00095272 72.31018829 -1.51053417
1.86758149 72.31018829 -1.54250181
1.71108639 72.31018829 -1.56015921
1.56793845 72.31018829 -1.57088733
1.40150702 72.31018829 -1.54578805
1.23983181 72.31018829 -1.54788041
0.48354301 72.31018829 0.77219409
0.60626191 72.31018829 0.72846800
0.70302916 72.31018829 0.71892500
0.82643712 72.31018829 0.70814157
0.90287745 72.31018829 0.73703605
0.97687799 72.31018829 0.72941959
1.06243908 72.31018829 0.72226256
1.09663630 72.31018829 0.63318181
1.16114175 72.31018829 0.63146949
1.22952199 72.31018829 0.64951235
1.29761398 72.31018829 0.66174567
1.37492788 72.31018829 0.68008834
