1.28845263 -16.85793304 -1.42558980
1.25208247 -16.85793304 0.75456548
1.54034495 -16.86792755 0.82993323
1.75881183 -16.86792755 0.77836251
1.90052378 -16.86792755 0.78938115
1.98534453 -16.86792755 0.77026021
2.26107168 -16.86792755 0.56974906
2.33323240 -16.86792755 0.47770396
2.47830915 -16.86792755 0.25902039
2.62841797 -16.86792755 0.08221952
2.68852997 -16.86792755 -0.06781135
2.73995662 -16.86792755 -0.25402418
2.77321100 -16.86792755 -0.37040561
2.75271630 -16.86792755 -0.46669635
2.71236110 -16.86792755 -0.58504206
2.67821050 -16.86792755 -0.70564622
2.62051392 -16.86792755 -0.83196646
2.60583258 -16.86792755 -0.93971622
2.55623269 -16.86792755 -1.04080510
2.51827502 -16.86792755 -1.14840734
2.46360946 -16.86792755 -1.29283154
2.42163253 -16.86792755 -1.33828652
2.33735704 -16.86792755 -1.41245794
2.22941947 -16.86792755 -1.43953562
2.11370039 -16.86792755 -1.43540573
1.98598623 -16.86792755 -1.43886721
1.89052260 -16.86792755 -1.44059920
1.81968582 -16.86792755 -1.43638575
1.73908842 -16.86792755 -1.43855405
1.66254079 -16.86792755 -1.43486178
1.59286702 -16.86792755 -1.42245758
1.52428997 -16.86792755 -1.42488921
1.46210766 -16.86792755 -1.43040669
1.36542082 -16.86792755 -1.42882037
1.22609556 -16.86792755 -1.42522407
1.16493738 -16.86792755 -1.42533624
1.05586433 -16.86792755 -1.42502129
0.95946312 -16.86792755 -1.43336809
0.86200613 -16.86792755 -1.43166280
0.77237242 -16.86792755 -1.42567396
0.67546463 -16.86792755 -1.41496801
0.56907159 -16.86792755 -1.39287794
0.41275570 -16.86792755 -1.39068151
0.13871270 -16.86792755 -1.42035234
-0.06757689 -16.86792755 -1.37925136
-0.20061179 -16.86792755 -1.27858794
-0.28251323 -16.86792755 -1.22887945
-0.31007406 -16.86792755 -1.03171396
-0.23666075 -16.86792755 -0.84928918
-0.20108323 -16.86792755 -0.71360677
-0.15530056 -16.86792755 -0.56192070
-0.05687702 -16.86792755 -0.47062850
-0.04408116 -16.86792755 -0.29812998
-0.00888139 -16.86792755 -0.20081683
0.05653669 -16.86792755 -0.01744244
0.12659828 -16.86792755 0.18012203
0.16645406 -16.86792755 0.29366741
0.24154320 -16.86792755 0.46988174
0.32723305 -16.86792755 0.60966170
0.48864716 -16.86792755 0.65546697
0.75301570 -16.86792755 0.69829422
0.93006015 -16.86792755 0.64814740
1.06189322 -16.86792755 0.69666606
1.18972325 -16.86792755 0.74001974
1.40186989 -16.86792755 0.77314055
2.37004066 -16.86792755 0.39823425
2.12171006 -16.86792755 0.57045215
