0.29151681 20.58127594 0.35002160
0.32360193 20.58127594 -0.02749049
2.16398382 20.58127594 0.53935111
0.89737302 20.58127594 0.66075546
0.76268005 20.58127594 0.64792269
0.31483170 20.57128143 -0.18443269
0.30377248 20.57128143 -0.33196855
0.29060104 20.57128143 -0.42028216
0.32797146 20.57128143 -0.48157924
0.33390599 20.57128143 -0.58198625
0.32500848 20.57128143 -0.65707988
0.32815444 20.57128143 -0.79674888
0.31463477 20.57128143 -0.91240227
0.29917362 20.57128143 -1.02068329
0.30435529 20.57128143 -1.22052538
0.30089286 20.57128143 -1.14782834
0.31759971 20.57128143 -1.32174134
0.49140522 20.57128143 -1.35988438
0.40419710 20.57128143 -1.35136533
0.62918317 20.57128143 -1.36631191
0.55154347 20.57128143 -1.36201072
0.74791360 20.57128143 -1.36901760
0.85506046 20.57128143 -1.37023175
0.95538348 20.57128143 -1.37045276
1.02017987 20.57128143 -1.37048054
1.12777781 20.57128143 -1.37617910
1.21111882 20.57128143 -1.36973643
1.28709221 20.57128143 -1.37035465
1.35924006 20.57128143 -1.37280941
1.42916131 20.57128143 -1.37421572
1.49060631 20.57128143 -1.37377906
1.63160205 20.57128143 -1.39765525
1.56307471 20.57128143 -1.38552284
1.71492743 20.57128143 -1.39492488
1.80835342 20.57128143 -1.38466322
1.89996243 20.57128143 -1.37354600
1.99772573 20.57128143 -1.35610390
2.08536482 20.57128143 -1.33026886
2.18030787 20.57128143 -1.21051133
2.19311500 20.57128143 -1.14937127
2.20156336 20.57128143 -1.05525768
2.22993755 20.57128143 -0.96849704
2.23324370 20.57128143 -0.88335550
2.26267505 20.57128143 -0.82469773
2.23327923 20.57128143 -0.74961472
2.23141193 20.57128143 -0.60364431
2.22712803 20.57128143 -0.66546845
2.25612640 20.57128143 -0.52161902
2.26563644 20.57128143 -0.38919094
2.25429678 20.57128143 -0.29999205
2.24911499 20.57128143 -0.23162065
2.24904370 20.57128143 -0.11989925
2.26644850 20.57128143 -0.01963434
2.25901628 20.57128143 0.08886459
2.24432993 20.57128143 0.16252455
2.19619656 20.57128143 0.28562775
2.16990614 20.57128143 0.38384470
2.14488149 20.57128143 0.60620379
2.06719184 20.57128143 0.68855369
2.00031686 20.57128143 0.71440810
1.85242641 20.57128143 0.73353589
1.73571730 20.57128143 0.72438997
1.51479042 20.57128143 0.71240079
1.59725511 20.57128143 0.71555823
1.39607310 20.57128143 0.71519375
1.33455062 20.57128143 0.73469251
1.11805296 20.57128143 0.72203588
0.99642700 20.57128143 0.68963736
0.82821476 20.57128143 0.64358008
0.69767404 20.57128143 0.63070929
0.59297836 20.57128143 0.56706929
0.43972212 20.57128143 0.54559731
0.50803709 20.57128143 0.54730552
0.38539454 20.57128143 0.47388035
0.30471575 20.57128143 0.41464490
0.29411158 20.57128143 0.11188075
0.27290428 20.57128143 0.22583199
0.29906213 20.57128143 0.03159023
0.32721722 20.57128143 -0.09364192
2.15385389 20.57128143 -1.29313254
2.27668095 20.57128143 -0.46504676
1.66328955 20.57128143 0.71749181
1.23491347 20.57128143 0.71230972
0.27489766 20.57128143 0.29225236
