-0.02937793 36.18094635 -0.70368493
0.00573056 36.18094635 -0.27601025
-0.01823889 36.18094635 -0.82561487
0.14519969 36.18094635 -1.43623328
1.30178535 36.17095184 0.68282026
1.41314673 36.17095184 0.64203250
1.49128985 36.17095184 0.61287552
1.58754301 36.17095184 0.60479766
1.71078551 36.17095184 0.55077016
1.80021679 36.17095184 0.57849503
1.98185623 36.17095184 0.55863518
2.04907203 36.17095184 0.47548521
2.17620993 36.17095184 0.39380419
2.35137010 36.17095184 0.29335076
2.41679597 36.17095184 0.20052460
2.46813631 36.17095184 0.10063481
2.51900554 36.17095184 -0.07047404
2.53680420 36.17095184 -0.32326698
2.58502865 36.17095184 -0.43516621
2.56622958 36.17095184 -0.58667064
2.52829027 36.17095184 -0.64707565
2.47467518 36.17095184 -0.91112459
2.44502616 36.17095184 -1.09288728
2.41021872 36.17095184 -1.23756278
2.39478612 36.17095184 -1.30031025
2.28650784 36.17095184 -1.45941174
2.15519261 36.17095184 -1.46189320
2.00886416 36.17095184 -1.46698093
1.94599342 36.17095184 -1.47001600
1.78384614 36.17095184 -1.49126947
1.64801073 36.17095184 -1.50253689
1.51268649 36.17095184 -1.47829723
1.44953942 36.17095184 -1.47284520
1.29596078 36.17095184 -1.47399426
1.19562614 36.17095184 -1.47573328
1.01043594 36.17095184 -1.49167418
0.93182456 36.17095184 -1.49487865
0.81176376 36.17095184 -1.49608576
0.71051592 36.17095184 -1.49389625
0.63909292 36.17095184 -1.49102700
0.44040716 36.17095184 -1.48505664
0.30385444 36.17095184 -1.46965647
0.20725162 36.17095184 -1.45721066
0.02886634 36.17095184 -1.36020613
-0.03401148 36.17095184 -1.29510868
-0.05376532 36.17095184 -1.21687531
-0.06473215 36.17095184 -1.10565591
-0.05281969 36.17095184 -1.02638590
-0.01868369 36.17095184 -0.89659721
-0.02905509 36.17095184 -0.76327360
-0.01603406 36.17095184 -0.64192694
-0.00102921 36.17095184 -0.56211364
0.00339668 36.17095184 -0.44328636
0.01965804 36.17095184 -0.17713907
0.02387788 36.17095184 -0.11480608
0.07605884 36.17095184 -0.07378908
0.07346737 36.17095184 0.02098635
0.06470412 36.17095184 0.09090097
0.07672368 36.17095184 0.18268919
0.08583602 36.17095184 0.24758548
0.08415765 36.17095184 0.33913028
0.14217262 36.17095184 0.37659648
0.21447150 36.17095184 0.37889224
0.26736984 36.17095184 0.44670346
0.33601740 36.17095184 0.51782781
0.36870819 36.17095184 0.57904214
0.42905924 36.17095184 0.64033574
0.51035905 36.17095184 0.65768760
0.64080209 36.17095184 0.73426634
0.82365614 36.17095184 0.71314728
0.91434079 36.17095184 0.75729167
0.99967641 36.17095184 0.71842033
1.06843829 36.17095184 0.71483177
1.22359824 36.17095184 0.66899943
0.76897883 36.17095184 0.75392807
0.70853114 36.17095184 0.78247929
0.57585102 36.17095184 0.70857006
0.00106681 36.17095184 -0.33730277
0.08217335 36.17095184 -1.39931130
0.54383713 36.17095184 -1.48172963
1.86188173 36.17095184 0.56632066
1.14036584 36.17095184 0.68844086
