-0.08015593 1.34168243 -0.60403472
-0.04190077 1.34168243 -0.78589922
2.47614479 1.34168243 -0.80410582
2.45228052 1.34168243 -0.66567862
1.08969998 1.33168793 -1.37590134
0.98267269 1.33168793 -1.37699950
0.91807133 1.33168793 -1.38539219
0.85156292 1.33168793 -1.38006258
0.77538109 1.33168793 -1.35948408
0.68293732 1.33168793 -1.35575378
0.56760222 1.33168793 -1.33493698
0.39411858 1.33168793 -1.33109379
0.16326764 1.33168793 -1.31854236
0.06336800 1.33168793 -1.26529205
0.03602160 1.33168793 -1.13861716
0.00428951 1.33168793 -1.03729033
-0.07438529 1.33168793 -0.67267740
-0.07356329 1.33168793 -0.54069883
-0.06118424 1.33168793 -0.44359359
0.17944644 1.33168793 -0.13070403
0.22793099 1.33168793 -0.07102387
2.41913247 1.33168793 -0.18059875
2.45158625 1.33168793 -0.29709795
2.42272258 1.33168793 -0.56141865
2.46597409 1.33168793 -0.74067056
2.48090267 1.33168793 -0.87205493
2.42476702 1.33168793 -1.08622968
2.39391708 1.33168793 -1.22771013
2.34349942 1.33168793 -1.28762102
2.28671455 1.33168793 -1.35858500
2.07262135 1.33168793 -1.36333382
1.92008483 1.33168793 -1.37250865
1.70522273 1.33168793 -1.36950862
1.64209425 1.33168793 -1.36642456
1.48615623 1.33168793 -1.37560201
1.26417720 1.33168793 -1.38770986
1.20249605 1.33168793 -1.39158213
0.49853313 1.33168793 0.27065215
-0.00876279 1.33168793 -0.91177547
1.32458365 1.33168793 -1.38486218
1.40461910 1.33168793 -1.37614644
1.55150974 1.33168793 -1.35852003
1.81970191 1.33168793 -1.37315869
2.48261857 1.33168793 -0.97802490
2.46682811 1.33168793 -0.42035562
2.37608004 1.33168793 -0.05518351
0.96297520 1.33168793 0.60148263
0.76983196 1.33168793 0.63033128
0.68870771 1.33168793 0.50997055
2.30703664 1.33168793 0.06380291
2.18586040 1.33168793 0.14740270
1.68700171 1.33168793 0.61102355
1.62459266 1.33168793 0.57928592
1.39801121 1.33168793 0.61929941
1.27570271 1.33168793 0.62224907
1.15099525 1.33168793 0.54419380
1.90144217 1.33168793 0.30899298
