0.26647595 -52.48717499 -0.72078544
0.19241682 -52.48717499 -0.94110900
0.26575756 -52.48717499 -1.01020420
0.25352302 -52.48717499 -1.13709307
0.21552490 -52.48717499 -1.29724324
0.28608018 -52.48717499 -1.40999186
0.44740146 -52.48717499 -1.39798951
0.55322635 -52.48717499 -1.41292357
0.66720313 -52.48717499 -1.42359567
0.13799518 -52.48717499 -0.28659430
0.14843865 -52.48717499 -0.37423059
0.16123888 -52.48717499 -0.48872933
0.21238706 -52.48717499 -1.38868654
0.18123028 -52.48717499 -0.67895877
2.25693560 -52.48717499 -0.18613625
2.28486252 -52.48717499 -0.35182658
2.23953557 -52.48717499 -0.46155563
2.25546193 -52.48717499 -0.56354445
2.27132487 -52.48717499 -0.63782418
2.31278014 -52.48717499 -0.71763688
2.33174276 -52.48717499 -0.86329651
2.38706279 -52.48717499 -1.00408971
2.39692259 -52.48717499 -1.14403498
2.42834353 -52.48717499 -1.31554961
2.41662431 -52.48717499 -1.39332366
2.32617331 -52.48717499 -1.40940583
2.16332340 -52.48717499 -1.42693377
2.00324845 -52.48717499 -1.41842151
1.88506043 -52.48717499 -1.41270888
1.76828671 -52.48717499 -1.41926587
1.66177869 -52.48717499 -1.41679430
1.47599435 -52.48717499 -1.43706799
1.38379216 -52.48717499 -1.44352400
1.23347497 -52.48717499 -1.44993722
1.12414205 -52.48717499 -1.45924878
0.95920461 -52.48717499 -1.43825102
0.86192691 -52.48717499 -1.44729805
0.76622033 -52.48717499 -1.43579376
0.12538864 -52.48717499 -0.16580948
0.11415050 -52.48717499 -0.05513010
0.09165380 -52.48717499 0.14903054
0.08084955 -52.48717499 0.25911239
0.20001498 -52.48717499 0.39344156
0.27280867 -52.48717499 0.48207426
0.34490311 -52.48717499 0.53159630
0.39696619 -52.48717499 0.63220376
0.45643723 -52.48717499 0.66230392
0.56659734 -52.48717499 0.68077445
0.73357904 -52.48717499 0.72600508
0.79758316 -52.48717499 0.72371852
0.90100288 -52.48717499 0.70691937
1.10288274 -52.48717499 0.76055169
1.20781994 -52.48717499 0.71551979
1.32729578 -52.48717499 0.68926644
1.48754489 -52.48717499 0.67166144
1.60457337 -52.48717499 0.69986892
1.71659088 -52.48717499 0.68442380
1.84727323 -52.48717499 0.69177115
1.99620283 -52.48717499 0.69503361
2.06405902 -52.48717499 0.65200281
2.09356785 -52.48717499 0.55894482
2.13557267 -52.48717499 0.40782672
2.16435361 -52.48717499 0.34448251
2.18537784 -52.48717499 0.22866014
2.19020653 -52.48717499 0.07127915
2.23372579 -52.48717499 -0.01208058
2.17584491 -52.48717499 -0.11084253
