0.49305552 47.62070465 0.21415779
0.42168042 47.62070465 -0.69106364
0.42094392 47.62070465 -0.83722466
2.62278867 47.62070465 -0.31758043
2.63835192 47.62070465 -0.06017158
1.96788287 47.62070465 0.67711687
1.46519279 47.61071014 0.75836641
1.29171169 47.61071014 0.77695465
1.19659376 47.61071014 0.81149977
1.08973944 47.61071014 0.83846051
0.92674851 47.61071014 0.76955092
0.84177214 47.61071014 0.70022410
0.72295731 47.61071014 0.61827654
0.64026523 47.61071014 0.53370649
0.57170492 47.61071014 0.48994896
0.52583355 47.61071014 0.37140456
0.51014060 47.61071014 0.31293806
0.46587655 47.61071014 0.01132985
0.43154293 47.61071014 -0.07676350
0.39952096 47.61071014 -0.14650720
0.40462473 47.61071014 -0.21613234
0.41856614 47.61071014 -0.37778661
0.40036079 47.61071014 -0.50276792
0.42913091 47.61071014 -0.60621786
0.42074478 47.61071014 -0.75054622
0.42405877 47.61071014 -0.90480947
0.39708558 47.61071014 -1.11735475
0.41397747 47.61071014 -1.02428043
0.40454760 47.61071014 -1.33036506
0.38793534 47.61071014 -1.25976038
0.41389132 47.61071014 -1.39501011
0.52575332 47.61071014 -1.44414151
0.46753561 47.61071014 -1.42350018
0.63260269 47.61071014 -1.45393896
0.79948616 47.61071014 -1.46286356
1.01620126 47.61071014 -1.47011423
0.95119321 47.61071014 -1.46965623
1.11532867 47.61071014 -1.47653866
1.22780669 47.61071014 -1.48036873
1.35974944 47.61071014 -1.48132169
1.65730798 47.61071014 -1.48536897
1.58702242 47.61071014 -1.48288584
1.75641549 47.61071014 -1.48420286
1.87873387 47.61071014 -1.47357976
2.03214097 47.61071014 -1.46268153
2.18409896 47.61071014 -1.45420659
2.32726812 47.61071014 -1.42997098
2.45123196 47.61071014 -1.38615429
2.57543445 47.61071014 -1.30297244
2.60545683 47.61071014 -1.11491108
2.64399672 47.61071014 -0.94792545
2.65323782 47.61071014 -0.80548137
2.62430286 47.61071014 -0.63618362
2.62183762 47.61071014 -0.48315087
2.63149810 47.61071014 -0.39775726
2.62931943 47.61071014 -0.13812463
2.62025356 47.61071014 0.11237778
2.57539010 47.61071014 0.21036553
2.52582908 47.61071014 0.32178092
2.42327571 47.61071014 0.45286363
2.34311295 47.61071014 0.52743214
2.27254438 47.61071014 0.55562329
2.20457935 47.61071014 0.61269629
2.11007357 47.61071014 0.65404963
2.03421593 47.61071014 0.67575449
1.87798822 47.61071014 0.68933851
1.80602431 47.61071014 0.69960982
1.68549204 47.61071014 0.74905372
1.60038567 47.61071014 0.77058053
1.53474808 47.61071014 0.76935458
1.36807120 47.61071014 0.75019425
0.99262393 47.61071014 0.84423906
0.76801312 47.61071014 0.65952760
0.48080692 47.61071014 0.14530307
2.62603855 47.61071014 0.03801301
2.47443056 47.61071014 0.38450488
