0.02722982 -82.11655426 -0.13671935
2.15033245 -82.11655426 1.09387422
-0.03888537 -82.11655426 -0.40119663
1.00116944 -82.12654877 1.24901152
1.12289202 -82.12654877 1.25610757
0.81498313 -82.12654877 1.22417796
0.89561766 -82.12654877 1.23471999
0.71626782 -82.12654877 1.19108117
0.64113253 -82.12654877 1.13961136
0.51103628 -82.12654877 1.01848876
0.57328075 -82.12654877 1.08980203
0.34177327 -82.12654877 0.75728452
0.38426095 -82.12654877 0.81250441
0.33420032 -82.12654877 0.66100568
0.24622700 -82.12654877 0.37575668
0.28017256 -82.12654877 0.44896990
0.14869078 -82.12654877 0.20547092
0.17688559 -82.12654877 0.26163086
0.11043716 -82.12654877 0.10085304
-0.03830043 -82.12654877 -0.32277805
-0.03441963 -82.12654877 -0.46439463
-0.05394450 -82.12654877 -0.61807448
-0.05111696 -82.12654877 -0.94576943
-0.03468049 -82.12654877 -0.86044723
-0.02857037 -82.12654877 -1.22836041
-0.03505067 -82.12654877 -1.07094264
-0.01935813 -82.12654877 -1.36793351
0.31980053 -82.12654877 -1.46879280
0.18693171 -82.12654877 -1.44382811
0.45150211 -82.12654877 -1.47747993
0.68965250 -82.12654877 -1.47910130
0.57387251 -82.12654877 -1.48861837
0.86176270 -82.12654877 -1.49268830
0.79728782 -82.12654877 -1.48050022
0.99562722 -82.12654877 -1.50811648
0.93383235 -82.12654877 -1.50139403
1.06329858 -82.12654877 -1.50948787
1.20746219 -82.12654877 -1.53140664
1.31038880 -82.12654877 -1.53059363
1.39502954 -82.12654877 -1.53076196
1.46335030 -82.12654877 -1.53089011
1.54669547 -82.12654877 -1.53384578
1.60723186 -82.12654877 -1.52135587
1.68700278 -82.12654877 -1.49965656
1.75609422 -82.12654877 -1.49544573
1.81945598 -82.12654877 -1.49132907
1.88037813 -82.12654877 -1.48738801
1.94514275 -82.12654877 -1.48344004
2.00810003 -82.12654877 -1.48225391
2.10327744 -82.12654877 -1.47149515
2.16742873 -82.12654877 -1.46707892
2.33831882 -82.12654877 -1.44579864
2.44435096 -82.12654877 -1.43993628
2.56921196 -82.12654877 -1.43396044
2.77467394 -82.12654877 -1.41133964
2.67896080 -82.12654877 -1.41618538
2.84509826 -82.12654877 -1.36748350
2.90197253 -82.12654877 -1.29227233
3.06458783 -82.12654877 -1.12204409
2.98593688 -82.12654877 -1.17127991
3.16833043 -82.12654877 -1.02907610
3.12687039 -82.12654877 -1.07374930
3.32109261 -82.12654877 -0.91386193
3.25890017 -82.12654877 -0.98251909
3.41865039 -82.12654877 -0.79801631
3.37394810 -82.12654877 -0.84874040
3.51566315 -82.12654877 -0.62797880
3.48604512 -82.12654877 -0.71456897
3.61585784 -82.12654877 -0.44537595
3.54179645 -82.12654877 -0.53257066
3.61653972 -82.12654877 -0.30247813
3.56797671 -82.12654877 -0.23018697
3.41119552 -82.12654877 -0.02378589
3.47024488 -82.12654877 -0.11244909
3.27473354 -82.12654877 0.09685499
3.32316208 -82.12654877 0.04383665
3.17775416 -82.12654877 0.24804832
3.21842599 -82.12654877 0.19916043
3.13382864 -82.12654877 0.29952115
3.01307464 -82.12654877 0.49134019
3.09041095 -82.12654877 0.40198830
2.92494798 -82.12654877 0.59476107
2.78149986 -82.12654877 0.69032723
2.86253262 -82.12654877 0.63807940
2.71176052 -82.12654877 0.81771678
2.44279528 -82.12654877 0.99199170
2.54741430 -82.12654877 0.94245201
2.29818988 -82.12654877 1.02070594
2.21737266 -82.12654877 1.05888736
2.08785272 -82.12654877 1.11022651
1.93483639 -82.12654877 1.17276990
2.01118898 -82.12654877 1.16565776
1.58699536 -82.12654877 1.20117092
1.68669760 -82.12654877 1.17901087
1.47690523 -82.12654877 1.25153279
1.39981663 -82.12654877 1.25602424
1.79195046 -82.12654877 1.17772162
2.59576035 -82.12654877 0.82366735
3.52841592 -82.12654877 -0.18376490
2.93486738 -82.12654877 -1.23245656
2.23988509 -82.12654877 -1.45581913
0.06821694 -82.12654877 -1.41607285
-0.04342285 -82.12654877 -0.77789956
0.06011793 -82.12654877 -0.02518502
0.34688038 -82.12654877 0.53228903
0.42613363 -82.12654877 0.89593321
1.33394110 -82.12654877 1.21859598
