2.42389798 9.92150116 -1.20804632
1.89290786 9.92150116 -1.42563045
1.29458904 9.92150116 -1.41345680
0.61348057 9.92150116 0.53020430
1.97581196 9.91150665 0.31408966
2.01472950 9.91150665 0.22526033
2.06416655 9.91150665 0.18719880
2.08728456 9.91150665 0.08410259
2.12448955 9.91150665 -0.10567781
2.21718240 9.91150665 -0.20504639
2.23791003 9.91150665 -0.26979795
2.26455522 9.91150665 -0.32459477
2.30514026 9.91150665 -0.43138984
2.33386016 9.91150665 -0.48420319
2.37123156 9.91150665 -0.57688415
2.39599442 9.91150665 -0.71487314
2.41448689 9.91150665 -0.81421238
2.41039658 9.91150665 -0.94247842
2.45137191 9.91150665 -1.02199852
2.45075178 9.91150665 -1.08240032
2.39633346 9.91150665 -1.26271081
2.39527845 9.91150665 -1.33122265
2.27464771 9.91150665 -1.36846423
2.13038945 9.91150665 -1.39373314
1.99555254 9.91150665 -1.41682744
1.83175492 9.91150665 -1.43281353
1.71874702 9.91150665 -1.44285870
1.64505351 9.91150665 -1.43221974
1.46771657 9.91150665 -1.41053879
1.37901759 9.91150665 -1.41322947
1.23479724 9.91150665 -1.41247368
1.17245889 9.91150665 -1.41241062
1.07389951 9.91150665 -1.39136493
1.00527310 9.91150665 -1.39061093
0.94030249 9.91150665 -1.39018071
0.87757969 9.91150665 -1.38593352
0.81752485 9.91150665 -1.38783300
0.73873705 9.91150665 -1.38796127
0.66015500 9.91150665 -1.37930799
0.56552052 9.91150665 -1.37457526
0.48418510 9.91150665 -1.34911621
0.40683371 9.91150665 -1.31271791
0.33730203 9.91150665 -1.22996116
0.33552468 9.91150665 -1.16768444
0.31166533 9.91150665 -1.07260454
0.28311634 9.91150665 -0.98879772
0.25034562 9.91150665 -0.88640219
0.19119474 9.91150665 -0.78909540
0.18869747 9.91150665 -0.71991187
0.18562381 9.91150665 -0.64832652
0.18691184 9.91150665 -0.55462503
0.15630229 9.91150665 -0.44977337
0.09640169 9.91150665 -0.34269416
0.09498656 9.91150665 -0.24996166
0.23107776 9.91150665 -0.05168216
0.23934288 9.91150665 0.09080120
0.27244464 9.91150665 0.20255484
0.34159672 9.91150665 0.33381954
0.39543834 9.91150665 0.39592117
0.51578236 9.91150665 0.42135745
0.56294405 9.91150665 0.49874681
0.71998996 9.91150665 0.59584367
0.82384384 9.91150665 0.57242030
0.89495569 9.91150665 0.59182936
1.00566566 9.91150665 0.63073987
1.08690357 9.91150665 0.62091458
1.16813743 9.91150665 0.60612422
1.29526365 9.91150665 0.59120345
1.36078286 9.91150665 0.58514720
1.49730659 9.91150665 0.57452542
1.68749213 9.91150665 0.51071870
1.92906904 9.91150665 0.38440910
2.12258792 9.91150665 -0.01546962
1.53564203 9.91150665 -1.39861929
0.14369087 9.91150665 -0.19194749
