1.14477801 -16.33794403 0.68355864
1.59320426 -16.33794403 0.72510034
1.91376638 -16.33794403 0.54407126
0.37380162 -16.33794403 -1.39215422
-0.05263115 -16.33794403 -1.11073267
-0.09286897 -16.33794403 -0.95393020
0.23547110 -16.33794403 -0.01416829
0.43744743 -16.33794403 0.30820474
1.24997175 -16.34793854 0.71327317
1.08102310 -16.34793854 0.66724324
0.90835965 -16.34793854 0.66245008
0.76810765 -16.34793854 0.62837517
0.67624819 -16.34793854 0.57660687
0.59559923 -16.34793854 0.47479257
0.49672422 -16.34793854 0.35283047
0.40281531 -16.34793854 0.25726265
0.32335985 -16.34793854 0.15822585
0.28658348 -16.34793854 0.08532678
0.19930072 -16.34793854 -0.07185846
0.11612462 -16.34793854 -0.14991803
0.03458141 -16.34793854 -0.23638400
-0.03790560 -16.34793854 -0.32602626
-0.10401752 -16.34793854 -0.53195930
-0.13214511 -16.34793854 -0.64306289
-0.14431430 -16.34793854 -0.71466798
-0.13156588 -16.34793854 -0.85761636
-0.07821824 -16.34793854 -1.01393294
-0.03706963 -16.34793854 -1.17647970
0.00282433 -16.34793854 -1.29658413
0.01449059 -16.34793854 -1.39191437
0.09892561 -16.34793854 -1.40689170
0.43599147 -16.34793854 -1.37804389
0.56225491 -16.34793854 -1.40232360
0.67553562 -16.34793854 -1.41719520
0.77813959 -16.34793854 -1.42686510
0.87166375 -16.34793854 -1.43324995
0.96750551 -16.34793854 -1.42923343
1.06578875 -16.34793854 -1.41807199
1.21640050 -16.34793854 -1.42569542
1.31169569 -16.34793854 -1.42871249
2.31471586 -16.34793854 0.39459646
2.19828343 -16.34793854 0.45287183
2.02845931 -16.34793854 0.47683111
1.96510220 -16.34793854 0.50742030
1.79883933 -16.34793854 0.63091743
1.69681168 -16.34793854 0.68639654
1.51498795 -16.34793854 0.75701249
1.44995356 -16.34793854 0.76890856
1.36609769 -16.34793854 0.72577459
2.37531328 -16.34793854 0.34626082
0.25071314 -16.34793854 -1.42074561
-0.07502507 -16.34793854 -0.40893149
0.98524672 -16.34793854 0.65569782
2.50318885 -16.34793854 0.22696646
2.57881999 -16.34793854 0.11990686
2.62632298 -16.34793854 0.03930817
2.66074538 -16.34793854 -0.07171745
2.65392852 -16.34793854 -0.16234241
2.65024281 -16.34793854 -0.25765279
2.62066054 -16.34793854 -0.49326167
2.65658188 -16.34793854 -0.62134212
2.63005877 -16.34793854 -0.76030892
2.57306838 -16.34793854 -0.97050869
2.56964755 -16.34793854 -1.03970981
2.56878757 -16.34793854 -1.24077749
2.53107882 -16.34793854 -1.33224022
2.48306322 -16.34793854 -1.37486649
2.35840201 -16.34793854 -1.44718385
2.18723869 -16.34793854 -1.46019888
2.03282046 -16.34793854 -1.45823002
1.90260756 -16.34793854 -1.44584215
1.77512634 -16.34793854 -1.44482541
1.66401160 -16.34793854 -1.44550216
1.48130381 -16.34793854 -1.42990613
1.38899219 -16.34793854 -1.42864215
