2.33198047 26.56114960 -1.23713112
0.72557265 26.56114960 0.49499789
1.85517216 26.55115509 0.48686185
1.91174793 26.55115509 0.40853471
1.94929039 26.55115509 0.35578677
2.00337362 26.55115509 0.25790170
2.09460187 26.55115509 0.11497687
2.14598250 26.55115509 0.05820168
2.17595196 26.55115509 -0.00936807
2.18268108 26.55115509 -0.10369349
2.19335794 26.55115509 -0.20925230
2.21881771 26.55115509 -0.29534480
2.21423292 26.55115509 -0.37844008
2.23101234 26.55115509 -0.45640031
2.21659970 26.55115509 -0.52028066
2.20384955 26.55115509 -0.63338095
2.21515489 26.55115509 -0.71036738
2.23195124 26.55115509 -0.81158441
2.25343466 26.55115509 -0.88479960
2.24896097 26.55115509 -0.97703332
2.27874994 26.55115509 -1.03025270
2.29615593 26.55115509 -1.10301042
2.32140326 26.55115509 -1.15956855
2.31700873 26.55115509 -1.29458344
2.23899245 26.55115509 -1.38318884
2.17770243 26.55115509 -1.41662419
2.06980801 26.55115509 -1.45574510
1.92627394 26.55115509 -1.47826636
1.80201030 26.55115509 -1.48415899
1.67740631 26.55115509 -1.47063756
1.57388020 26.55115509 -1.43980539
1.51147139 26.55115509 -1.42910957
1.44339907 26.55115509 -1.44098508
1.36272621 26.55115509 -1.44655824
1.29824030 26.55115509 -1.44692349
1.20737565 26.55115509 -1.44549060
1.14572656 26.55115509 -1.44205499
1.06147909 26.55115509 -1.42833269
0.95109665 26.55115509 -1.41907287
0.87794459 26.55115509 -1.41859031
0.80252928 26.55115509 -1.42498326
0.72637302 26.55115509 -1.42837048
0.64083093 26.55115509 -1.42429507
0.54959548 26.55115509 -1.42197740
0.44767126 26.55115509 -1.41793299
0.36969849 26.55115509 -1.41182625
0.25453979 26.55115509 -1.38333571
0.19096956 26.55115509 -1.35949743
0.16546616 26.55115509 -1.29996669
0.11483900 26.55115509 -1.22294235
0.12023572 26.55115509 -1.14891577
0.13028829 26.55115509 -1.03584075
0.12318097 26.55115509 -0.95080131
0.09744591 26.55115509 -0.79425454
0.10301211 26.55115509 -0.69410110
0.10133332 26.55115509 -0.55466253
0.11064607 26.55115509 -0.44368991
0.09132684 26.55115509 -0.37942284
0.08696291 26.55115509 -0.31157124
0.10169733 26.55115509 -0.18986265
0.09281699 26.55115509 -0.06655765
0.11474146 26.55115509 0.03518187
0.12775719 26.55115509 0.17046194
0.10659588 26.55115509 0.31964952
0.19166805 26.55115509 0.41904590
0.26052654 26.55115509 0.46465567
0.36578193 26.55115509 0.48898858
0.48153698 26.55115509 0.45826152
0.54907417 26.55115509 0.47187144
0.66194922 26.55115509 0.49569964
0.79547238 26.55115509 0.50419182
0.85939425 26.55115509 0.50836676
0.94305211 26.55115509 0.53242773
1.00467670 26.55115509 0.53354549
1.13518465 26.55115509 0.52293724
1.28385830 26.55115509 0.50312984
1.36528158 26.55115509 0.53915012
1.44989729 26.55115509 0.57282358
1.55769527 26.55115509 0.54179537
1.65532041 26.55115509 0.57096291
1.77162778 26.55115509 0.59629822
2.30184007 26.55115509 -1.36945045
