2.96762395 16.16136932 -0.93025237
2.97466397 16.16136932 -1.09712505
2.94912481 16.16136932 -1.23303092
2.84934258 16.16136932 -1.34612107
0.28917599 16.16136932 -1.21804667
0.34529939 16.16136932 -1.00357676
0.37910119 16.16136932 -0.29566258
0.42248401 16.16136932 -0.10630496
0.53282267 16.16136932 0.39855018
1.16702819 16.15137482 0.79168981
1.06329513 16.15137482 0.76794547
0.96099406 16.15137482 0.73590332
0.75596166 16.15137482 0.69600320
0.67963862 16.15137482 0.60995728
0.57454705 16.15137482 0.47905999
0.47760892 16.15137482 0.29125082
0.44291034 16.15137482 0.07138757
0.47437161 16.15137482 -0.04933879
0.38565359 16.15137482 -0.16570273
0.36476776 16.15137482 -0.49118787
0.36238348 16.15137482 -0.61430895
0.35328019 16.15137482 -0.75297797
0.39875546 16.15137482 -0.87486476
0.31590417 16.15137482 -1.07998347
0.29536325 16.15137482 -1.28220022
0.40429154 16.15137482 -1.37415516
0.57653803 16.15137482 -1.40282297
0.76109684 16.15137482 -1.39992213
0.91290474 16.15137482 -1.41220701
1.19248569 16.15137482 -1.41685367
1.41323817 16.15137482 -1.41620016
1.60120678 16.15137482 -1.41519642
1.70933032 16.15137482 -1.42860186
1.81012285 16.15137482 -1.43022835
2.02842259 16.15137482 -1.41274750
2.15186095 16.15137482 -1.38087189
2.45105910 16.15137482 -1.40111768
2.61069798 16.15137482 -1.40086329
2.75756621 16.15137482 -1.38275278
2.90676761 16.15137482 -1.32069516
2.96797299 16.15137482 -1.01040101
2.95790744 16.15137482 -0.81105101
2.95266843 16.15137482 -0.70805490
2.91796017 16.15137482 -0.57412046
2.94186831 16.15137482 -0.45370409
2.97150016 16.15137482 -0.25068393
2.85790062 16.15137482 -0.02622118
2.80824542 16.15137482 0.07065494
2.72596025 16.15137482 0.15150505
2.62311840 16.15137482 0.23775575
2.47019958 16.15137482 0.31885645
1.36388683 16.15137482 0.81943834
2.18684745 16.15137482 0.58030504
2.98136568 16.15137482 -0.17373799
2.97370124 16.15137482 -1.17159629
2.31103182 16.15137482 -1.38158751
1.92375946 16.15137482 -1.42508554
1.33300805 16.15137482 -1.41810441
1.10137320 16.15137482 -1.40363467
0.32234293 16.15137482 -1.33839083
0.37366602 16.15137482 -0.36786446
0.41265026 16.15137482 0.20066573
0.83402479 16.15137482 0.72467130
1.27995753 16.15137482 0.76489764
2.01381159 16.15137482 0.76710916
2.09167147 16.15137482 0.69870734
2.27661109 16.15204048 0.46850589
2.38427711 16.15204048 0.39428711
1.72387695 16.15423965 0.72460938
2.18701196 16.15239906 0.50585938
1.58862305 16.15423965 0.81054688
1.88134801 16.15148926 0.78076172
2.54907203 16.15204048 0.27075201
1.47045898 16.15607071 0.78784180
