0.20527336 2.12166595 -1.30101693
2.35558248 2.12166595 0.13093610
0.85966647 2.12166595 0.49795392
0.45559236 2.11167145 0.15774755
0.40643260 2.11167145 0.10234478
0.24292238 2.11167145 -0.11717470
0.29058066 2.11167145 -0.04115898
0.19584817 2.11167145 -0.17061856
0.13513857 2.11167145 -0.23970477
0.07800309 2.11167145 -0.33705133
0.04036650 2.11167145 -0.48590469
0.04457043 2.11167145 -0.56096411
0.04795980 2.11167145 -0.62122625
0.07952501 2.11167145 -0.85624486
0.07017550 2.11167145 -0.73908067
0.09512303 2.11167145 -1.03152990
0.09124107 2.11167145 -0.96983558
0.08177630 2.11167145 -1.20070982
0.09164821 2.11167145 -1.12828398
0.14656785 2.11167145 -1.28889883
0.08307411 2.11167145 -1.27384114
0.30031532 2.11167145 -1.31694293
0.48500225 2.11167145 -1.33434176
0.39403945 2.11167145 -1.33234370
0.63933676 2.11167145 -1.34850121
0.57543653 2.11167145 -1.33933771
0.70869106 2.11167145 -1.35832083
0.87481672 2.11167145 -1.38127458
0.98089874 2.11167145 -1.38452816
1.09300566 2.11167145 -1.38416815
1.19111693 2.11167145 -1.39483285
1.28030384 2.11167145 -1.39875972
1.34207809 2.11167145 -1.40009153
1.41942704 2.11167145 -1.38918245
1.52643180 2.11167145 -1.37049055
1.60616875 2.11167145 -1.37232316
1.73443711 2.11167145 -1.38667679
1.79602778 2.11167145 -1.38722014
1.92109811 2.11167145 -1.39084244
1.98393905 2.11167145 -1.39387608
2.18962646 2.11167145 -1.36654294
2.27589512 2.11167145 -1.35612965
2.36471009 2.11167145 -1.33028734
2.45231700 2.11167145 -1.25327182
2.46438861 2.11167145 -1.13149762
2.47884011 2.11167145 -1.03143847
2.48077178 2.11167145 -0.86122155
2.46878958 2.11167145 -0.92325860
2.47264028 2.11167145 -0.72737080
2.46457195 2.11167145 -0.65289885
2.45487905 2.11167145 -0.55730796
2.45501947 2.11167145 -0.44941488
2.44212532 2.11167145 -0.35398272
2.42529345 2.11167145 -0.19732524
2.41395497 2.11167145 -0.11191186
2.39165759 2.11167145 -0.05339205
2.35961676 2.11167145 0.03148731
2.32049060 2.11167145 0.18940727
2.29237366 2.11167145 0.30881062
2.24343634 2.11167145 0.48367631
2.17542052 2.11167145 0.51504052
2.05979037 2.11167145 0.53331465
1.86877489 2.11167145 0.57462597
1.93381345 2.11167145 0.56726754
1.78064632 2.11167145 0.61267191
1.68488145 2.11167145 0.65128434
1.61275411 2.11167145 0.66137743
1.51207542 2.11167145 0.69923991
1.31315041 2.11167145 0.70422095
1.12338901 2.11167145 0.67214930
1.18050969 2.11167145 0.69286424
1.00393510 2.11167145 0.63293475
0.94773769 2.11167145 0.56717902
0.79781413 2.11167145 0.46544898
0.73167044 2.11167145 0.41373256
0.71259606 2.11167145 0.31405464
0.62719578 2.11167145 0.30842301
0.55232280 2.11167145 0.27598172
1.67164433 2.11167145 -1.38146174
2.10462904 2.11167145 -1.37911677
2.43880820 2.11167145 -1.33023894
2.44178939 2.11167145 -0.78934306
2.43845367 2.11167145 -0.27194810
2.31110430 2.11167145 0.41980526
1.44039357 2.11167145 0.71754336
1.24457347 2.11167145 0.71558785
0.36556968 2.11167145 0.04344347
