2.17595124 56.46051788 -0.66005832
0.37428576 56.46051788 -1.47638643
-0.08077693 56.46051788 -1.12377274
0.12819459 56.46051788 0.30276653
0.34232163 56.46051788 0.53668863
1.27637351 56.46051788 0.48323053
1.54740310 56.45052338 0.40552500
1.62276101 56.45052338 0.37467042
1.73027229 56.45052338 0.35417625
1.80967212 56.45052338 0.36870432
1.87050581 56.45052338 0.34715199
1.95472491 56.45052338 0.28455690
1.97096968 56.45052338 0.17493540
2.01684594 56.45052338 0.04448187
2.03887963 56.45052338 -0.02155902
2.06256962 56.45052338 -0.09008306
2.10894418 56.45052338 -0.21583918
2.10429764 56.45052338 -0.28121954
2.12511730 56.45052338 -0.35196739
2.14647222 56.45052338 -0.46081644
2.17442536 56.45052338 -0.53575963
2.18585300 56.45052338 -0.59932137
2.14401913 56.45052338 -0.71371549
2.12033176 56.45052338 -0.77576876
2.09709334 56.45052338 -0.85775441
2.08222914 56.45052338 -0.95228171
2.06477833 56.45052338 -1.05325329
2.06372571 56.45052338 -1.11373365
2.05194855 56.45052338 -1.21693027
2.04961991 56.45052338 -1.27935565
2.02871490 56.45052338 -1.34630811
2.01499653 56.45052338 -1.40501308
1.96458030 56.45052338 -1.44189000
1.90320802 56.45052338 -1.45754313
1.84326279 56.45052338 -1.46383786
1.71320260 56.45052338 -1.47893715
1.60573566 56.45052338 -1.49101675
1.48841166 56.45052338 -1.47718716
1.42707729 56.45052338 -1.48286259
1.34866345 56.45052338 -1.48851550
1.25111163 56.45052338 -1.49141765
1.17534447 56.45052338 -1.49094844
1.10688961 56.45052338 -1.48666596
1.04345787 56.45052338 -1.48328352
0.92549872 56.45052338 -1.48998237
0.84450811 56.45052338 -1.50020361
0.74563718 56.45052338 -1.50926220
0.64292896 56.45052338 -1.51507568
0.44585684 56.45052338 -1.48828351
0.31196040 56.45052338 -1.46490920
0.20171066 56.45052338 -1.44422030
0.03437935 56.45052338 -1.32403255
-0.06618940 56.45052338 -1.18465137
-0.11254194 56.45052338 -1.05111945
-0.12688588 56.45052338 -0.93813199
-0.11515492 56.45052338 -0.82858318
-0.05222942 56.45052338 -0.70705628
-0.04553728 56.45052338 -0.64656639
-0.03639682 56.45052338 -0.53622031
-0.03496560 56.45052338 -0.39022470
-0.04441542 56.45052338 -0.32096654
-0.06084913 56.45052338 -0.20505506
-0.03975973 56.45052338 -0.10037335
-0.02866672 56.45052338 -0.03068609
0.00594607 56.45052338 0.04290225
0.03474023 56.45052338 0.16037107
0.08462946 56.45052338 0.26080322
0.13597567 56.45052338 0.38810217
0.15323871 56.45052338 0.53213066
0.28353488 56.45052338 0.52019906
0.40927881 56.45052338 0.53948277
0.57747847 56.45052338 0.55334300
0.70333022 56.45052338 0.57536274
0.77144665 56.45052338 0.57626754
0.88069040 56.45052338 0.57312649
0.94267839 56.45052338 0.54815906
1.07648516 56.45052338 0.51362741
1.14455748 56.45052338 0.48281151
1.21720171 56.45052338 0.47698563
1.35188341 56.45052338 0.46957120
1.44868469 56.45052338 0.43751308
0.55531514 56.45052338 -1.51038384
0.07078188 56.45052338 -1.42087162
