0.88328660 78.82004547 -1.48104298
0.20720977 78.82004547 -1.33695579
0.15327789 78.82004547 -1.05661631
0.18466242 78.82004547 -0.76459932
0.17793822 78.82004547 -0.61513430
0.15769577 78.82004547 -0.43405268
2.54103708 78.82004547 -0.75876200
0.15604597 78.81005096 0.27368248
0.02895009 78.81005096 0.05105209
0.05190675 78.81005096 -0.04588677
0.06978993 78.81005096 -0.15298684
0.13705154 78.81005096 -0.30831572
0.16183387 78.81005096 -0.54733789
0.18303002 78.81005096 -0.68317819
0.17556934 78.81005096 -0.83312291
0.13981894 78.81005096 -0.96400797
0.16599472 78.81005096 -1.12019610
0.22328442 78.81005096 -1.42786229
0.33250409 78.81005096 -1.46133220
0.47442859 78.81005096 -1.49122179
0.63670683 78.81005096 -1.49683988
0.76179022 78.81005096 -1.49163651
0.94764847 78.81005096 -1.47582734
1.01443243 78.81005096 -1.48772657
1.19076037 78.81005096 -1.48796642
1.31374085 78.81005096 -1.48345804
1.49508524 78.81005096 -1.48491442
1.60221732 78.81005096 -1.47387600
1.08301032 78.81005096 -1.48480237
0.14475685 78.81005096 -0.36887446
0.02215683 78.81005096 0.16055439
1.24832273 78.81005096 0.55905765
1.41634607 78.81005096 0.52741963
1.47557235 78.81005096 0.53786993
1.53390884 78.81005096 0.52069575
1.64540875 78.81005096 0.47978956
1.70819890 78.81005096 0.46210200
1.85470438 78.81005096 0.45147398
2.01659751 78.81005096 0.42287558
2.18992209 78.81005096 0.37354279
2.27348948 78.81005096 0.29365799
2.34745121 78.81005096 0.18653385
2.39588857 78.81005096 0.01644053
2.42858362 78.81005096 -0.08950896
2.46199465 78.81005096 -0.20426388
2.51464057 78.81005096 -0.29150391
2.56130195 78.81005096 -0.42231920
2.56274986 78.81005096 -0.54661286
2.56787252 78.81005096 -0.63083553
2.51828957 78.81005096 -0.81404549
2.56654882 78.81005096 -0.99131185
2.63297653 78.81005096 -1.17713654
2.41379118 78.81005096 -1.26316261
2.30945063 78.81005096 -1.36427629
2.25228500 78.81005096 -1.42496657
2.13576770 78.81005096 -1.46570837
1.96869981 78.81005096 -1.45297289
1.84947789 78.81005096 -1.45527279
1.73069024 78.81005096 -1.46603847
0.24305654 78.81005096 0.34357810
0.27828416 78.81005096 0.51626182
0.60921967 78.81005096 0.55279952
0.69903708 78.81005096 0.55325538
0.82333797 78.81005096 0.49333808
0.90850294 78.81005096 0.52285141
1.01617503 78.81005096 0.55083215
1.07394254 78.81005096 0.57892257
1.18350351 78.81005096 0.58200181
1.30638933 78.81005096 0.53974521
