0.32675225 16.68135834 -0.99914289
0.37264937 16.68135834 -0.80026734
0.36919704 16.68135834 -0.66578215
0.38023809 16.68135834 -0.21744700
0.36710489 16.68135834 0.02928034
0.45261544 16.68135834 0.32886165
0.58655041 16.68135834 0.46572313
0.70942700 16.68135834 0.59183300
0.96952426 16.68135834 0.69101739
2.42793012 16.68135834 0.43677551
2.19554520 16.67136383 0.47717926
2.35852504 16.67136383 0.45630720
2.50324392 16.67136383 0.37131485
2.56179690 16.67136383 0.30160156
2.63879251 16.67136383 0.20454057
2.70206380 16.67136383 0.13555503
2.72914648 16.67136383 0.06108734
2.80745244 16.67136383 -0.06701107
2.86633229 16.67136383 -0.28056857
2.88814878 16.67136383 -0.41820648
2.96622682 16.67136383 -0.51110268
2.96978140 16.67136383 -0.61259961
2.92773819 16.67136383 -0.74704558
2.93262887 16.67136383 -0.94190568
2.89079165 16.67136383 -1.04452956
2.89865065 16.67136383 -1.22369885
2.85390329 16.67136383 -1.29424810
2.74644232 16.67136383 -1.37660170
2.53326535 16.67136383 -1.39567375
2.40655971 16.67136383 -1.39545262
2.30551696 16.67136383 -1.37916589
2.16576242 16.67136383 -1.39275730
1.97406304 16.67136383 -1.40905678
1.80127120 16.67136383 -1.41308582
1.70132303 16.67136383 -1.41325831
1.58273888 16.67136383 -1.39999807
1.45761645 16.67136383 -1.40144682
1.34444654 16.67136383 -1.40778279
1.21456420 16.67136383 -1.40590644
1.08068192 16.67136383 -1.39755750
0.88041383 16.67136383 -1.40299153
0.67828834 16.67136383 -1.39502740
0.54292524 16.67136383 -1.37596273
0.47249764 16.67136383 -1.37403107
0.42921430 16.67136383 -1.33021069
0.37513670 16.67136383 -1.30085969
0.35675389 16.67136383 -1.18847823
0.31459242 16.67136383 -1.07977390
0.36666593 16.67136383 -0.86776888
0.36747870 16.67136383 -0.73635447
0.35442036 16.67136383 -0.49500632
0.38040853 16.67136383 -0.39400354
0.38714749 16.67136383 -0.28796589
0.37295875 16.67136383 -0.04274625
0.38223171 16.67136383 0.10537384
0.41858202 16.67136383 0.27658424
0.53491509 16.67136383 0.41028464
0.66558057 16.67136383 0.55097097
0.79123384 16.67136383 0.64011723
0.89691150 16.67136383 0.67694145
1.07890403 16.67136383 0.71309423
1.20558441 16.67136383 0.74622136
1.32733965 16.67136383 0.74389583
1.44642591 16.67136383 0.75041282
1.58701086 16.67136383 0.76703608
1.71472895 16.67136383 0.64829469
1.82063961 16.67136383 0.55889183
1.92735183 16.67136383 0.58900547
2.01437068 16.67136383 0.52806687
2.06413507 16.67136383 0.49307579
2.75571489 16.67136383 -0.00331504
2.89590526 16.67136383 -0.18831484
2.91038847 16.67136383 -0.82377857
2.89914322 16.67136383 -1.14522445
2.65488338 16.67136383 -1.40102112
2.07357478 16.67136383 -1.40083897
1.88971102 16.67136383 -1.41299140
2.29175615 16.67136383 0.46872702
