0.33862281 35.40096283 0.80295902
2.06101251 35.40096283 0.73974633
1.57522440 35.39096832 0.72561300
1.43563044 35.39096832 0.76911581
1.35315228 35.39096832 0.78021473
1.26681828 35.39096832 0.79883152
1.18927276 35.39096832 0.81964928
1.04220414 35.39096832 0.83274019
0.93528622 35.39096832 0.83569616
0.77815402 35.39096832 0.80115634
0.71032846 35.39096832 0.81513345
0.41748166 35.39096832 0.80593759
0.48299536 35.39096832 0.81407893
0.17567869 35.39096832 0.80925697
0.27933133 35.39096832 0.81342810
0.03969786 35.39096832 0.72803146
0.10893995 35.39096832 0.76434934
-0.01604368 35.39096832 0.66732031
-0.30434453 35.39096832 0.48615548
-0.21932353 35.39096832 0.52912676
-0.33553237 35.39096832 0.41654667
-0.36762646 35.39096832 0.32882211
-0.36264336 35.39096832 0.16282097
-0.35527369 35.39096832 0.04077006
-0.33491024 35.39096832 -0.19847834
-0.35170457 35.39096832 -0.05389771
-0.32672173 35.39096832 -0.42015696
-0.34276068 35.39096832 -0.65198797
-0.31946361 35.39096832 -0.54821748
-0.35522413 35.39096832 -0.88204885
-0.35661560 35.39096832 -0.78147548
-0.37764433 35.39096832 -1.00616693
-0.35601345 35.39096832 -1.20822215
-0.36149585 35.39096832 -1.09598243
-0.36102775 35.39096832 -1.32193589
-0.09875008 35.39096832 -1.40672517
-0.27550155 35.39096832 -1.41448176
0.08126019 35.39096832 -1.42648554
0.33713272 35.39096832 -1.43412113
0.22915047 35.39096832 -1.43249595
0.53460610 35.39096832 -1.44223022
0.44416788 35.39096832 -1.43897963
0.69151706 35.39096832 -1.45735836
0.61320472 35.39096832 -1.44984269
0.82804972 35.39096832 -1.46392143
0.75945067 35.39096832 -1.45985329
0.99558085 35.39096832 -1.46330893
0.93219280 35.39096832 -1.46747732
1.11203742 35.39096832 -1.46689641
1.20684409 35.39096832 -1.46929252
1.27073526 35.39096832 -1.46466231
1.48213184 35.39096832 -1.47272897
1.59199011 35.39096832 -1.48033607
1.67531049 35.39096832 -1.48415852
1.84645951 35.39096832 -1.46364594
1.92009473 35.39096832 -1.45940101
2.15238142 35.39096832 -1.48264885
2.08751011 35.39096832 -1.48053360
2.27465153 35.39096832 -1.47061431
2.40408349 35.39096832 -1.43509138
2.43303275 35.39096832 -1.30576503
2.47995210 35.39096832 -1.12161803
2.48756504 35.39096832 -1.19895720
2.51347613 35.39096832 -1.01893771
2.61439276 35.39096832 -0.76705909
2.60084724 35.39096832 -0.85714793
2.63655233 35.39096832 -0.70504737
2.66741657 35.39096832 -0.60048598
2.69612765 35.39096832 -0.45253205
2.68626094 35.39096832 -0.52957839
2.69753766 35.39096832 -0.36751866
2.72053838 35.39096832 -0.20002094
2.71473742 35.39096832 -0.27319589
2.71745872 35.39096832 -0.11786669
2.71189284 35.39096832 -0.04383392
2.71307683 35.39096832 0.16151494
2.70941877 35.39096832 0.24320620
2.65943527 35.39096832 0.31065640
2.54245329 35.39096832 0.36694944
2.47434616 35.39096832 0.42992535
2.40782166 35.39096832 0.48786378
2.28782296 35.39096832 0.58540148
2.22679830 35.39096832 0.58133256
1.99981141 35.39096832 0.74415207
1.89701736 35.39096832 0.76363248
1.67416084 35.39096832 0.75338250
-0.32205665 35.39096832 -0.71527892
1.35507059 35.39096832 -1.46741784
1.74417496 35.39096832 -1.47620606
2.02533960 35.39096832 -1.46773934
2.33313918 35.39096832 -1.45175481
2.58170843 35.39096832 -0.91623032
2.71075106 35.39096832 0.07884875
