0.10761826 1.86167145 -0.36639050
1.70727015 1.86167145 -1.38187706
2.06199217 1.86167145 0.46518141
0.51825052 1.86167145 0.25155619
0.25490236 1.85167694 -0.10199677
0.23441252 1.85167694 -0.17782359
0.00904503 1.85167694 -0.52087617
0.00412895 1.85167694 -0.70371503
0.00774651 1.85167694 -0.78040081
0.04371712 1.85167694 -0.99938148
0.01943909 1.85167694 -0.92326176
0.03810814 1.85167694 -1.15377867
0.02882610 1.85167694 -1.25810969
0.18157606 1.85167694 -1.30761731
0.11171670 1.85167694 -1.28100765
0.38075063 1.85167694 -1.33193851
0.29277086 1.85167694 -1.32589686
0.55976158 1.85167694 -1.33567536
0.48766905 1.85167694 -1.33423531
0.63696450 1.85167694 -1.34676015
0.75215101 1.85167694 -1.36631370
0.85810393 1.85167694 -1.38098598
1.02373886 1.85167694 -1.38127637
1.10928690 1.85167694 -1.38590431
1.20734060 1.85167694 -1.39571142
1.29022896 1.85167694 -1.39861715
1.37002110 1.85167694 -1.40156758
1.42982376 1.85167694 -1.39529216
1.49730694 1.85167694 -1.37559187
1.56108546 1.85167694 -1.36636806
1.64632237 1.85167694 -1.37603235
1.78534460 1.85167694 -1.38403070
1.88726723 1.85167694 -1.38725960
1.94885051 1.85167694 -1.39077735
2.06733751 1.85167694 -1.38025427
2.18350649 1.85167694 -1.35922146
2.28886247 1.85167694 -1.35045433
2.42110300 1.85167694 -1.17808557
2.43664002 1.85167694 -1.07351089
2.44801569 1.85167694 -0.97000825
2.47847557 1.85167694 -0.80494666
2.47329879 1.85167694 -0.69199646
2.46128845 1.85167694 -0.53791332
2.46076083 1.85167694 -0.46745443
2.43664646 1.85167694 -0.36404514
2.41966939 1.85167694 -0.29735062
2.39173150 1.85167694 -0.18339415
2.37998462 1.85167694 -0.10507192
2.33235073 1.85167694 0.01483596
2.31175232 1.85167694 0.11421105
2.26582384 1.85167694 0.23131746
2.22951818 1.85167694 0.33889124
2.00168347 1.85167694 0.50098509
1.82403696 1.85167694 0.52656585
1.71763325 1.85167694 0.54927558
1.54499459 1.85167694 0.59899020
1.39661443 1.85167694 0.64227951
1.27575219 1.85167694 0.66236609
1.20459092 1.85167694 0.67232907
1.07578993 1.85167694 0.62579656
0.89253712 1.85167694 0.55942452
0.76850259 1.85167694 0.48714477
0.59351963 1.85167694 0.29163420
0.67099839 1.85167694 0.38409007
0.41180855 1.85167694 0.13983689
0.36750913 1.85167694 0.06806222
0.32796890 1.85167694 0.01618544
0.45995343 1.85167694 0.23290744
0.19342019 1.85167694 -0.22521548
0.15432647 1.85167694 -0.30860114
-0.00206047 1.85167694 -0.62198627
0.04869567 1.85167694 -1.07184660
0.96009743 1.85167694 -1.38372970
2.39582086 1.85167694 -1.29627252
2.13009620 1.85167694 0.43839684
1.62755179 1.85167694 0.57873422
1.00119424 1.85167694 0.63563120
