2.14699936 21.10126495 -1.31295788
2.20428228 21.10126495 -1.28631449
1.92634964 21.10126495 -1.37897301
1.61520028 21.10126495 -1.39301622
2.73521805 21.10126495 -0.02372085
-1.23208499 21.10126495 -0.80438143
-1.02397728 21.10126495 -0.66317463
-1.08626354 21.10126495 -0.66949165
-1.23552036 21.10126495 -0.54594576
-1.55554712 21.10126495 0.06007605
-1.40752113 21.10126495 -0.89217544
-1.78534842 21.10126495 -0.15808670
-1.97074151 21.10126495 0.13782117
-2.00749469 21.10126495 -0.27395469
-2.31868863 21.10126495 -0.14750943
-2.41398621 21.10126495 -0.05744755
-2.63320017 21.10126495 -0.91792339
-2.62509990 21.10126495 0.11086799
-2.84964919 21.10126495 -1.06154490
-3.08889461 21.10126495 -1.22147834
-3.42185140 21.10126495 -1.18673503
-3.55369186 21.10126495 -1.13204634
-3.66343784 21.10126495 -0.77881569
-0.56623149 21.10126495 -0.92906094
-0.93316114 21.10126495 0.25560248
-3.21679211 21.10126495 0.20523033
-0.49533510 21.09127045 -0.98720306
-0.48352590 21.09127045 -1.04826581
-0.48466161 21.09127045 -1.12497663
-0.47451928 21.09127045 -1.19850111
-0.36493084 21.09127045 -1.18778670
0.13103782 21.09127045 -1.34756231
0.19889225 21.09127045 -1.34891593
0.36568969 21.09127045 -1.37849176
0.47133073 21.09127045 -1.38852811
0.56618547 21.09127045 -1.38396871
0.85115534 21.09127045 -1.37033379
1.00311530 21.09127045 -1.37293637
1.15971422 21.09127045 -1.36465788
1.35961533 21.09127045 -1.36570537
1.69464087 21.09127045 -1.40143132
2.02476645 21.09127045 -1.36912227
-0.07052736 21.09127045 0.44668940
-0.28433007 21.09127045 0.44337553
-0.51492709 21.09127045 0.43084815
-0.63787049 21.09127045 0.41712025
0.05467148 21.09127045 -1.26303315
-0.04518729 21.09127045 -1.21657383
-0.08716160 21.09127045 -1.17024052
-0.16888784 21.09127045 -1.15957963
-0.25889745 21.09127045 -1.17543232
-0.42535838 21.09127045 0.44577867
-0.18835640 21.09127045 0.44999662
-0.00073990 21.09127045 0.44476637
0.07985303 21.09127045 0.44263300
0.15279137 21.09127045 0.44080788
0.22135536 21.09127045 0.43872645
0.38610211 21.09127045 0.52989024
2.26109767 21.09127045 -1.25163722
2.33867574 21.09127045 -1.17824674
0.74639702 21.09127045 -1.37281656
0.65546942 21.09127045 -1.37382329
0.28429449 21.09127045 -1.33998215
0.58332175 21.09127045 0.62799597
1.00749314 21.09127045 0.80033094
1.22557819 21.09127045 0.82376349
1.41792774 21.09127045 0.80232382
1.67902684 21.09127045 0.78895050
1.77891433 21.09127045 0.80274290
1.94621837 21.09127045 0.77939326
2.24216461 21.09127045 0.74211085
2.40788555 21.09127045 0.77338701
2.55305052 21.09127045 0.75821483
2.61382151 21.09127045 0.70192605
2.68253994 21.09127045 0.40053600
2.73153162 21.09127045 0.28010559
2.74603152 21.09127045 0.21291657
2.76576686 21.09127045 0.14853497
2.70874500 21.09127045 -0.08302700
2.74756289 21.09127045 -0.26661015
2.71023870 21.09127045 -0.40916622
2.69220567 21.09127045 -0.48434117
2.62867928 21.09127045 -0.69756377
2.43785095 21.09127045 -0.91667593
0.83370638 21.09127045 0.78859031
-1.03202581 21.09127045 -0.43969420
-1.09924161 21.09127045 -0.14582637
-1.05919063 21.09127045 0.15633164
-1.13461697 21.09127045 0.14206158
-1.34496689 21.09127045 0.10749961
-1.33821571 21.09127045 -0.06673624
-1.33330679 21.09127045 -0.18679409
-1.31836140 21.09127045 -0.56437552
-1.31077254 21.09127045 -0.75380099
-1.30804396 21.09127045 -0.81848907
-1.46794474 21.09127045 -0.15278248
-1.48150015 21.09127045 -0.58192992
-1.48276019 21.09127045 -0.71561515
-1.49249244 21.09127045 -0.88828534
-1.61679363 21.09127045 0.19825310
-1.48983562 21.09127045 0.15759277
-1.43076921 21.09127045 -0.03608679
-1.60335851 21.09127045 -0.13804957
-1.58631408 21.09127045 -0.57628810
-1.58337224 21.09127045 -0.64966637
-1.57267702 21.09127045 -0.91831934
-1.75267708 21.09127045 0.17947409
-1.61487460 21.09127045 0.02782889
-1.67459500 21.09127045 -0.39343601
-1.68131864 21.09127045 -0.51857585
-1.65489221 21.09127045 -0.63898325
-1.74624240 21.09127045 -0.98167014
-1.89066911 21.09127045 0.17060350
-1.88072801 21.09127045 -0.16790333
-1.87620628 21.09127045 -0.34172305
-1.86727083 21.09127045 -0.66540194
-1.85733330 21.09127045 -1.02294540
-1.91940379 21.09127045 0.10709807
-1.95975006 21.09127045 -0.20570488
-1.94507658 21.09127045 -0.30124214
-2.02063560 21.09127045 -0.33914456
-2.08127832 21.09127045 -0.51157296
-2.01182842 21.09127045 -0.61371768
-2.01787567 21.09127045 -0.95286143
-2.15305734 21.09127045 -0.40595627
-2.13471293 21.09127045 -0.92076594
-2.38599634 21.09127045 -0.12208619
-2.20388556 21.09127045 -0.32998449
-2.27165174 21.09127045 -0.22921367
-2.21875858 21.09127045 -0.88132453
-2.42072630 21.09127045 -0.89409232
-2.52032375 21.09127045 0.00393814
-2.69454336 21.09127045 0.12822990
-2.69615579 21.09127045 -0.91652924
-2.82667613 21.09127045 -0.97421622
-2.91026497 21.09127045 -1.11577618
-2.98048735 21.09127045 -1.17736197
-2.99060941 21.09127045 0.15899032
-3.16649890 21.09127045 -1.20228386
-3.27607679 21.09127045 -1.22573996
-3.27568674 21.09127045 0.18669757
-3.36180735 21.09127045 -1.18190384
-3.52757192 21.09127045 0.16179973
-3.56913018 21.09127045 -1.04460645
-3.60178542 21.09127045 -0.90429747
-3.68851256 21.09127045 -0.70927793
-3.71149635 21.09127045 -0.64406359
-3.71377492 21.09127045 -0.55075365
-3.72566652 21.09127045 -0.29376000
-3.69110584 21.09127045 -0.23234975
-3.69208288 21.09127045 -0.17201845
-3.68397570 21.09127045 -0.06383362
-3.63118410 21.09127045 0.02966812
-3.63441873 21.09127045 0.09713394
-3.68883538 21.09127045 -0.45051873
-3.62123609 21.09127045 -0.82417381
-0.81311566 21.09127045 -0.53607571
-0.86080742 21.09127045 0.30957857
-1.01779211 21.09127045 -0.73279059
-1.02942085 21.09127045 -0.12498014
-0.97645545 21.09127045 0.21153940
