0.29297978 -71.45677948 -0.82168710
2.37810779 -71.45677948 -0.32321775
1.91516829 -71.45677948 0.85955435
0.69185370 -71.45677948 0.83213526
0.52300400 -71.46677399 0.78199965
0.41512778 -71.46677399 0.76802200
0.33184129 -71.46677399 0.72078830
0.21012390 -71.46677399 0.62576485
0.15611438 -71.46677399 0.57340467
0.16413325 -71.46677399 0.46542233
0.20952368 -71.46677399 0.33622372
0.24220429 -71.46677399 0.22742125
0.25130051 -71.46677399 0.15618934
0.25406846 -71.46677399 0.08704779
0.23694827 -71.46677399 -0.02894374
0.20862547 -71.46677399 -0.22717069
0.22923596 -71.46677399 -0.31050318
0.25758910 -71.46677399 -0.43662986
0.26336327 -71.46677399 -0.52046829
0.26463422 -71.46677399 -0.60570627
0.26116943 -71.46677399 -0.66766238
0.29246199 -71.46677399 -0.88467228
0.25607893 -71.46677399 -1.07722867
0.25886005 -71.46677399 -1.00481308
0.26016268 -71.46677399 -1.16049206
0.28735778 -71.46677399 -1.32442403
0.26330093 -71.46677399 -1.25695646
0.30874768 -71.46677399 -1.38242137
0.40455094 -71.46677399 -1.39868665
0.53362060 -71.46677399 -1.40595710
0.46714720 -71.46677399 -1.40742421
0.67640138 -71.46677399 -1.40830958
0.60552049 -71.46677399 -1.40219271
0.79977512 -71.46677399 -1.42580771
1.04180241 -71.46677399 -1.45013714
0.93514472 -71.46677399 -1.44065917
1.13027465 -71.46677399 -1.45950103
1.30115652 -71.46677399 -1.46713638
1.23437333 -71.46677399 -1.46437097
1.37255204 -71.46677399 -1.46753538
1.56095052 -71.46677399 -1.46001959
1.49542153 -71.46677399 -1.46461165
1.76701403 -71.46677399 -1.46504283
1.65227711 -71.46677399 -1.45713592
2.00907874 -71.46677399 -1.46145654
1.94034600 -71.46677399 -1.46566164
2.07859278 -71.46677399 -1.46474743
2.27059531 -71.46677399 -1.44755709
2.18663216 -71.46677399 -1.46472549
2.37598276 -71.46677399 -1.42860866
2.49067521 -71.46677399 -1.38790667
2.47899079 -71.46677399 -1.09990597
2.48773503 -71.46677399 -1.18695378
2.42747664 -71.46677399 -0.89826697
2.44143009 -71.46677399 -0.96678972
2.40599275 -71.46677399 -0.79021657
2.37855124 -71.46677399 -0.63832957
2.37006116 -71.46677399 -0.55369657
2.37998533 -71.46677399 -0.38420504
2.36755943 -71.46677399 -0.26259044
2.31353378 -71.46677399 -0.14271039
2.25500560 -71.46677399 -0.03643894
2.24367905 -71.46677399 0.02322278
2.20112252 -71.46677399 0.18729320
2.16357970 -71.46677399 0.32873219
2.12760925 -71.46677399 0.46327299
2.16274738 -71.46677399 0.63245022
2.06733370 -71.46677399 0.83134979
2.01349401 -71.46677399 0.86908352
1.85349596 -71.46677399 0.86131239
1.75791788 -71.46677399 0.89051002
1.60858560 -71.46677399 0.93643391
1.54530215 -71.46677399 0.94215924
1.42515421 -71.46677399 0.89951056
1.31675732 -71.46677399 0.89114064
1.19768560 -71.46677399 0.90113044
1.09778392 -71.46677399 0.89979005
0.96535599 -71.46677399 0.88455552
0.90611994 -71.46677399 0.89624417
0.84257144 -71.46677399 0.87887722
0.62427706 -71.46677399 0.81256741
0.27829385 -71.46677399 0.67802048
0.22068252 -71.46677399 -0.12197623
0.28770646 -71.46677399 -0.75682402
1.84366763 -71.46677399 -1.47151434
2.49446225 -71.46677399 -1.30877507
2.18812418 -71.46677399 0.25754654
2.08999467 -71.46677399 0.73445702
0.78412110 -71.46677399 0.85918266
