0.36046883 16.94135284 -0.67802685
2.48428917 16.93135834 0.43733218
2.58912945 16.93135834 0.34946880
2.62150049 16.93135834 0.29697087
2.64668083 16.93135834 0.21308626
2.69510913 16.93135834 0.11979380
2.73027444 16.93135834 0.02164875
2.74449325 16.93135834 -0.06065571
2.76885843 16.93135834 -0.12356264
2.82341385 16.93135834 -0.24973112
2.82368279 16.93135834 -0.31032628
2.88892221 16.93135834 -0.44129580
2.91804147 16.93135834 -0.54722452
2.92429590 16.93135834 -0.62768722
2.87023520 16.93135834 -0.78012872
2.84008455 16.93135834 -0.87403828
2.83071733 16.93135834 -0.94087076
2.86165285 16.93135834 -1.06739593
2.83554435 16.93135834 -1.23449540
2.82756734 16.93135834 -1.30898917
2.67044377 16.93135834 -1.38379467
2.60386539 16.93135834 -1.39011371
2.50211310 16.93135834 -1.39436054
2.39177132 16.93135834 -1.39336884
2.30050826 16.93135834 -1.38307309
2.18888974 16.93135834 -1.38456714
2.12834835 16.93135834 -1.38987410
2.05502534 16.93135834 -1.40152895
1.98473620 16.93135834 -1.40881217
1.80463576 16.93135834 -1.40747797
1.71562338 16.93135834 -1.40695453
1.63284016 16.93135834 -1.39768815
1.55446076 16.93135834 -1.39368606
1.47428691 16.93135834 -1.39679611
1.37073159 16.93135834 -1.39982998
1.30995893 16.93135834 -1.39948881
1.24762547 16.93135834 -1.40002310
1.18467689 16.93135834 -1.39556360
1.04243600 16.93135834 -1.45262539
0.80934829 16.93135834 -1.39805853
0.70043093 16.93135834 -1.39306605
0.58885914 16.93135834 -1.38812697
0.44464976 16.93135834 -1.34976780
0.38516596 16.93135834 -1.25850606
0.35344541 16.93135834 -1.16091001
0.32237387 16.93135834 -1.08174145
0.33498660 16.93135834 -0.99850219
0.36705947 16.93135834 -0.89455307
0.36419204 16.93135834 -0.74490887
0.37284803 16.93135834 -0.61148089
0.36296219 16.93135834 -0.49202135
0.34225121 16.93135834 -0.32807699
0.34411335 16.93135834 -0.26728001
0.33922091 16.93135834 -0.13580780
0.34211713 16.93135834 0.09210191
0.35139349 16.93135834 0.28301492
0.36733323 16.93135834 0.34156942
0.43208566 16.93135834 0.40134093
0.56726503 16.93135834 0.47807443
0.74906957 16.93135834 0.65253180
0.87018943 16.93135834 0.69767547
1.02067566 16.93135834 0.74455053
1.15483236 16.93135834 0.76546413
1.33655834 16.93135834 0.76480722
1.47198820 16.93135834 0.73216951
1.60906458 16.93135834 0.70550007
1.75312674 16.93135834 0.64119369
2.02277136 16.93135834 0.57946748
2.16227388 16.93135834 0.56027865
2.22811127 16.93135834 0.55208784
2.30174160 16.93135834 0.52228123
2.43544936 16.93135834 0.48213324
2.89148164 16.93135834 -0.71452826
2.85468936 16.93135834 -1.13051224
2.78877568 16.93135834 -1.36690938
1.90712333 16.93135834 -1.41093194
0.93043059 16.93135834 -1.45753789
0.33329785 16.93135834 0.02900603
0.65174496 16.93135834 0.56546408
1.94538510 16.93135834 0.60068691
