1.63336790 77.78006744 -1.47606337
0.03315652 77.78006744 -1.29897463
1.37131822 77.77007294 0.55991822
1.43312299 77.77007294 0.56014627
1.49890912 77.77007294 0.56018764
1.57923210 77.77007294 0.59708649
1.65574086 77.77007294 0.61243498
1.73794258 77.77007294 0.61173224
1.80034244 77.77007294 0.61944944
1.91142046 77.77007294 0.58634198
1.99161720 77.77007294 0.58605897
2.14169502 77.77007294 0.63313496
2.23740864 77.77007294 0.58806473
2.33709073 77.77007294 0.50517005
2.40521693 77.77007294 0.42535806
2.51121688 77.77007294 0.36054882
2.60724282 77.77007294 0.22653919
2.64210320 77.77007294 0.08217011
2.63200665 77.77007294 -0.00904563
2.61432242 77.77007294 -0.17624307
2.61031199 77.77007294 -0.23941633
2.59928799 77.77007294 -0.34824473
2.58653998 77.77007294 -0.48072663
2.57664061 77.77007294 -0.60936046
2.59700274 77.77007294 -0.76660925
2.62472820 77.77007294 -0.94005024
2.59292912 77.77007294 -1.02830887
2.59217119 77.77007294 -1.08865798
2.54724264 77.77007294 -1.18887746
2.51331258 77.77007294 -1.24876046
2.37370944 77.77007294 -1.37843263
2.18803120 77.77007294 -1.47343004
2.12487030 77.77007294 -1.47673130
2.02683139 77.77007294 -1.47768116
1.95977056 77.77007294 -1.47512805
1.86024332 77.77007294 -1.46832991
1.79293406 77.77007294 -1.47399521
1.70510983 77.77007294 -1.47182417
1.57442045 77.77007294 -1.48864853
1.46894169 77.77007294 -1.49016094
1.37220013 77.77007294 -1.49025226
1.26417422 77.77007294 -1.49071515
1.18338108 77.77007294 -1.49181163
1.10426390 77.77007294 -1.49215519
0.99992949 77.77007294 -1.48981929
0.91059840 77.77007294 -1.48748362
0.83851451 77.77007294 -1.49292457
0.69850433 77.77007294 -1.50030851
0.61048490 77.77007294 -1.49983215
0.54131812 77.77007294 -1.50079024
0.44412947 77.77007294 -1.49403679
0.38021162 77.77007294 -1.48302805
0.27663147 77.77007294 -1.46221042
0.18368419 77.77007294 -1.43708074
0.06636371 77.77007294 -1.34847927
0.03325172 77.77007294 -1.22776425
0.00851294 77.77007294 -1.06789601
0.00331549 77.77007294 -0.90809858
0.01050336 77.77007294 -0.74649853
0.00006238 77.77007294 -0.68648857
0.00237705 77.77007294 -0.57839757
0.00960628 77.77007294 -0.50200337
0.01742086 77.77007294 -0.43188858
0.03994385 77.77007294 -0.29896936
0.03680824 77.77007294 -0.18345322
0.05544940 77.77007294 -0.04784885
0.06804686 77.77007294 0.02257076
0.13576922 77.77007294 0.11947142
0.17889595 77.77007294 0.18596409
0.22548576 77.77007294 0.23996519
0.29366982 77.77007294 0.33351493
0.35320079 77.77007294 0.38869432
0.40532815 77.77007294 0.43300399
0.50504446 77.77007294 0.48319110
0.61651129 77.77007294 0.47937405
0.72289121 77.77007294 0.48476046
0.82513547 77.77007294 0.47268146
0.90980786 77.77007294 0.51834458
0.98229760 77.77007294 0.54468757
1.04486203 77.77007294 0.55296296
1.22652376 77.77007294 0.55778116
1.31024969 77.77007294 0.56198287
1.12754405 77.77007294 0.56018782
0.02840649 77.77007294 -0.12086093
2.24917054 77.77007294 -1.45609343
2.58503866 77.77007294 0.29903719
