1.57851350 66.86029816 -1.50051498
-0.05835036 66.86029816 -1.41634405
0.40565941 66.86029816 0.57302153
0.71919703 66.86029816 0.66755885
1.84551370 66.85030365 0.29629049
1.86532891 66.85030365 0.22273216
1.91978264 66.85030365 0.03339349
1.92450595 66.85030365 -0.03064452
1.93439841 66.85030365 -0.16339038
1.95450306 66.85030365 -0.28118452
1.97066414 66.85030365 -0.40784076
1.98037958 66.85030365 -0.48996422
2.01905966 66.85030365 -0.61473036
2.02400160 66.85030365 -0.68095410
2.04364443 66.85030365 -0.78395915
2.05046821 66.85030365 -0.92876971
2.03303766 66.85030365 -1.03347242
2.06537366 66.85030365 -1.21490979
2.05724216 66.85030365 -1.27850175
2.03983378 66.85030365 -1.39003408
1.95547962 66.85030365 -1.43244505
1.88139784 66.85030365 -1.45779324
1.80682945 66.85030365 -1.49362898
1.73597717 66.85030365 -1.48918045
1.65570080 66.85030365 -1.49186242
1.51916134 66.85030365 -1.50300193
1.43073785 66.85030365 -1.48846805
1.33217776 66.85030365 -1.48395693
1.24730134 66.85030365 -1.49100220
1.14691901 66.85030365 -1.49482608
1.07282019 66.85030365 -1.49411154
0.99047828 66.85030365 -1.48672783
0.89024335 66.85030365 -1.49135292
0.80754679 66.85030365 -1.50170898
0.70623416 66.85030365 -1.50903296
0.64111239 66.85030365 -1.51200986
0.54856449 66.85030365 -1.51649153
0.46840563 66.85030365 -1.51819158
0.37628487 66.85030365 -1.50656307
0.26932737 66.85030365 -1.50080442
0.16360413 66.85030365 -1.49659932
0.05311505 66.85030365 -1.49212980
-0.06204543 66.85030365 -1.47750807
-0.06482067 66.85030365 -1.31335592
-0.05153734 66.85030365 -1.19789875
-0.07154544 66.85030365 -1.10672462
-0.09680220 66.85030365 -0.96879035
-0.07694227 66.85030365 -0.89692754
-0.07672247 66.85030365 -0.82258666
-0.07509814 66.85030365 -0.74005884
-0.05348017 66.85030365 -0.65978664
-0.04505793 66.85030365 -0.58176398
-0.04368191 66.85030365 -0.44154200
-0.04048200 66.85030365 -0.35079795
-0.04052401 66.85030365 -0.25968435
-0.09688100 66.85030365 -0.12165748
-0.12190457 66.85030365 0.01234471
-0.11386721 66.85030365 0.14573593
-0.07121289 66.85030365 0.27375987
-0.04334141 66.85030365 0.42050219
0.09013189 66.85030365 0.47126371
0.21174398 66.85030365 0.51676565
0.27292997 66.85030365 0.53747779
0.34462547 66.85030365 0.55203027
0.53519565 66.85030365 0.64012903
0.59459627 66.85030365 0.65442890
0.65891993 66.85030365 0.65842724
0.82488930 66.85030365 0.67851734
0.91874427 66.85030365 0.68622339
1.06351483 66.85030365 0.69451326
1.12566066 66.85030365 0.68374097
1.23965001 66.85030365 0.68850529
1.34867442 66.85030365 0.67371476
1.42084932 66.85030365 0.67029786
1.62721372 66.85030365 0.56576478
1.69762981 66.85030365 0.55766881
1.75822592 66.85030365 0.51824212
1.82062292 66.85030365 0.35690850
1.79135704 66.85030365 0.42085093
1.99984479 66.85030365 -0.55722582
2.05033851 66.85030365 -1.09385598
