2.00398636 6.54157257 0.63989437
2.61785603 6.54157257 0.52937621
2.78674483 6.54157257 0.42596439
2.88709188 6.54157257 0.34121144
2.94323421 6.54157257 0.20268983
0.30791765 6.54157257 -0.98868096
0.26944977 6.54157257 -0.85417688
0.27834141 6.54157257 -0.53057683
0.30058846 6.54157257 -0.33644095
0.35864133 6.54157257 -0.07168216
0.51204336 6.54157257 0.33687589
0.77414715 6.54157257 0.53155035
1.13077688 6.54157257 0.63810724
1.53562069 6.54157257 0.65878057
1.81936538 6.54157257 0.64890760
1.89647710 6.53157806 0.65269655
2.18516636 6.53157806 0.64307690
2.39171362 6.53157806 0.62160885
2.49657679 6.53157806 0.58918262
2.56544042 6.53157806 0.55801183
2.67023659 6.53157806 0.49738091
2.72070432 6.53157806 0.45183614
2.91978717 6.53157806 0.26204371
2.96224189 6.53157806 0.11866004
2.95953441 6.53157806 -0.10963954
2.99499822 6.53157806 -0.30897927
3.04182029 6.53157806 -0.39919302
3.04745460 6.53157806 -0.46704850
3.03206563 6.53157806 -0.63600975
3.05886626 6.53157806 -0.78178102
3.08310771 6.53157806 -0.91128057
3.07503462 6.53157806 -1.01517248
3.00099254 6.53157806 -1.19491327
2.91413689 6.53157806 -1.30386579
2.79805374 6.53157806 -1.33862543
2.64009809 6.53157806 -1.35379088
2.49953198 6.53157806 -1.36689055
2.35502982 6.53157806 -1.35780740
2.19821453 6.53157806 -1.33916402
2.08361697 6.53157806 -1.35711586
1.94737709 6.53157806 -1.36084116
1.85510755 6.53157806 -1.36188877
1.75292635 6.53157806 -1.35762942
1.64549720 6.53157806 -1.34829021
1.56113613 6.53157806 -1.35112941
1.41988277 6.53157806 -1.37973022
1.33001316 6.53157806 -1.37895167
1.18907237 6.53157806 -1.37915432
1.06594110 6.53157806 -1.36510420
0.95823216 6.53157806 -1.37207615
0.88904178 6.53157806 -1.36651325
0.80999631 6.53157806 -1.35460114
0.73932558 6.53157806 -1.36394036
0.51424474 6.53157806 -1.37642777
0.35260391 6.53157806 -1.32371545
0.25476724 6.53157806 -1.19495404
0.31501707 6.53157806 -1.05275416
0.25915015 6.53157806 -0.91556263
0.26777855 6.53157806 -0.74170482
0.27277622 6.53157806 -0.59666401
0.32504162 6.53157806 -0.40337759
0.26845542 6.53157806 -0.22338203
0.33193430 6.53157806 -0.13457060
0.36823836 6.53157806 0.03954255
0.42962158 6.53157806 0.22746591
0.48651502 6.53157806 0.25245884
0.56037205 6.53157806 0.40881714
0.56593794 6.53157806 0.49178669
0.70796615 6.53157806 0.51254874
0.87696177 6.53157806 0.55438298
0.96485513 6.53157806 0.59867495
1.07006633 6.53157806 0.62288755
1.21303129 6.53157806 0.66081494
1.37556779 6.53157806 0.65225953
1.47398019 6.53157806 0.66079038
1.60379779 6.53157806 0.65739036
1.66616833 6.53157806 0.65943944
1.74667096 6.53157806 0.64973718
2.08428502 6.53157806 0.61879712
2.29688263 6.53157806 0.66505271
2.85589218 6.53157806 0.39437571
2.96204925 6.53157806 0.01802816
3.03383923 6.53157806 -1.11721003
2.02104092 6.53157806 -1.35800695
0.27766800 6.53157806 -1.28244829
0.24836476 6.53157806 -0.28221038
1.28690958 6.53157806 0.66438466
