-0.17524225 21.88124847 -1.40613282
0.04031771 21.88124847 -1.40096784
0.24149951 21.88124847 -1.39152265
0.41374749 21.88124847 -1.36076677
0.23454565 21.88124847 0.77183920
2.66169906 21.88124847 -1.22408843
3.31459546 21.88124847 -1.14303911
3.45133162 21.88124847 -1.03767300
3.48578691 21.88124847 -0.84093505
3.48658061 21.88124847 -0.53673863
3.09580970 21.88124847 0.98117954
2.74677682 21.88124847 1.00012815
2.41311955 21.88124847 0.96681422
2.00347686 21.88124847 0.83495241
-1.04043686 21.88124847 -1.46822643
-1.22661877 21.88124847 0.68217963
-3.37490535 21.88124847 -1.42864227
-3.55819035 21.88124847 -1.38638222
-0.69615877 21.88124847 0.72484612
0.67376441 21.87125397 0.75219595
0.60903978 21.87125397 0.71525615
0.48496661 21.87125397 0.74619031
0.38544869 21.87125397 0.74172306
0.30308416 21.87125397 0.76652813
0.11251417 21.87125397 0.76930577
0.17307355 21.87125397 0.77210879
0.04159014 21.87125397 0.76579994
-0.11434129 21.87125397 0.74408293
-0.02540384 21.87125397 0.74775988
-0.34818599 21.87125397 0.75912952
-0.24432868 21.87125397 0.76447630
-0.10522430 21.87125397 -1.40163970
-0.23784322 21.87125397 -1.41021574
0.10409482 21.87125397 -1.39592242
-0.02186996 21.87125397 -1.40384543
0.35358399 21.87125397 -1.35662365
0.17948554 21.87125397 -1.39399469
0.52180403 21.87125397 -1.36235762
0.73973328 21.87125397 -1.35576904
0.97249061 21.87125397 -1.35175085
0.85764855 21.87125397 -1.35938036
1.07021415 21.87125397 -1.35474908
1.20282495 21.87125397 -1.35653019
1.34079576 21.87125397 -1.36311674
1.56735516 21.87125397 -1.35090792
1.46573770 21.87125397 -1.35641658
1.74318981 21.87125397 -1.33439040
1.67597830 21.87125397 -1.33616710
1.96326375 21.87125397 -1.33570683
1.86463368 21.87125397 -1.32508445
2.12005258 21.87125397 -1.31485510
2.04653978 21.87125397 -1.32335293
2.21560955 21.87125397 -1.30504286
2.85623670 21.87125397 -1.18261003
2.74321985 21.87125397 -1.20953774
3.09219813 21.87125397 -1.16845703
3.45298457 21.87125397 -0.90356779
3.48182201 21.87125397 -0.68175989
3.53796768 21.87125397 -0.18125460
3.52552009 21.87125397 -0.07444266
3.53179121 21.87125397 0.26286611
3.24952579 21.87125397 0.74734205
2.83231759 21.87125397 1.00208032
2.90171409 21.87125397 1.00676060
2.17122126 21.87125397 0.92054260
2.31314397 21.87125397 0.95015824
1.78904510 21.87125397 0.77727830
1.89731669 21.87125397 0.79733312
1.62524557 21.87125397 0.76138479
1.68870354 21.87125397 0.76332194
1.35840905 21.87125397 0.79436553
1.24403667 21.87125397 0.77329379
1.14367568 21.87125397 0.78635079
1.03135633 21.87125397 0.75760984
0.96610731 21.87125397 0.77793711
0.90386748 21.87125397 0.79107738
0.75319910 21.87125397 0.79109001
0.82121730 21.87125397 0.79886055
-0.36502573 21.87125397 -1.40696490
-0.30346289 21.87125397 -1.40968096
0.65487480 21.87125397 -1.36747372
3.40804863 21.87125397 -1.12905157
3.48709106 21.87125397 -0.46221489
3.17133164 21.87125397 0.94946188
2.55472779 21.87125397 0.99453056
1.54124331 21.87125397 0.78840739
1.43721867 21.87125397 0.79161251
1.09750867 21.87125397 0.74404472
-0.92645258 21.87125397 -1.46399653
-1.11862290 21.87125397 -1.47017944
-1.02344859 21.87125397 0.67433316
-1.16556716 21.87125397 0.68404782
-1.21663201 21.87125397 -1.47408783
-1.30278194 21.87125397 0.68056881
-1.27790403 21.87125397 -1.47404420
-1.38766801 21.87125397 0.68619144
-1.51740801 21.87125397 -1.47636211
-1.58341300 21.87125397 -1.47330105
-1.67655873 21.87125397 -1.46971262
-1.62204599 21.87125397 0.68644381
-1.83695602 21.87125397 0.68708801
-1.93675780 21.87125397 0.68318158
-1.83041966 21.87125397 -1.45133233
-2.12016773 21.87125397 0.66004682
-2.04597950 21.87125397 -1.41920233
-2.23561192 21.87125397 0.65684861
-2.28258038 21.87125397 -1.41595745
-2.35150504 21.87125397 -1.42244375
-2.38243175 21.87125397 0.65251023
-2.41243911 21.87125397 -1.42388809
-2.61768174 21.87125397 0.63952965
-2.62100124 21.87125397 -1.44660234
-2.71893334 21.87125397 0.66357225
-2.88443470 21.87125397 -1.43957686
-2.88580036 21.87125397 0.67415726
-3.05483985 21.87125397 0.67146027
-2.94869995 21.87125397 -1.43885899
-3.15491104 21.87125397 0.67719358
-3.09992576 21.87125397 -1.43364155
-3.19618177 21.87125397 -1.43537641
-3.00995970 21.87125397 -1.43783331
-3.32436037 21.87125397 0.77160931
-3.47332907 21.87125397 -1.41538000
-3.42545795 21.87125397 0.84204435
-3.63665438 21.87125397 -1.35194910
-3.52939534 21.87125397 0.87035954
-3.68362761 21.87125397 0.92315584
-3.74119258 21.87125397 -1.32536268
-3.88481069 21.87125397 0.84441280
-3.79875565 21.87125397 -1.29112911
-3.92754555 21.87125397 -1.21363401
-4.02095890 21.87125397 -1.10132444
-3.95919538 21.87125397 0.82998204
-0.78759694 21.87125397 0.71735215
-0.89913738 21.87125397 0.70409405
-0.70927370 21.87125397 -1.44298291
-0.83423471 21.87125397 -1.45642757
-3.96520925 21.87125397 0.64260679
-3.96742463 21.87125397 0.57601982
-3.97301722 21.87125397 0.40376931
-3.97651148 21.87125397 0.29112583
-3.98561502 21.87125397 0.00095247
-3.98173642 21.87125397 0.12288424
-3.99218011 21.87125397 -0.19922212
-3.99486184 21.87125397 -0.28092939
-4.00195789 21.87125397 -0.50500643
-4.00441360 21.87125397 -0.57663900
-4.00621796 21.87125397 -0.63781774
-4.00868845 21.87125397 -0.71425790
-4.01132393 21.87125397 -0.79754937
-4.01583719 21.87125397 -0.93301415
-4.01829863 21.87125397 -1.01722574
3.52368212 21.87140083 0.39282230
3.49194288 21.87163925 0.48876950
