1.17001832 -80.29659271 1.10700202
0.92576152 -80.29659271 1.13408613
0.41466126 -80.29659271 0.82849789
0.33121744 -80.29659271 0.45388880
0.31174970 -80.29659271 0.27232420
0.21051940 -80.29659271 -0.37189770
0.18041709 -80.29659271 -0.55538964
0.94124252 -80.29659271 -1.45748472
3.94253731 -80.29659271 -0.40410954
3.92881966 -80.29659271 -0.12496224
3.82625103 -80.29659271 0.09873687
3.50209856 -80.29659271 0.30182567
3.14259458 -80.29659271 0.46788990
2.94251919 -80.29659271 0.57202959
2.76770520 -80.29659271 0.67556477
2.56059933 -80.29659271 0.84266257
2.19194484 -80.29659271 0.99173158
1.99797642 -80.29659271 1.06431997
1.67132258 -80.30658722 1.13170159
1.58132946 -80.30658722 1.12689793
1.38635170 -80.30658722 1.17320573
1.32392681 -80.30658722 1.14729261
1.24335206 -80.30658722 1.12057590
1.10776269 -80.30658722 1.10553443
0.85640967 -80.30658722 1.12626505
0.76111108 -80.30658722 1.15640211
0.64378512 -80.30658722 1.07179677
0.55856597 -80.30658722 1.04520476
0.52626687 -80.30658722 0.98815024
0.36246628 -80.30658722 0.68052554
0.34571785 -80.30658722 0.57241285
0.31637400 -80.30658722 0.38599533
0.31183159 -80.30658722 0.21144877
0.28669247 -80.30658722 0.10049842
0.27089766 -80.30658722 -0.00147895
0.22978817 -80.30658722 -0.26873416
0.25913686 -80.30658722 -0.19496240
0.20235114 -80.30658722 -0.44174585
0.18661866 -80.30658722 -0.61898428
0.14367655 -80.30658722 -0.81834668
0.16496122 -80.30658722 -0.74103951
0.08462252 -80.30658722 -1.13259614
0.10433318 -80.30658722 -1.03652418
0.33125886 -80.30658722 -1.35793507
0.25679973 -80.30658722 -1.33739460
0.49701548 -80.30658722 -1.40201795
0.83177352 -80.30658722 -1.44160342
0.76530331 -80.30658722 -1.43396354
1.00013161 -80.30658722 -1.46531260
1.07562280 -80.30658722 -1.47645569
1.28806329 -80.30658722 -1.50055397
1.36488140 -80.30658722 -1.50217354
1.64830911 -80.30658722 -1.49320483
1.55906641 -80.30658722 -1.49941492
1.77476859 -80.30658722 -1.47992730
1.93839455 -80.30658722 -1.48229277
2.10174465 -80.30658722 -1.47284234
2.29057217 -80.30658722 -1.46554732
2.48463082 -80.30658722 -1.46018004
2.70400953 -80.30658722 -1.46631753
3.02246046 -80.30658722 -1.47300816
2.95934534 -80.30658722 -1.47683859
3.24845386 -80.30658722 -1.43908799
3.66164899 -80.30658722 -1.19288254
3.60529709 -80.30658722 -1.21725762
3.75074863 -80.30658722 -1.02533793
3.84207797 -80.30658722 -0.72386676
3.85279322 -80.30658722 -0.63491178
3.97004461 -80.30658722 -0.32401031
3.90659070 -80.30658722 -0.05301824
3.74741817 -80.30658722 0.20444657
3.22928381 -80.30658722 0.40953150
3.06900978 -80.30658722 0.51677871
2.84049106 -80.30658722 0.61324805
2.70548463 -80.30658722 0.72802204
2.62093067 -80.30658722 0.81285048
2.48469734 -80.30658722 0.87452406
2.40052319 -80.30658722 0.93454313
2.26055551 -80.30658722 0.96884459
2.05883646 -80.30658722 1.04638791
1.82675087 -80.30658722 1.11652195
1.01975596 -80.30658722 1.14462483
0.44901457 -80.30658722 0.88704890
0.38340941 -80.30658722 0.77081060
0.05408120 -80.30658722 -1.30086553
0.64599496 -80.30658722 -1.43260908
1.22671318 -80.30658722 -1.49573481
3.45409918 -80.30658722 -1.38487434
3.80051994 -80.30658722 -0.94187731
1.91258848 -80.30658722 1.08436108
1.47425151 -80.30658722 1.15152180
