2.57449341 5.24160004 0.60384399
0.32708454 5.24160004 -1.03251648
0.98176444 5.24160004 0.75142694
1.69805288 5.23160553 0.69486421
1.78523850 5.23160553 0.68663490
1.93570435 5.23160553 0.66298443
2.03378630 5.23160553 0.65794361
2.12854195 5.23160553 0.65290666
2.19085479 5.23160553 0.60729694
2.25002718 5.23160553 0.59649688
2.44434810 5.23160553 0.62352395
2.68869615 5.23160553 0.60298431
2.77808785 5.23160553 0.58799231
2.87421727 5.23160553 0.48620445
2.94622898 5.23160553 0.38474190
2.96154189 5.23160553 0.29815239
2.94126058 5.23160553 0.23481484
2.93901300 5.23160553 0.03623618
2.95500731 5.23160553 -0.11349881
2.96210051 5.23160553 -0.21018562
2.98226047 5.23160553 -0.34597611
2.99208426 5.23160553 -0.45525637
2.99484468 5.23160553 -0.55222428
3.05444193 5.23160553 -0.66661286
3.06650186 5.23160553 -0.73795325
3.03640676 5.23160553 -0.80862695
3.04259491 5.23160553 -0.88836217
3.00658560 5.23160553 -1.00195241
2.96193886 5.23160553 -1.09991837
2.90754128 5.23160553 -1.16528070
2.88013673 5.23160553 -1.22637165
2.73114252 5.23160553 -1.29121506
2.62016940 5.23160553 -1.30731940
2.56029224 5.23160553 -1.31693602
2.44440603 5.23160553 -1.31514955
2.38408995 5.23160553 -1.30664337
2.24724126 5.23160553 -1.30648315
2.06661177 5.23160553 -1.34961879
1.95093572 5.23160553 -1.36390734
1.82725215 5.23160553 -1.36821353
1.73797107 5.23160553 -1.36277497
1.65291178 5.23160553 -1.35619819
1.52177548 5.23160553 -1.36053705
1.44886577 5.23160553 -1.36663163
1.32633233 5.23160553 -1.36904955
1.20502782 5.23160553 -1.36978793
1.11460555 5.23160553 -1.35344625
1.00755262 5.23160553 -1.34933054
0.94566613 5.23160553 -1.34702790
0.77916306 5.23160553 -1.33565581
0.64246058 5.23160553 -1.31458235
0.54384190 5.23160553 -1.26418912
0.39120790 5.23160553 -1.25215352
0.33210111 5.23160553 -1.09218514
0.25455627 5.23160553 -1.02293670
0.26666996 5.23160553 -0.94057453
0.25555262 5.23160553 -0.78718030
0.25531861 5.23160553 -0.64111328
0.32723799 5.23160553 -0.51182121
0.33690557 5.23160553 -0.44709328
0.29109830 5.23160553 -0.30371144
0.27241376 5.23160553 -0.15741545
0.25887966 5.23160553 -0.08976320
0.25697309 5.23160553 -0.01516233
0.28759587 5.23160553 0.05715497
0.36577982 5.23160553 0.18447682
0.40036267 5.23160553 0.27892298
0.48228440 5.23160553 0.41576976
0.49605164 5.23160553 0.51454687
0.58141941 5.23160553 0.60328722
0.65020186 5.23160553 0.68471694
0.71810216 5.23160553 0.71998787
0.77815056 5.23160553 0.72269309
0.85670203 5.23160553 0.73190004
0.92177349 5.23160553 0.74646598
1.05207813 5.23160553 0.74180692
1.20718920 5.23160553 0.70518762
1.29329908 5.23160553 0.68860382
1.41624057 5.23160553 0.66747844
1.47909272 5.23160553 0.68658400
1.55512416 5.23160553 0.71884614
2.96148396 5.23160553 0.11471214
2.51818395 5.23160553 0.62305689
1.61637628 5.23160553 0.71444464
