0.17360041 -72.75675201 -0.95176822
1.15416610 -72.76674652 0.62162995
1.01229799 -72.76674652 0.57218802
1.07861638 -72.76674652 0.59103423
0.92257088 -72.76674652 0.55298579
0.84457439 -72.76674652 0.55052966
0.77750522 -72.76674652 0.54139245
0.67402959 -72.76674652 0.52025545
0.57727700 -72.76674652 0.53043485
0.46890596 -72.76674652 0.47697583
0.38448367 -72.76674652 0.39771232
0.31602407 -72.76674652 0.36810049
0.25275812 -72.76674652 0.26470518
0.23237610 -72.76674652 0.19413072
0.20567888 -72.76674652 0.06879765
0.18547374 -72.76674652 -0.05525575
0.15945436 -72.76674652 -0.15349850
0.12791899 -72.76674652 -0.26443571
0.07098740 -72.76674652 -0.43829176
0.11179677 -72.76674652 -0.32328284
0.06081469 -72.76674652 -0.53741556
0.08488853 -72.76674652 -0.75869292
0.04671325 -72.76674652 -0.65751719
0.09776604 -72.76674652 -0.83966297
0.18055427 -72.76674652 -1.01308024
0.26481432 -72.76674652 -1.17656720
0.34299880 -72.76674652 -1.38867199
0.43768555 -72.76674652 -1.40708053
0.55916214 -72.76674652 -1.40493584
0.68461531 -72.76674652 -1.41838539
0.81404114 -72.76674652 -1.43217313
0.94862539 -72.76674652 -1.44298553
1.04064596 -72.76674652 -1.44778228
1.34068906 -72.76674652 -1.46049070
1.22533035 -72.76674652 -1.46252203
1.47069073 -72.76674652 -1.45732570
1.58091044 -72.76674652 -1.44793177
1.68940890 -72.76674652 -1.44936299
1.83141363 -72.76674652 -1.45294321
2.01613641 -72.76674652 -1.45219052
2.16399074 -72.76674652 -1.43696880
2.33964896 -72.76674652 -1.42675173
2.47530723 -72.76674652 -1.41999352
2.56102443 -72.76674652 -1.31107402
2.56495571 -72.76674652 -1.22823763
2.53865290 -72.76674652 -1.03672540
2.54363179 -72.76674652 -0.88434321
2.48557281 -72.76674652 -0.72350276
2.42254877 -72.76674652 -0.54871261
2.47673178 -72.76674652 -0.65941930
2.37095284 -72.76674652 -0.40203264
2.35622573 -72.76674652 -0.26897854
2.29891491 -72.76674652 -0.13017991
2.32401228 -72.76674652 -0.19594501
2.27426291 -72.76674652 0.00012658
2.24205351 -72.76674652 0.12927015
2.21194291 -72.76674652 0.24503905
2.19465756 -72.76674652 0.30397379
2.11806464 -72.76674652 0.40086108
2.15896416 -72.76674652 0.35323367
2.06850219 -72.76674652 0.53201187
1.98773956 -72.76674652 0.56820601
1.90305007 -72.76674652 0.64466727
1.82292020 -72.76674652 0.65725124
1.71144927 -72.76674652 0.64608210
1.61981916 -72.76674652 0.65442926
1.56086016 -72.76674652 0.67206442
1.46161425 -72.76674652 0.67530268
1.39831305 -72.76674652 0.68030912
1.25850916 -72.76674652 0.63314444
0.30545923 -72.76674652 -1.30856264
1.31384039 -72.76674652 0.66651446
