1.10803008 -2.55823517 0.55765122
0.63890505 -2.55823517 0.46290389
0.41290238 -2.55823517 0.16164704
0.30219400 -2.55823517 -0.09428100
0.21818510 -2.55823517 -0.80490375
1.86264348 -2.55823517 0.47552770
2.06776857 -2.56822968 0.33994514
2.13973331 -2.56822968 0.11317529
2.20169973 -2.56822968 0.00885449
2.26353741 -2.56822968 -0.06837541
2.36795473 -2.56822968 -0.27405921
2.33079839 -2.56822968 -0.34516203
2.30442166 -2.56822968 -0.44874185
2.35597801 -2.56822968 -0.52361447
2.35987782 -2.56822968 -0.61855561
2.35271144 -2.56822968 -0.70280987
2.35524154 -2.56822968 -0.81280428
2.30672526 -2.56822968 -0.91511345
2.33133364 -2.56822968 -0.97348911
2.34258842 -2.56822968 -1.06934166
2.32563233 -2.56822968 -1.23547423
2.11901355 -2.56822968 -1.34827220
2.05333424 -2.56822968 -1.35097444
1.94703162 -2.56822968 -1.35790193
1.86340618 -2.56822968 -1.35671139
1.78036094 -2.56822968 -1.35890734
1.71467113 -2.56822968 -1.36066866
1.56824255 -2.56822968 -1.35233510
1.48243558 -2.56822968 -1.36340344
1.41836166 -2.56822968 -1.37214518
1.28312111 -2.56822968 -1.37449849
1.20249319 -2.56822968 -1.36916733
1.13584435 -2.56822968 -1.36998320
1.05724156 -2.56822968 -1.35131192
0.99503660 -2.56822968 -1.35720563
0.89158845 -2.56822968 -1.37098336
0.80496413 -2.56822968 -1.36650097
0.69450706 -2.56822968 -1.35571301
0.58334851 -2.56822968 -1.33387899
0.47658482 -2.56822968 -1.29381728
0.41460782 -2.56822968 -1.29262435
0.31930527 -2.56822968 -1.22544181
0.26304322 -2.56822968 -1.14661896
0.23121446 -2.56822968 -1.05670762
0.21318035 -2.56822968 -0.87045014
0.22903173 -2.56822968 -0.74442524
0.24342638 -2.56822968 -0.66812116
0.27300021 -2.56822968 -0.57150865
0.27173749 -2.56822968 -0.49901739
0.26740992 -2.56822968 -0.38879156
0.28611362 -2.56822968 -0.32599130
0.27113217 -2.56822968 -0.24430977
0.29262212 -2.56822968 -0.15606278
0.35455692 -2.56822968 -0.01247293
0.39475092 -2.56822968 0.09823685
0.44997141 -2.56822968 0.22529395
0.49956235 -2.56822968 0.29136792
0.53283083 -2.56822968 0.35238618
0.57520992 -2.56822968 0.44713706
0.72434634 -2.56822968 0.47462305
1.04390860 -2.56822968 0.54823536
1.60303903 -2.56822968 0.63430709
1.66904736 -2.56822968 0.61495936
1.82137716 -2.56822968 0.52846110
0.22076465 -2.56822968 -0.97751188
1.35340619 -2.56822968 -1.37608254
1.65273213 -2.56822968 -1.35588634
2.24293017 -2.56822968 -1.32573605
2.36209869 -2.56822968 -1.16212356
2.30646849 -2.56822968 -0.12747553
2.10652494 -2.56822968 0.25874132
1.95436025 -2.56822968 0.41664681
