-0.30711773 84.27993011 -0.49090746
1.86865342 84.27993011 0.65578896
0.91104466 84.26993561 0.66503584
0.70927531 84.26993561 0.64912891
0.78514469 84.26993561 0.66483867
0.63022834 84.26993561 0.62459934
0.53536314 84.26993561 0.60168135
0.32533884 84.26993561 0.49696982
0.38970068 84.26993561 0.48098415
0.17124075 84.26993561 0.51729155
0.23231433 84.26993561 0.49908856
0.10017130 84.26993561 0.48987168
0.04133966 84.26993561 0.46875045
0.01177108 84.26993561 0.39696297
-0.05729757 84.26993561 0.29804254
-0.02395490 84.26993561 0.34870663
-0.11760619 84.26993561 0.23720808
-0.15570514 84.26993561 0.12415745
-0.18091828 84.26993561 0.05630171
-0.22502352 84.26993561 -0.11286100
-0.22799766 84.26993561 -0.04911494
-0.25697735 84.26993561 -0.21570700
-0.25682372 84.26993561 -0.33787376
-0.27496386 84.26993561 -0.27573907
-0.25820264 84.26993561 -0.42774025
-0.30357331 84.26993561 -0.55138934
-0.25438249 84.26993561 -0.62992483
-0.25847051 84.26993561 -0.80394369
-0.30652615 84.26993561 -0.76553214
-0.34505394 84.26993561 -0.91283268
-0.37724841 84.26993561 -1.00719965
-0.35671791 84.26993561 -1.06831682
-0.32022619 84.26993561 -1.20265102
-0.30312568 84.26993561 -1.27176118
-0.21507569 84.26993561 -1.39888895
-0.25547758 84.26993561 -1.34648049
-0.15581380 84.26993561 -1.46010149
-0.03095274 84.26993561 -1.50752211
-0.09352683 84.26993561 -1.49766898
0.01147542 84.26993561 -1.56678104
0.16564460 84.26993561 -1.54201937
0.26402533 84.26993561 -1.55749261
0.34872901 84.26993561 -1.56813157
0.54840237 84.26993561 -1.58053625
0.65818441 84.26993561 -1.57719123
0.73727816 84.26993561 -1.58104026
0.80046582 84.26993561 -1.57952654
0.90032083 84.26993561 -1.59494007
1.15204728 84.26993561 -1.59881413
1.07479584 84.26993561 -1.58422005
1.22500896 84.26993561 -1.59995842
1.31857073 84.26993561 -1.59774888
1.55389166 84.26993561 -1.60616148
1.47702432 84.26993561 -1.59905398
1.73031628 84.26993561 -1.59347320
1.66396093 84.26993561 -1.59919167
1.97812366 84.26993561 -1.55157733
1.88934755 84.26993561 -1.57954872
2.08362556 84.26993561 -1.33322036
2.10751677 84.26993561 -1.16537607
2.13503861 84.26993561 -1.03863454
2.20782065 84.26993561 -0.80182981
2.20509291 84.26993561 -0.71666759
2.15697646 84.26993561 -0.52482569
2.18609262 84.26993561 -0.43776694
2.17803478 84.26993561 -0.27088988
2.20193124 84.26993561 -0.34312919
2.13518405 84.26993561 -0.06682619
2.13396835 84.26993561 -0.13504779
2.11371088 84.26993561 0.09619986
2.08731818 84.26993561 0.17310707
2.01467037 84.26993561 0.33707139
2.05123258 84.26993561 0.26254451
1.99952495 84.26993561 0.43568516
1.55799580 84.26993561 0.78788924
1.80625474 84.26993561 0.65602028
1.26388049 84.26993561 0.79633516
1.19727540 84.26993561 0.78623885
0.97647452 84.26993561 0.70690012
1.04166770 84.26993561 0.74574256
1.10907495 84.26993561 0.75706327
1.36347282 84.26993561 0.81809837
1.45682466 84.26993561 0.80566359
1.96682739 84.26993561 0.54632509
2.12481880 84.26993561 0.01279426
2.21380830 84.26993561 -0.91764861
2.09043646 84.26993561 -1.51605833
1.00981963 84.26993561 -1.58287811
0.43904459 84.26993561 -1.57454753
0.44177249 84.26993561 0.51249349
