2.16657853 -42.59738922 0.39882615
0.19327758 -42.59738922 -1.29177415
0.09714004 -42.59738922 -0.98928577
0.24362883 -42.59738922 0.02161284
0.90801841 -42.60738373 0.58533615
0.84367353 -42.60738373 0.55456889
0.70784992 -42.60738373 0.50707066
0.64383852 -42.60738373 0.45734820
0.49903220 -42.60738373 0.41161460
0.58765012 -42.60738373 0.41315424
0.40031409 -42.60738373 0.30306739
0.40100393 -42.60738373 0.22548738
0.33742309 -42.60738373 0.14953229
0.29435807 -42.60738373 0.06501736
0.20890434 -42.60738373 -0.03143896
0.16304888 -42.60738373 -0.11272056
0.11437444 -42.60738373 -0.17017606
0.07950859 -42.60738373 -0.24355449
-0.01592586 -42.60738373 -0.37628031
0.01769398 -42.60738373 -0.31557351
-0.05226787 -42.60738373 -0.49564725
-0.09990311 -42.60738373 -0.58668983
-0.08752524 -42.60738373 -0.65353316
-0.02799416 -42.60738373 -0.76760298
-0.03351397 -42.60738373 -0.70690131
0.04685807 -42.60738373 -0.87963629
0.01046407 -42.60738373 -0.82743835
0.12004616 -42.60738373 -1.04471350
0.15006243 -42.60738373 -1.13484180
0.20785527 -42.60738373 -1.35431409
0.22662504 -42.60738373 -1.41372883
0.33254933 -42.60738373 -1.44598150
0.47538736 -42.60738373 -1.44641817
0.64907962 -42.60738373 -1.43146718
0.77191639 -42.60738373 -1.43813002
0.88723683 -42.60738373 -1.44223201
1.07263899 -42.60738373 -1.44030416
1.19600809 -42.60738373 -1.45170617
1.26421547 -42.60738373 -1.45342565
1.39892435 -42.60738373 -1.45105469
1.46819735 -42.60738373 -1.44505143
1.58828139 -42.60738373 -1.42419982
1.69106925 -42.60738373 -1.42467451
1.84020376 -42.60738373 -1.42079115
1.96502542 -42.60738373 -1.40789568
2.12757206 -42.60738373 -1.40808487
2.31910205 -42.60738373 -1.42303431
2.49216175 -42.60738373 -1.39478350
2.57731414 -42.60738373 -1.38670707
2.70892048 -42.60738373 -1.10923553
2.67639256 -42.60738373 -1.20862603
2.69047379 -42.60738373 -0.92594308
2.68056870 -42.60738373 -0.86664242
2.65845180 -42.60738373 -0.74550080
2.61874533 -42.60738373 -0.58776349
2.58716202 -42.60738373 -0.45715624
2.49905539 -42.60738373 -0.32609633
2.45715356 -42.60738373 -0.16171724
2.40258050 -42.60738373 0.02085422
2.42727304 -42.60738373 -0.03998220
2.38553882 -42.60738373 0.10883763
2.30849409 -42.60738373 0.27318466
2.26424074 -42.60738373 0.32147142
2.10709691 -42.60738373 0.41886732
1.92791915 -42.60738373 0.42014539
2.01335764 -42.60738373 0.41753942
1.83248484 -42.60738373 0.46448898
1.74623036 -42.60738373 0.49562618
1.67821264 -42.60738373 0.52891612
1.58312404 -42.60738373 0.56658125
1.34989440 -42.60738373 0.63222361
1.40956485 -42.60738373 0.61937279
1.47418773 -42.60738373 0.59420764
2.21718383 -42.60738373 0.36706245
2.35821271 -42.60738373 0.21314132
0.46541309 -42.60738373 0.34081739
0.76278633 -42.60738373 0.53375220
0.97039789 -42.60738373 0.62600410
1.05756485 -42.60738373 0.62719661
