2.40790319 -62.09697723 -0.21782993
0.54890496 -62.09697723 0.28795332
0.66410136 -62.09697723 0.56363505
1.57395422 -62.09697723 0.68896282
2.30898333 -62.10697174 0.38427415
2.29300213 -62.10697174 0.30768609
2.29637027 -62.10697174 0.22529465
2.31103659 -62.10697174 0.11841548
2.35668898 -62.10697174 -0.03338546
2.39093685 -62.10697174 -0.15771851
2.41290164 -62.10697174 -0.32225570
2.44129825 -62.10697174 -0.39877453
2.45815015 -62.10697174 -0.45876029
2.49335861 -62.10697174 -0.62077057
2.49098849 -62.10697174 -0.71627092
2.51907516 -62.10697174 -0.82541132
2.52016163 -62.10697174 -0.88876051
2.51961970 -62.10697174 -0.97837669
2.45213223 -62.10697174 -1.03391778
2.37028718 -62.10697174 -1.20268202
2.37170625 -62.10697174 -1.29448116
2.37204885 -62.10697174 -1.35856771
2.27960134 -62.10697174 -1.40030587
2.14712191 -62.10697174 -1.42284441
2.04919791 -62.10697174 -1.44154966
1.94173265 -62.10697174 -1.44847906
1.86246371 -62.10697174 -1.45217860
1.76544726 -62.10697174 -1.46276224
1.66482186 -62.10697174 -1.46932828
1.58318973 -62.10697174 -1.49140704
1.51847732 -62.10697174 -1.48984659
1.41453540 -62.10697174 -1.48425198
1.31006849 -62.10697174 -1.48035133
1.18781126 -62.10697174 -1.49353707
1.05639815 -62.10697174 -1.45641148
0.99218410 -62.10697174 -1.45462692
0.88484305 -62.10697174 -1.43024170
0.78321439 -62.10697174 -1.41886628
0.69559455 -62.10697174 -1.40211189
0.59423113 -62.10697174 -1.38391531
0.47859246 -62.10697174 -1.35803664
0.29589084 -62.10697174 -1.22064912
0.18055855 -62.10697174 -1.14564621
0.17064838 -62.10697174 -0.98631495
0.20956500 -62.10697174 -0.89402330
0.23251274 -62.10697174 -0.78133839
0.24779141 -62.10697174 -0.67310518
0.29217067 -62.10697174 -0.56793380
0.31774691 -62.10697174 -0.45481208
0.37443262 -62.10697174 -0.21304017
0.37391949 -62.10697174 -0.13169448
0.36327645 -62.10697174 0.00973399
0.43629673 -62.10697174 0.09604922
0.53446376 -62.10697174 0.23002163
0.58250958 -62.10697174 0.35697448
0.59652495 -62.10697174 0.44270411
0.63240498 -62.10697174 0.50832951
0.69647306 -62.10697174 0.63740081
0.81429350 -62.10697174 0.70362407
0.98838347 -62.10697174 0.70462894
1.06299198 -62.10697174 0.69602680
1.14097929 -62.10697174 0.67243671
1.25766647 -62.10697174 0.67449385
1.33627689 -62.10697174 0.68374425
1.43026555 -62.10697174 0.68568492
1.51095951 -62.10697174 0.68564850
1.66764784 -62.10697174 0.66306001
1.72951829 -62.10697174 0.63687682
1.82365012 -62.10697174 0.62176412
1.91556609 -62.10697174 0.59678060
2.01641774 -62.10697174 0.56780446
2.07758331 -62.10697174 0.56130064
2.14865541 -62.10697174 0.57165784
2.23096728 -62.10697174 0.55102891
0.32658482 -62.10697174 -0.35975772
0.38512200 -62.10697174 -1.32177067
2.28174543 -62.10697174 0.51169407
0.88249868 -62.10697174 0.72002691
