1.24863529 73.36016083 -1.54384172
-0.07567254 73.36016083 0.00883572
0.44653174 73.36016083 0.42614821
1.64391327 73.35016632 0.46074402
1.69471502 73.35016632 0.41809490
1.78193104 73.35016632 0.31380743
1.84846807 73.35016632 0.19496769
1.88884115 73.35016632 0.14117594
1.95872748 73.35016632 -0.00320789
1.98376048 73.35016632 -0.07909130
1.96799135 73.35016632 -0.20150791
2.03077221 73.35016632 -0.31096059
2.05861783 73.35016632 -0.46588472
2.06471658 73.35016632 -0.52788979
2.06446385 73.35016632 -0.65507174
2.08165240 73.35016632 -0.75097805
2.10005879 73.35016632 -0.85451686
2.13333535 73.35016632 -0.94543964
2.12605214 73.35016632 -1.05102956
2.12971950 73.35016632 -1.15661335
2.12929058 73.35016632 -1.24887383
2.10785007 73.35016632 -1.32184291
2.06640124 73.35016632 -1.41457903
1.98955703 73.35016632 -1.51054907
1.90520859 73.35016632 -1.52398026
1.78475308 73.35016632 -1.54709840
1.67835212 73.35016632 -1.56069577
1.57518339 73.35016632 -1.57248080
1.51237345 73.35016632 -1.55898154
1.38648641 73.35016632 -1.53966510
1.30857992 73.35016632 -1.54027355
1.10968113 73.35016632 -1.55088294
0.99773300 73.35016632 -1.56357408
0.90483159 73.35016632 -1.56542444
0.83728039 73.35016632 -1.57018888
0.74401581 73.35016632 -1.57366347
0.63748085 73.35016632 -1.56859183
0.57170588 73.35016632 -1.56701875
0.49135309 73.35016632 -1.56614649
0.37850070 73.35016632 -1.56093693
0.25242901 73.35016632 -1.61589384
0.16607122 73.35016632 -1.53341269
0.09691741 73.35016632 -1.49652684
0.01785500 73.35016632 -1.45592904
-0.00554284 73.35016632 -1.38104880
-0.00827806 73.35016632 -1.30990398
-0.01378312 73.35016632 -1.24865425
-0.00496041 73.35016632 -1.08270609
-0.00506180 73.35016632 -0.98950940
-0.03269053 73.35016632 -0.90647352
-0.03089353 73.35016632 -0.83636022
-0.05015881 73.35016632 -0.67009604
-0.04412211 73.35016632 -0.60755658
-0.04984871 73.35016632 -0.49554646
-0.04273924 73.35016632 -0.42405981
-0.04710946 73.35016632 -0.31067103
-0.05788811 73.35016632 -0.18346502
-0.06357273 73.35016632 -0.05138466
-0.08495936 73.35016632 0.10549281
-0.08678175 73.35016632 0.16606517
-0.10461697 73.35016632 0.28470150
-0.07392728 73.35016632 0.36542842
-0.01462215 73.35016632 0.42353475
0.11137526 73.35016632 0.43390706
0.24914803 73.35016632 0.40223053
0.31050280 73.35016632 0.37066853
0.38704881 73.35016632 0.41917580
0.53880513 73.35016632 0.43432418
0.63415462 73.35016632 0.48972160
0.75399280 73.35016632 0.47586501
1.01163077 73.35016632 0.46857509
1.07913828 73.35016632 0.44394025
1.13732624 73.35016632 0.46863568
1.20524871 73.35016632 0.45065275
1.49861979 73.35016632 0.43667719
1.56628299 73.35016632 0.46500272
1.18478119 73.35016632 -1.54639637
