1.34595668 -36.36751556 0.60351557
1.48457015 -36.36751556 0.56912565
1.57559729 -36.36751556 0.55712748
1.68708980 -36.36751556 0.56617647
1.78179443 -36.36751556 0.55742693
1.90847290 -36.36751556 0.55773503
2.03478408 -36.36751556 0.54791671
2.14462233 -36.36751556 0.53599089
2.30937290 -36.36751556 0.40984577
2.31152821 -36.36751556 0.34882039
2.43276024 -36.36751556 0.18251100
2.52123880 -36.36751556 0.04251974
2.58585286 -36.36751556 -0.08225525
2.60217142 -36.36751556 -0.17052074
2.73520613 -36.36751556 -0.35736179
2.70407033 -36.36751556 -0.47039962
2.65496635 -36.36751556 -0.59031993
2.61632967 -36.36751556 -0.69846761
2.61138439 -36.36751556 -0.87647891
2.58321023 -36.36751556 -0.93614745
2.50747824 -36.36751556 -1.08605790
2.46791697 -36.36751556 -1.17391682
2.44064093 -36.36751556 -1.39969897
2.33592796 -36.36751556 -1.42833591
2.18971992 -36.36751556 -1.43493617
2.05874538 -36.36751556 -1.43886936
1.92982078 -36.36751556 -1.43856657
1.82304931 -36.36751556 -1.43945837
1.72199583 -36.36751556 -1.43995798
1.63476098 -36.36751556 -1.44659746
1.54225016 -36.36751556 -1.46436191
1.45737374 -36.36751556 -1.46420109
1.36154342 -36.36751556 -1.46824169
1.21895695 -36.36751556 -1.45470488
1.04180539 -36.36751556 -1.46619642
0.94546372 -36.36751556 -1.46789145
0.84256297 -36.36751556 -1.46739006
0.73189265 -36.36751556 -1.46413827
0.59106243 -36.36751556 -1.47674954
0.42891020 -36.36751556 -1.49176836
0.25603244 -36.36751556 -1.48594892
0.07989986 -36.36751556 -1.44997525
0.06721742 -36.36751556 -1.30417836
0.06836449 -36.36751556 -1.15278244
0.06504403 -36.36751556 -1.02277815
0.04696693 -36.36751556 -0.89900541
0.01540523 -36.36751556 -0.67727965
0.01005782 -36.36751556 -0.54125756
0.02724773 -36.36751556 -0.32466733
0.02403535 -36.36751556 -0.19718468
0.02701359 -36.36751556 -0.08027095
0.03363327 -36.36751556 0.05366533
0.03339668 -36.36751556 0.12353841
0.05345006 -36.36751556 0.33740333
0.08456355 -36.36751556 0.47179469
0.20493372 -36.36751556 0.56417811
0.41145182 -36.36751556 0.68213582
0.54403865 -36.36751556 0.71364802
0.61781496 -36.36751556 0.74057043
0.71946299 -36.36751556 0.73917454
0.88144577 -36.36751556 0.72719562
0.99958199 -36.36751556 0.69960862
1.12161052 -36.36751556 0.65761185
1.21093369 -36.36751556 0.64086169
