1.99596643 53.86057281 0.04715231
1.08388257 53.85057831 0.41633683
1.14976001 53.85057831 0.41721511
1.21916604 53.85057831 0.40313041
1.30526197 53.85057831 0.40780601
1.37126553 53.85057831 0.39885554
1.47804117 53.85057831 0.37848523
1.56753457 53.85057831 0.37115407
1.65650618 53.85057831 0.36927629
1.76564264 53.85057831 0.35186073
1.83644426 53.85057831 0.35732129
1.90660739 53.85057831 0.28439820
1.93102372 53.85057831 0.22778362
1.96467257 53.85057831 0.11535876
2.00679827 53.85057831 -0.01120473
2.03320837 53.85057831 -0.13236146
2.06055975 53.85057831 -0.21576412
2.07360697 53.85057831 -0.29864219
2.07632399 53.85057831 -0.35891441
2.09961009 53.85057831 -0.45358476
2.14000463 53.85057831 -0.56038773
2.14820027 53.85057831 -0.66855049
2.14134288 53.85057831 -0.77718741
2.13858366 53.85057831 -0.88016993
2.07552767 53.85057831 -0.94102001
2.04741693 53.85057831 -0.99967480
2.02897239 53.85057831 -1.17253828
2.00477862 53.85057831 -1.32007778
1.97335780 53.85057831 -1.37132168
1.91688895 53.85057831 -1.43694615
1.79168725 53.85057831 -1.44915843
1.63035023 53.85057831 -1.46476257
1.46811283 53.85057831 -1.45249307
1.40024614 53.85057831 -1.45340860
1.28988898 53.85057831 -1.45354390
1.18114567 53.85057831 -1.45324314
1.06042147 53.85057831 -1.46039510
0.93557239 53.85057831 -1.49209738
0.80337822 53.85057831 -1.50493896
0.71497339 53.85057831 -1.51021421
0.59760785 53.85057831 -1.51588869
0.50203907 53.85057831 -1.49705219
0.33855256 53.85057831 -1.48191059
0.24376997 53.85057831 -1.47103119
0.17265236 53.85057831 -1.46742165
0.02397580 53.85057831 -1.21760535
-0.00921625 53.85057831 -1.10573626
-0.03886320 53.85057831 -1.00728559
-0.12432934 53.85057831 -0.92086464
-0.21564397 53.85057831 -0.74938107
-0.18845676 53.85057831 -0.69485372
-0.12745702 53.85057831 -0.57581699
0.00114389 53.85057831 -0.43470666
0.01251697 53.85057831 -0.27425742
0.05403589 53.85057831 -0.11875410
0.07169394 53.85057831 0.02239997
0.14336628 53.85057831 0.18834476
0.14751539 53.85057831 0.27473953
0.17875810 53.85057831 0.33692020
0.25228557 53.85057831 0.42307335
0.32535565 53.85057831 0.44646141
0.45239627 53.85057831 0.44620806
0.54269588 53.85057831 0.46200567
0.66850984 53.85057831 0.43519393
0.78270495 53.85057831 0.40240717
0.91891837 53.85057831 0.41342229
0.98193949 53.85057831 0.42725083
0.09784923 53.85057831 -1.36079359
0.84533566 53.85057831 0.42411461
