0.92591751 -20.49785614 0.70627385
0.59731525 -20.49785614 0.69159251
-0.03629769 -20.49785614 -0.57813662
-0.09234585 -20.49785614 -1.05516303
2.08685184 -20.49785614 -1.46242321
2.23422480 -20.49785614 -1.45238209
2.36596036 -20.49785614 -1.41618860
2.48731899 -20.49785614 -1.34805965
2.36632705 -20.49785614 -0.77486795
2.29505467 -20.49785614 -0.62118185
2.26754308 -20.49785614 -0.15203416
2.26645446 -20.49785614 0.11075410
2.24164796 -20.49785614 0.31635311
1.24729478 -20.50785065 0.77240109
1.33687437 -20.50785065 0.78321111
1.45559204 -20.50785065 0.80547047
1.60834885 -20.50785065 0.78057277
1.76245379 -20.50785065 0.73882532
1.87587273 -20.50785065 0.70601803
2.01544189 -20.50785065 0.61958104
2.19475937 -20.50785065 0.44777116
2.29418182 -20.50785065 0.24575754
2.29976559 -20.50785065 0.17225000
2.22113371 -20.50785065 0.01800212
2.25321579 -20.50785065 -0.07821285
2.31343269 -20.50785065 -0.27445683
2.31673455 -20.50785065 -0.43693992
2.29853916 -20.50785065 -0.55418903
2.30276108 -20.50785065 -0.69551325
2.40824294 -20.50785065 -0.82907242
2.43173957 -20.50785065 -0.95758408
2.46615767 -20.50785065 -1.10267258
2.48000383 -20.50785065 -1.25285363
2.45007539 -20.50785065 -1.39420271
2.29708028 -20.50785065 -1.43726432
2.16374302 -20.50785065 -1.47305894
1.88040388 -20.50785065 -1.45423043
1.76903319 -20.50785065 -1.46255219
1.64188468 -20.50785065 -1.45973778
1.52237689 -20.50785065 -1.45730829
1.45460558 -20.50785065 -1.46134245
1.34093153 -20.50785065 -1.45680857
1.19140351 -20.50785065 -1.44719982
1.09429634 -20.50785065 -1.42211580
0.97772443 -20.50785065 -1.41030633
0.85926688 -20.50785065 -1.41032875
0.76233852 -20.50785065 -1.40434730
0.64945978 -20.50785065 -1.39825034
0.56108582 -20.50785065 -1.39030707
0.49718457 -20.50785065 -1.39505363
0.31397730 -20.50785065 -1.43380499
0.15064304 -20.50785065 -1.42890060
0.01208382 -20.50785065 -1.39237607
-0.05251899 -20.50785065 -1.25880122
-0.09172210 -20.50785065 -1.21058989
-0.11457700 -20.50785065 -1.12399364
-0.09410085 -20.50785065 -0.85224724
-0.07726337 -20.50785065 -0.78408873
-0.07659928 -20.50785065 -0.63484091
-0.02818005 -20.50785065 -0.50444627
-0.01080480 -20.50785065 -0.37355554
-0.00371419 -20.50785065 -0.31318676
0.01959345 -20.50785065 -0.16993478
0.02176172 -20.50785065 -0.06343434
0.02085835 -20.50785065 0.06636580
0.02322359 -20.50785065 0.17470363
0.03333997 -20.50785065 0.32679251
0.03844050 -20.50785065 0.46329680
0.06955835 -20.50785065 0.52063167
0.12027706 -20.50785065 0.60862380
0.27054682 -20.50785065 0.64810479
0.33846480 -20.50785065 0.65787733
0.52990049 -20.50785065 0.67994535
0.68246770 -20.50785065 0.69338894
0.86185092 -20.50785065 0.68958205
1.04513490 -20.50785065 0.78205591
1.17292666 -20.50785065 0.77981466
0.98077852 -20.50785065 0.75706285
0.43048319 -20.50785065 0.68449551
0.13200249 -20.50785065 0.67234379
-0.07805710 -20.50785065 -0.72049683
-0.09138937 -20.50785065 -0.96331012
1.27242839 -20.50785065 -1.45516002
1.98933411 -20.50785065 -1.45290649
2.31536412 -20.50785065 -0.33659428
2.20234561 -20.50785065 0.37106097
2.09650564 -20.50785065 0.56188142
1.95845068 -20.50785065 0.65987867
