0.25418407 -61.05699921 -1.33837318
0.01455720 -61.05699921 -0.89077777
0.04119118 -61.05699921 -0.68309373
0.04618745 -61.05699921 -0.43073475
2.57860732 -61.05699921 -0.38721851
2.44485235 -61.06699371 -0.02015359
2.49392414 -61.06699371 -0.13975500
2.58285284 -61.06699371 -0.44767654
2.59872866 -61.06699371 -0.58481073
2.56881642 -61.06699371 -0.67111558
2.50612187 -61.06699371 -0.79121876
2.49581099 -61.06699371 -0.95418566
2.49888778 -61.06699371 -1.15070879
2.51057053 -61.06699371 -1.25108290
2.52096939 -61.06699371 -1.35468006
2.52369452 -61.06699371 -1.43655717
2.40455961 -61.06699371 -1.44972789
2.12193489 -61.06699371 -1.45320261
2.00527978 -61.06699371 -1.46148849
1.90122056 -61.06699371 -1.46807313
1.78448212 -61.06699371 -1.47007120
1.71237957 -61.06699371 -1.47016227
1.64414239 -61.06699371 -1.45880818
1.57507217 -61.06699371 -1.47952819
1.46082115 -61.06699371 -1.47987580
1.38414812 -61.06699371 -1.47748744
1.31936932 -61.06699371 -1.47566748
1.24959326 -61.06699371 -1.47780776
1.14534283 -61.06699371 -1.46329355
1.05782735 -61.06699371 -1.45490456
0.97995651 -61.06699371 -1.44976974
0.90560281 -61.06699371 -1.44172549
0.82911432 -61.06699371 -1.43272841
0.71397787 -61.06699371 -1.41053820
0.60673648 -61.06699371 -1.39296281
0.44157943 -61.06699371 -1.39412677
0.32207349 -61.06699371 -1.37126303
0.18105154 -61.06699371 -1.29078853
0.10413501 -61.06699371 -1.20615482
0.04185345 -61.06699371 -1.11018026
-0.00686938 -61.06699371 -0.99652457
0.03146786 -61.06699371 -0.75495696
0.02588541 -61.06699371 -0.54902637
0.14459853 -61.06699371 -0.09468851
0.17648059 -61.06699371 0.05051400
0.07048114 -61.06699371 -0.61479276
0.06092997 -61.06699371 -0.33348969
2.56166124 -61.06699371 -0.24121708
2.49802446 -61.06699371 -1.04369521
2.30205250 -61.06699371 -1.47194612
0.22213186 -61.06699371 0.18050389
0.31315157 -61.06699371 0.29221833
0.37452248 -61.06699371 0.40784633
0.46693879 -61.06699371 0.52796549
0.52693814 -61.06699371 0.57326418
0.66224271 -61.06699371 0.67365861
0.76547956 -61.06699371 0.70898151
1.51430285 -61.06699371 0.72863090
1.59112811 -61.06699371 0.70731783
1.82894266 -61.06699371 0.65240115
2.06846905 -61.06699371 0.52481520
2.34851050 -61.06699371 0.46928015
2.42500687 -61.06699371 0.29884410
2.43581700 -61.06699371 0.12895691
2.21187019 -61.06699371 0.49931943
