1.92275512 32.54102325 0.57468230
2.34073901 32.54102325 0.25698867
0.73517114 32.53102875 0.71936572
0.59322691 32.53102875 0.72655541
0.57350814 32.53102875 0.65417737
0.48367810 32.53102875 0.52503955
0.52296072 32.53102875 0.60453415
0.48612836 32.53102875 0.41837907
0.44452024 32.53102875 0.27039382
0.47096029 32.53102875 0.34920192
0.41828752 32.53102875 0.18762667
0.36488491 32.53102875 0.02166116
0.40095904 32.53102875 0.11916512
0.35573941 32.53102875 -0.10311604
0.35149756 32.53102875 -0.03977008
0.35909852 32.53102875 -0.21382898
0.31012619 32.53102875 -0.40974846
0.31479365 32.53102875 -0.59358251
0.27168059 32.53102875 -0.71450996
0.23310667 32.53102875 -0.85002548
0.17102076 32.53102875 -1.03350353
0.12379755 32.53102875 -1.22160125
0.21484511 32.53102875 -1.33599102
0.46571803 32.53102875 -1.43263996
0.61297500 32.53102875 -1.44570982
0.76138043 32.53102875 -1.44269395
0.92038143 32.53102875 -1.45776618
1.08712482 32.53102875 -1.44764900
1.15242052 32.53102875 -1.45449471
1.24965024 32.53102875 -1.45888543
1.32527328 32.53102875 -1.45809019
1.42929065 32.53102875 -1.45815599
1.60958993 32.53102875 -1.46651411
1.73193967 32.53102875 -1.46669519
1.81606150 32.53102875 -1.46420848
1.92148948 32.53102875 -1.45927024
2.03239489 32.53102875 -1.44685006
2.14242148 32.53102875 -1.43062389
2.29516840 32.53102875 -1.35768521
2.21213722 32.53102875 -1.42097080
2.36889291 32.53102875 -1.31160843
2.47251415 32.53102875 -1.19237709
2.44203091 32.53102875 -1.04288626
2.41720057 32.53102875 -0.90469456
2.42540383 32.53102875 -0.98371357
2.40845490 32.53102875 -0.79216421
2.38929319 32.53102875 -0.68342131
2.38119817 32.53102875 -0.58855325
2.37324238 32.53102875 -0.39640674
2.35029268 32.53102875 -0.24621524
2.35303235 32.53102875 -0.31982324
2.34018111 32.53102875 -0.18197395
2.34066486 32.53102875 -0.09933065
2.34501505 32.53102875 0.00112040
2.36035681 32.53102875 0.08362851
2.35383511 32.53102875 0.18704829
2.30605054 32.53102875 0.30817848
2.32116532 32.53102875 0.50536770
2.31779957 32.53102875 0.40559441
2.12749934 32.53102875 0.51792365
2.21134543 32.53102875 0.53105730
2.06867218 32.53102875 0.56594157
1.88911998 32.53102875 0.62714654
1.69221568 32.53102875 0.65924430
1.79697239 32.53102875 0.65236980
1.60596693 32.53102875 0.69658548
1.50793529 32.53102875 0.69315356
1.31816351 32.53102875 0.70961905
1.39172769 32.53102875 0.70529127
1.25639081 32.53102875 0.70428681
1.10504043 32.53102875 0.71450013
0.99849099 32.53102875 0.72255015
0.81143570 32.53102875 0.72685689
0.89299518 32.53102875 0.72187716
1.97969711 32.53102875 0.54795253
2.37431979 32.53102875 -0.48404732
2.43795705 32.53102875 -1.25384676
0.31128070 32.53102875 -1.40932047
