0.30320641 -69.63681793 -0.75917566
0.34295425 -69.63681793 -1.13205242
0.39887047 -69.63681793 -1.27294636
2.48701787 -69.63681793 0.28793058
2.49880409 -69.64681244 0.20431216
2.56495810 -69.64681244 0.01126952
2.62083220 -69.64681244 -0.16073175
2.65089250 -69.64681244 -0.26350641
2.68395972 -69.64681244 -0.35527769
2.70763922 -69.64681244 -0.46332929
2.75535250 -69.64681244 -0.60167867
2.83688307 -69.64681244 -0.80289698
2.79934406 -69.64681244 -0.96526521
2.71659899 -69.64681244 -1.08051372
2.64286208 -69.64681244 -1.14803576
2.60190272 -69.64681244 -1.19636500
2.47128916 -69.64681244 -1.34162867
2.38563538 -69.64681244 -1.37349665
2.26829410 -69.64681244 -1.41613817
2.14611197 -69.64681244 -1.43522549
2.02529669 -69.64681244 -1.43858492
1.90495586 -69.64681244 -1.44418645
1.81012464 -69.64681244 -1.44569361
1.70588231 -69.64681244 -1.44974303
1.58811462 -69.64681244 -1.46608031
1.52114153 -69.64681244 -1.47289717
1.44581306 -69.64681244 -1.47493267
1.36884224 -69.64681244 -1.47757614
1.29150438 -69.64681244 -1.48067701
1.22099578 -69.64681244 -1.48110211
1.11357403 -69.64681244 -1.45940411
0.95423454 -69.64681244 -1.44176424
0.83866674 -69.64681244 -1.42162502
0.72462732 -69.64681244 -1.39901292
0.61069846 -69.64681244 -1.37822402
0.53322917 -69.64681244 -1.35678995
0.43750748 -69.64681244 -1.32231128
0.36157143 -69.64681244 -1.04923570
0.32044065 -69.64681244 -0.90507048
0.32443470 -69.64681244 -0.82997900
0.28645885 -69.64681244 -0.64551193
0.25537109 -69.64681244 -0.49981216
0.23938787 -69.64681244 -0.41382068
0.22921668 -69.64681244 -0.30419147
0.22171782 -69.64681244 -0.07577678
0.23023787 -69.64681244 0.04935648
0.22677518 -69.64681244 0.18397643
0.25279024 -69.64681244 0.26868260
0.29798377 -69.64681244 0.45388812
2.47624969 -69.64681244 0.37292427
0.49234185 -69.64681244 0.66139996
0.33099976 -69.64681244 0.55610037
0.20058675 -69.64681244 -0.18110111
0.34288731 -69.64681244 -1.19739008
1.05250382 -69.64681244 -1.45394337
2.53540230 -69.64681244 -1.26918054
2.86194825 -69.64681244 -0.87991619
2.80276680 -69.64681244 -0.70300025
2.50756049 -69.64681244 0.12186944
2.45063281 -69.64681244 0.45967567
1.78830588 -69.64681244 1.03694928
1.85259330 -69.64681244 1.01788461
1.67479479 -69.64681244 1.02529335
1.44298196 -69.64681244 1.03023255
1.22583652 -69.64681244 0.92996138
1.07031715 -69.64681244 0.90126812
0.80652553 -69.64681244 0.82437122
0.58968121 -69.64681244 0.71839529
2.41499209 -69.64681244 0.66765898
2.22432280 -69.64681244 0.86562562
2.32888889 -69.64681244 0.76151776
2.18215871 -69.64681244 0.91614687
1.99686599 -69.64681244 0.95968950
