0.98805690 47.10071564 0.66265279
0.70579731 47.10071564 0.57990485
0.50118095 47.10071564 0.41066262
0.37875199 47.10071564 -0.03723836
0.37043771 47.10071564 -1.04479384
0.44398838 47.10071564 -1.26103997
0.72130847 47.10071564 -1.46982813
0.88095486 47.10071564 -1.48707652
1.01713085 47.10071564 -1.49093485
1.53732967 47.10071564 0.87502062
1.27349746 47.09072113 -1.48760879
1.11577165 47.09072113 -1.48495674
0.94865370 47.09072113 -1.49452364
0.78247440 47.09072113 -1.47670805
0.57367581 47.09072113 -1.45476151
0.47228509 47.09072113 -1.32900596
0.39018425 47.09072113 -1.13571906
0.34137532 47.09072113 -0.88949233
0.33206889 47.09072113 -0.80617166
0.31502312 47.09072113 -0.65580195
0.32676396 47.09072113 -0.49662739
0.30766463 47.09072113 -0.36309549
0.32359126 47.09072113 -0.22899227
0.36680478 47.09072113 -0.09522142
0.40992174 47.09072113 0.04696395
0.42213118 47.09072113 0.20787314
0.46451417 47.09072113 0.35643235
0.53632742 47.09072113 0.47755265
0.64399266 47.09072113 0.55831784
0.82323027 47.09072113 0.60782278
0.89547914 47.09072113 0.65808266
1.16622972 47.09072113 0.73872221
1.59937477 47.09072113 0.89616811
1.08543861 47.09072113 0.69880497
0.50205278 47.09072113 -1.42709625
1.88552105 47.09072113 0.92454618
1.68818712 47.09072113 0.91760135
1.44601429 47.09072113 -1.49208724
1.60696483 47.09072113 -1.49387288
1.71656406 47.09072113 -1.49398565
1.84442163 47.09072113 -1.48784292
2.11919522 47.09072113 -1.46746778
2.22565079 47.09072113 -1.45565367
2.37337232 47.09072113 -1.33201385
2.46007562 47.09072113 -1.19232464
2.52237678 47.09072113 -1.01549256
2.56380701 47.09072113 -0.87275285
2.58104229 47.09072113 -0.69824684
2.59046888 47.09072113 -0.61713159
2.58759451 47.09072113 -0.48387536
2.64363647 47.09072113 -0.36758679
2.65720773 47.09072113 -0.29760683
2.62612700 47.09072113 -0.20527481
2.60533977 47.09072113 -0.11296334
2.59953713 47.09072113 0.01916098
2.53045416 47.09072113 0.12757489
2.51085472 47.09072113 0.18805312
2.49269056 47.09072113 0.25919768
2.45085478 47.09072113 0.34254438
2.39004517 47.09072113 0.49233243
2.39639926 47.09072113 0.59939754
2.31908488 47.09072113 0.68759203
2.04339194 47.09072113 0.91561973
1.95577192 47.09072113 0.92442989
2.22246599 47.09072113 0.78613454
2.09930420 47.09072113 0.87174839
1.81591797 47.09386826 0.90795898
