2.35189033 -21.53783417 -0.46328142
1.24231243 -21.54782867 0.69131070
1.34321594 -21.54782867 0.67149401
1.46295035 -21.54782867 0.66599715
1.60545862 -21.54782867 0.72615623
1.73933637 -21.54782867 0.66028851
1.80854666 -21.54782867 0.61686331
1.90140963 -21.54782867 0.61162060
1.96826661 -21.54782867 0.53267038
2.01461744 -21.54782867 0.43098861
2.04505849 -21.54782867 0.35915419
2.13169694 -21.54782867 0.26430967
2.16354489 -21.54782867 0.17356479
2.21993566 -21.54782867 0.08089156
2.24898052 -21.54782867 -0.00664955
2.28693557 -21.54782867 -0.11034322
2.28882670 -21.54782867 -0.17375860
2.31608438 -21.54782867 -0.24524686
2.34047174 -21.54782867 -0.40346837
2.38486886 -21.54782867 -0.56936115
2.43440604 -21.54782867 -0.63775194
2.48295188 -21.54782867 -0.69951743
2.49374652 -21.54782867 -0.76676512
2.51019359 -21.54782867 -0.83234459
2.50329804 -21.54782867 -0.89488709
2.49413037 -21.54782867 -0.96095777
2.45137024 -21.54782867 -1.02946711
2.37667513 -21.54782867 -1.16714454
2.34203434 -21.54782867 -1.29338324
2.28986812 -21.54782867 -1.35885274
2.21559834 -21.54782867 -1.43095553
2.13908148 -21.54782867 -1.44038630
2.05010962 -21.54782867 -1.44693160
1.97238123 -21.54782867 -1.45266676
1.90150678 -21.54782867 -1.45626259
1.83492351 -21.54782867 -1.45770156
1.76216352 -21.54782867 -1.46926451
1.70213330 -21.54782867 -1.46762824
1.62813449 -21.54782867 -1.45207810
1.56476617 -21.54782867 -1.44137454
1.46513355 -21.54782867 -1.45774090
1.38124633 -21.54782867 -1.46019280
1.31838679 -21.54782867 -1.45799637
1.25086915 -21.54782867 -1.45615482
1.13659930 -21.54782867 -1.43120694
1.06990600 -21.54782867 -1.40532827
1.00510538 -21.54782867 -1.41629982
0.92149311 -21.54782867 -1.42178404
0.86099935 -21.54782867 -1.41994631
0.79268932 -21.54782867 -1.42020929
0.70008671 -21.54782867 -1.41070211
0.60269845 -21.54782867 -1.42605948
0.48853216 -21.54782867 -1.43319714
0.38767514 -21.54782867 -1.44395852
0.32060662 -21.54782867 -1.44893277
0.17352581 -21.54782867 -1.44982243
0.00187567 -21.54782867 -1.44233489
-0.16136995 -21.54782867 -1.39760482
-0.22619930 -21.54782867 -1.31673980
-0.26055822 -21.54782867 -1.15867817
-0.24221241 -21.54782867 -1.04276645
-0.26487947 -21.54782867 -0.90326679
-0.24324180 -21.54782867 -0.73725867
-0.22755751 -21.54782867 -0.65599716
-0.15297528 -21.54782867 -0.53996682
-0.10750482 -21.54782867 -0.35363606
-0.07872815 -21.54782867 -0.22580330
-0.10506261 -21.54782867 0.01930005
-0.04757791 -21.54782867 0.32696983
-0.02791335 -21.54782867 0.50693113
0.00185783 -21.54782867 0.59101373
0.25471264 -21.54782867 0.59006751
0.31390956 -21.54782867 0.60159087
0.43330586 -21.54782867 0.61638629
0.52459711 -21.54782867 0.68048459
0.68671596 -21.54782867 0.71181279
0.75415999 -21.54782867 0.72752202
0.82841837 -21.54782867 0.71724474
0.96293658 -21.54782867 0.71388710
1.11799872 -21.54782867 0.69273639
1.66435039 -21.54782867 0.74778956
2.09856939 -21.54782867 0.31512943
2.37310624 -21.54782867 -1.24194133
-0.09113381 -21.54782867 0.08365056
