1.86512458 38.52089691 0.59633738
2.09847641 38.52089691 0.52715057
2.24557400 38.52089691 0.47700188
2.32986259 38.52089691 0.26611185
0.78512746 38.52089691 0.73960268
1.40095222 38.52089691 0.65168452
1.69802964 38.52089691 0.63729757
0.88603705 38.51090240 0.76453751
0.72012347 38.51090240 0.70763707
0.58028555 38.51090240 0.66733801
0.47136223 38.51090240 0.61974746
0.37114367 38.51090240 0.56648797
0.30664620 38.51090240 0.55628145
0.08720139 38.51090240 0.45708534
0.02209055 38.51090240 0.39023656
-0.01181661 38.51090240 0.26339296
0.00727965 38.51090240 0.32993495
-0.03837191 38.51090240 0.13984694
-0.06084752 38.51090240 0.07686646
-0.00823594 38.51090240 -0.02796077
-0.06350453 38.51090240 -0.06244273
-0.05796961 38.51090240 -0.14180957
-0.06373763 38.51090240 -0.24140903
-0.02456626 38.51090240 -0.39584270
-0.00103609 38.51090240 -0.47970635
0.01901648 38.51090240 -0.68175989
-0.00392057 38.51090240 -0.57364291
0.05664517 38.51090240 -0.82618845
0.04412324 38.51090240 -0.76573026
0.07994089 38.51090240 -0.90413547
0.14504692 38.51090240 -1.07000768
0.10730922 38.51090240 -1.01552999
0.20245710 38.51090240 -1.18313468
0.19305201 38.51090240 -1.32891071
0.19367914 38.51090240 -1.25003469
0.28656495 38.51090240 -1.47653615
0.38274711 38.51090240 -1.50703812
0.52571481 38.51090240 -1.50637841
0.45248991 38.51090240 -1.50321627
0.63070238 38.51090240 -1.51910555
0.81050599 38.51090240 -1.52463448
0.72424209 38.51090240 -1.52961075
0.91926557 38.51090240 -1.52509058
1.10829997 38.51090240 -1.50512969
1.00071895 38.51090240 -1.50829780
1.20396340 38.51090240 -1.51483607
1.40340877 38.51090240 -1.51939595
1.31927049 38.51090240 -1.51814330
1.66229439 38.51090240 -1.52646863
1.55561209 38.51090240 -1.52033377
1.72351599 38.51090240 -1.52580023
1.91843402 38.51090240 -1.50595582
1.85263860 38.51090240 -1.51265204
2.02553988 38.51090240 -1.49451995
2.11829472 38.51090240 -1.44267476
2.32104278 38.51090240 -1.18894017
2.32541060 38.51090240 -1.09103930
2.33181953 38.51090240 -0.94492185
2.33152747 38.51090240 -0.74919772
2.33114123 38.51090240 -0.68020475
2.33111525 38.51090240 -0.54190415
2.33083320 38.51090240 -0.41850093
2.32992959 38.51090240 -0.21088114
2.32982254 38.51090240 -0.04497673
2.32940793 38.51090240 0.06734358
2.32827663 38.51090240 0.43925029
2.16789579 38.51090240 0.50374013
2.03604436 38.51090240 0.55596668
1.93745351 38.51090240 0.58281565
1.80460191 38.51090240 0.61109579
1.61889493 38.51090240 0.65254122
1.33597589 38.51090240 0.62845987
1.19405329 38.51090240 0.73686540
1.08728063 38.51090240 0.77221537
2.32898641 38.51090240 0.33405289
2.33257580 38.51090240 -1.25011933
2.20883942 38.51090240 -1.42787993
1.46929657 38.51090240 -1.51548457
0.20880646 38.51090240 -1.42908061
-0.05372714 38.51090240 -0.32944795
0.15385534 38.51090240 0.52685231
0.20468962 38.51090240 0.57884240
0.99973184 38.51090240 0.78106701
1.45183623 38.51090240 0.69980681
1.53766000 38.51090240 0.67560035
