1.33183563 -41.82740021 -1.43813431
1.22720468 -41.82740021 -1.44558144
1.15815103 -41.82740021 -1.44344544
1.02814639 -41.82740021 -1.42882717
0.96106446 -41.82740021 -1.42831838
0.83817112 -41.82740021 -1.42492735
0.71859932 -41.82740021 -1.43949711
0.55551594 -41.82740021 -1.44511533
0.45528525 -41.82740021 -1.40915537
0.39789096 -41.82740021 -1.38839972
0.34132433 -41.82740021 -1.33301389
0.27585435 -41.82740021 -1.16519523
0.23884055 -41.82740021 -1.02700245
0.21387693 -41.82740021 -0.90016472
0.19188271 -41.82740021 -0.79964715
0.16567160 -41.82740021 -0.59590936
0.18094163 -41.82740021 -0.41449040
0.17424293 -41.82740021 -0.31639504
0.20541203 -41.82740021 -0.20655823
0.21496388 -41.82740021 -0.09786555
0.22927734 -41.82740021 -0.01505116
0.28241652 -41.82740021 0.10451069
0.30021036 -41.82740021 0.21985993
0.33425638 -41.82740021 0.27593291
0.44083551 -41.82740021 0.36269262
0.50284952 -41.82740021 0.43616146
0.55466223 -41.82740021 0.50438678
0.62484103 -41.82740021 0.53315651
0.68905187 -41.82740021 0.51809031
0.76626784 -41.82740021 0.50791121
0.88092679 -41.82740021 0.50979316
0.99908042 -41.82740021 0.53256977
1.05694056 -41.82740021 0.54951996
1.12934077 -41.82740021 0.57204425
1.23732996 -41.82740021 0.58809960
1.29932618 -41.82740021 0.55835903
1.39119327 -41.82740021 0.54881978
1.47128797 -41.82740021 0.55723703
1.62147844 -41.82740021 0.54185092
1.68366313 -41.82740021 0.55552870
1.75767171 -41.82740021 0.56028432
1.81784332 -41.82740021 0.56101876
1.92914820 -41.82740021 0.56839591
2.00138450 -41.82740021 0.54526877
2.07812428 -41.82740021 0.54908270
2.14584494 -41.82740021 0.55732358
2.22069287 -41.82740021 0.52315748
2.25269151 -41.82740021 0.45266047
2.28358841 -41.82740021 0.38744783
2.31950331 -41.82740021 0.33097565
2.36915493 -41.82740021 0.25699350
2.43883061 -41.82740021 0.19025767
2.44940138 -41.82740021 0.06798067
2.50535989 -41.82740021 -0.03231960
2.52010441 -41.82740021 -0.09337650
2.54593492 -41.82740021 -0.18606029
2.56388640 -41.82740021 -0.25745878
2.61584425 -41.82740021 -0.37491396
2.60605049 -41.82740021 -0.49960095
2.60445976 -41.82740021 -0.56191784
2.60104966 -41.82740021 -0.62587208
2.59759212 -41.82740021 -0.75774711
2.60864305 -41.82740021 -0.82087749
2.63783526 -41.82740021 -1.04307830
2.59342003 -41.82740021 -1.09566796
2.53106403 -41.82740021 -1.23630881
2.47926307 -41.82740021 -1.34850645
2.37575889 -41.82740021 -1.38956618
2.27716017 -41.82740021 -1.41468203
2.09174204 -41.82740021 -1.41462636
1.97175813 -41.82740021 -1.41401446
1.84997511 -41.82740021 -1.41990721
1.73917222 -41.82740021 -1.42736971
1.67190623 -41.82740021 -1.42466879
1.57290053 -41.82740021 -1.40131140
1.51359701 -41.82740021 -1.43673944
1.39277601 -41.82740021 -1.44132733
2.62045789 -41.82740021 -0.95641804
