2.20937824 -49.61724091 -0.37113148
2.23386240 -49.61724091 -0.49432564
2.24229622 -49.61724091 -0.76483721
2.25327516 -49.61724091 -0.94299424
2.25858474 -49.61724091 -1.10284233
2.23484755 -49.61724091 -1.25459492
2.09882498 -49.61724091 -1.38179135
1.94923532 -49.61724091 -1.42441380
1.63077474 -49.61724091 -1.43169451
-0.41496682 -49.61724091 -0.82048202
-0.36241180 -49.61724091 -0.50187010
-0.16312630 -49.61724091 -0.20632274
-0.05033221 -49.61724091 0.14701676
0.90815544 -49.62723541 0.67353088
0.98706746 -49.62723541 0.68906188
1.04812860 -49.62723541 0.67890543
1.15473890 -49.62723541 0.66950881
1.27648246 -49.62723541 0.64031726
1.36272681 -49.62723541 0.61224514
1.44342554 -49.62723541 0.61141413
1.57184744 -49.62723541 0.61012989
1.66326833 -49.62723541 0.60632682
1.84528840 -49.62723541 0.55384290
2.00105977 -49.62723541 0.29672047
2.05489373 -49.62723541 0.24619237
2.08469224 -49.62723541 0.14949627
2.13484883 -49.62723541 0.04396432
2.15375257 -49.62723541 -0.11822766
2.16502714 -49.62723541 -0.21920463
2.22971487 -49.62723541 -0.43109480
2.24118519 -49.62723541 -0.56499588
2.23969078 -49.62723541 -0.69692588
2.24755716 -49.62723541 -0.86785835
2.25639057 -49.62723541 -1.18657172
2.21340132 -49.62723541 -1.33336234
2.00876522 -49.62723541 -1.41921568
1.83661067 -49.62723541 -1.43274426
1.69210792 -49.62723541 -1.42485416
1.49336040 -49.62723541 -1.44679058
1.42025161 -49.62723541 -1.45350778
1.28526056 -49.62723541 -1.45490396
1.13951075 -49.62723541 -1.45359027
0.92854553 -49.62723541 -1.46096313
0.81658590 -49.62723541 -1.45614660
0.63299340 -49.62723541 -1.44633770
0.50063527 -49.62723541 -1.43480945
0.32979855 -49.62723541 -1.43033242
0.16816108 -49.62723541 -1.43297696
-0.02905083 -49.62723541 -1.41285944
-0.18922780 -49.62723541 -1.40792310
-0.35034969 -49.62723541 -1.07622719
-0.40422738 -49.62723541 -0.88717324
-0.39777994 -49.62723541 -0.75763482
-0.39096963 -49.62723541 -0.57449174
-0.27121472 -49.62723541 -0.40709406
-0.17873026 -49.62723541 -0.26400268
-0.16181685 -49.62723541 -0.13006096
-0.11367137 -49.62723541 -0.00791249
-0.06678362 -49.62723541 0.08646346
0.01855917 -49.62723541 0.38363722
0.10650485 -49.62723541 0.51527411
0.15782042 -49.62723541 0.55818528
0.21826304 -49.62723541 0.62754136
0.32563207 -49.62723541 0.61787695
0.44389147 -49.62723541 0.63400114
0.54812562 -49.62723541 0.64886695
0.71056974 -49.62723541 0.67464721
1.21728420 -49.62723541 0.65738761
1.79809582 -49.62723541 0.63260096
1.95808601 -49.62723541 0.42243207
2.26074624 -49.62723541 -1.03333461
2.15596771 -49.62723541 -1.35782123
-0.30642530 -49.62723541 -1.31219828
-0.04350397 -49.62723541 0.27531722
0.63242865 -49.62723541 0.65590137
0.81064022 -49.62723541 0.71677661
