0.95986158 -40.77742767 0.69791240
0.75255018 -40.77742767 0.65953422
0.50644720 -40.77742767 0.60701537
0.20530543 -40.77742767 -0.65014076
1.94259596 -40.77742767 -1.40214133
2.22780609 -40.77742767 -1.38165963
2.02675843 -40.77742767 0.77823091
1.56192172 -40.77742767 0.69916391
1.47530997 -40.78742218 0.72475570
1.62010837 -40.78742218 0.67811245
1.71832621 -40.78742218 0.71622586
1.90166450 -40.78742218 0.77098304
2.10148501 -40.78742218 0.77932072
2.22807240 -40.78742218 0.72503567
2.34563112 -40.78742218 0.67407018
2.67721868 -40.78742218 -0.23197621
2.65070486 -40.78742218 -0.47890621
2.60369253 -40.78742218 -0.73530966
2.63203454 -40.78742218 -0.82523441
2.66569304 -40.78742218 -1.00590336
2.62605929 -40.78742218 -1.11277258
2.57968044 -40.78742218 -1.16700029
2.50410199 -40.78742218 -1.27586198
2.38915181 -40.78742218 -1.36855626
2.15053034 -40.78742218 -1.38822269
2.02423406 -40.78742218 -1.39498866
1.85224259 -40.78742218 -1.41027188
1.72843611 -40.78742218 -1.41005445
1.60281134 -40.78742218 -1.39583302
1.54123521 -40.78742218 -1.42898154
1.42425704 -40.78742218 -1.43008387
1.35575330 -40.78742218 -1.43030775
1.23941970 -40.78742218 -1.43447196
1.17803860 -40.78742218 -1.43512750
1.11457109 -40.78742218 -1.42090380
1.00795937 -40.78742218 -1.42320657
0.81928867 -40.78742218 -1.43094826
0.73632860 -40.78742218 -1.43024957
0.60436833 -40.78742218 -1.42378187
0.41895512 -40.78742218 -1.41960585
0.29032937 -40.78742218 -1.36065042
0.22884803 -40.78742218 -1.29278386
0.21126032 -40.78742218 -1.17461395
0.17775182 -40.78742218 -0.99177349
0.19895062 -40.78742218 -0.87840158
0.21696332 -40.78742218 -0.70937896
0.18382037 -40.78742218 -0.55234957
0.15996550 -40.78742218 -0.48146051
0.14337388 -40.78742218 -0.42121649
0.12231201 -40.78742218 -0.29687029
0.13238382 -40.78742218 -0.23490295
0.18964809 -40.78742218 -0.05693724
0.20736881 -40.78742218 0.07576514
0.26948094 -40.78742218 0.27862060
0.26041213 -40.78742218 0.43200240
0.64265460 -40.78742218 0.60348475
0.89218986 -40.78742218 0.68265975
1.02587032 -40.78742218 0.71051383
1.14924359 -40.78742218 0.70117795
1.35331094 -40.78742218 0.72856051
0.39760602 -40.78742218 0.59409082
0.26585522 -40.78742218 0.57364601
0.25249031 -40.78742218 0.18149771
0.14657073 -40.78742218 -0.14617284
0.21779573 -40.78742218 -0.77994365
0.19083132 -40.78742218 -1.06843996
0.51385343 -40.78742218 -1.43918431
0.93909216 -40.78742218 -1.42216325
2.72002792 -40.78742218 -0.37943348
2.70703626 -40.78742218 -0.28825626
2.48758721 -40.78742218 0.58695400
2.57529640 -40.78742218 0.48610535
1.25775456 -40.78742218 0.72015285
2.77063918 -40.78742218 -0.07305725
2.69844627 -40.78742218 -0.04148450
2.68413043 -40.78742218 0.15203635
2.64699507 -40.78742218 0.37727025
