0.54995883 33.05101776 -1.44136107
0.38620481 33.05101776 -1.44633222
0.29101190 33.05101776 -1.36781299
0.26312828 33.05101776 -1.24562085
0.24254133 33.05101776 -1.12101889
0.25577801 33.05101776 -0.89206398
0.31012827 33.05101776 -1.42865109
0.66632235 33.05101776 -1.44638467
1.31202912 33.05101776 0.66046590
1.20079386 33.05101776 0.68837959
1.08822918 33.05101776 0.69158560
0.96588314 33.05101776 0.71416456
0.81441355 33.05101776 0.62762004
0.73487622 33.05101776 0.63417643
0.66593045 33.05101776 0.63849634
0.42547256 33.05101776 0.52578866
0.55599016 33.05101776 0.58289063
0.29517508 33.05101776 0.50949597
0.11978556 33.05101776 0.43532321
0.06795774 33.05101776 0.39319730
0.15217875 33.05101776 0.23072834
0.10532686 33.05101776 -0.01417773
0.12295067 33.05101776 -0.19940768
0.13306397 33.05101776 -0.30095866
0.16051801 33.05101776 -0.57386589
0.14984401 33.05101776 -0.46722946
0.17426945 33.05101776 -0.68772119
0.79589933 33.05101776 -1.45283198
0.90264052 33.05101776 -1.45830953
1.01683521 33.05101776 -1.42902493
1.11347687 33.05101776 -1.44434392
1.19995606 33.05101776 -1.45297611
1.29391360 33.05101776 -1.45320594
1.40124559 33.05101776 -1.45065773
1.59115291 33.05101776 -1.45548213
1.68402970 33.05101776 -1.46229780
1.77380121 33.05101776 -1.46199965
1.88124418 33.05101776 -1.45646417
1.98708403 33.05101776 -1.45036578
2.08935189 33.05101776 -1.42782986
2.23187399 33.05101776 -1.42013085
2.31329560 33.05101776 -1.40884399
2.35717607 33.05101776 -1.23478878
2.33211827 33.05101776 -1.32675385
2.36023712 33.05101776 -1.11607218
2.36533785 33.05101776 -0.99151617
2.39016509 33.05101776 -0.88831025
2.36590242 33.05101776 -0.82391578
2.36405039 33.05101776 -0.72609746
2.35726762 33.05101776 -0.61061376
2.35003471 33.05101776 -0.55089843
2.33733416 33.05101776 -0.46234840
2.30292630 33.05101776 -0.32267210
2.28552842 33.05101776 -0.21852803
2.30573630 33.05101776 -0.11760864
2.30548048 33.05101776 -0.03846551
2.26706457 33.05101776 0.05619945
2.26969028 33.05101776 0.13570687
2.24749231 33.05101776 0.26239938
2.24745059 33.05101776 0.37613937
2.18911028 33.05101776 0.42407465
2.00234222 33.05101776 0.49851754
2.08497405 33.05101776 0.48399159
1.88806415 33.05101776 0.53341985
1.63199008 33.05101776 0.61585349
1.69538927 33.05101776 0.58827811
1.50297832 33.05101776 0.65429640
2.29421806 33.05101776 0.20297302
