0.43041611 -60.53701019 -1.37319791
1.19523978 -60.53701019 0.72767079
0.97406727 -60.53701019 0.72808909
0.81368446 -60.53701019 0.72571290
0.65411174 -60.53701019 0.66614002
0.41110915 -60.53701019 0.28782409
2.56093907 -60.53701019 -0.37777898
2.21559834 -60.53701019 0.38944069
2.59361625 -60.54700470 -0.50882089
2.60510302 -60.54700470 -0.57186055
2.58423781 -60.54700470 -0.68013853
2.54361248 -60.54700470 -0.80515087
2.49917650 -60.54700470 -0.92332870
2.49159169 -60.54700470 -1.10137665
2.49362397 -60.54700470 -1.17463601
2.49568105 -60.54700470 -1.25794637
2.49783897 -60.54700470 -1.32020438
2.43721938 -60.54700470 -1.39433014
2.35564446 -60.54700470 -1.45833194
2.28502607 -60.54700470 -1.48019934
2.21486473 -60.54700470 -1.47366655
2.07360888 -60.54700470 -1.46819985
1.95537007 -60.54700470 -1.47412097
1.85103583 -60.54700470 -1.47318304
1.75826001 -60.54700470 -1.47218633
1.66282690 -60.54700470 -1.46306217
1.60276711 -60.54700470 -1.46635795
1.45936871 -60.54700470 -1.47974110
1.37874496 -60.54700470 -1.48046386
1.31257915 -60.54700470 -1.48005402
1.22947133 -60.54700470 -1.47733748
1.15220237 -60.54700470 -1.46374369
1.04541624 -60.54700470 -1.44738638
0.96746480 -60.54700470 -1.44186664
0.88721645 -60.54700470 -1.43595397
0.80343509 -60.54700470 -1.42556953
0.72384834 -60.54700470 -1.41541958
0.61328691 -60.54700470 -1.40631461
0.50500244 -60.54700470 -1.38210332
0.37148702 -60.54700470 -1.35927808
0.29614729 -60.54700470 -1.33572924
0.20067067 -60.54700470 -1.25765657
0.14766763 -60.54700470 -1.15770495
0.13164622 -60.54700470 -1.08808100
0.10318477 -60.54700470 -1.02442157
0.13329454 -60.54700470 -0.91115105
0.14813203 -60.54700470 -0.80048978
0.16860308 -60.54700470 -0.67407554
0.15187722 -60.54700470 -0.61483693
0.17157759 -60.54700470 -0.40659434
0.19601806 -60.54700470 -0.31810126
0.21146318 -60.54700470 -0.25420278
0.24983993 -60.54700470 -0.13946933
0.26753211 -60.54700470 -0.07362641
0.29396093 -60.54700470 -0.00891984
0.31962696 -60.54700470 0.11412034
0.37937835 -60.54700470 0.22846048
0.42950583 -60.54700470 0.37319136
0.45800534 -60.54700470 0.42791265
0.51125246 -60.54700470 0.53722513
0.59313774 -60.54700470 0.62992144
0.72545058 -60.54700470 0.70597470
0.88639164 -60.54700470 0.72881144
1.05664599 -60.54700470 0.72931802
1.28092349 -60.54700470 0.72559851
1.40864849 -60.54700470 0.74559778
1.56753075 -60.54700470 0.71151191
1.67373800 -60.54700470 0.63900667
1.83203912 -60.54700470 0.59012336
2.02716184 -60.54700470 0.50192881
2.18108511 -60.54700470 0.48176521
2.23896265 -60.54700470 0.30849221
2.32043624 -60.54700470 0.20981246
2.39344430 -60.54700470 0.11186680
2.46742463 -60.54700470 -0.03691923
2.51707101 -60.54700470 -0.15784712
2.54840541 -60.54700470 -0.23524860
0.16143739 -60.54700470 -0.54692858
1.53899634 -60.54700470 -1.47913146
