0.95213372 -7.23813629 -1.37364042
0.15130587 -7.23813629 -0.27099702
1.84956217 -7.23813629 0.34974641
0.93882853 -7.23813629 0.36559454
1.63512576 -7.24813080 0.40894377
0.72445464 -7.24813080 0.34934634
0.66574615 -7.24813080 0.30573186
0.59797716 -7.24813080 0.28459680
0.49041861 -7.24813080 0.32265568
0.33036569 -7.24813080 0.19780275
0.25582394 -7.24813080 0.12880053
0.29771277 -7.24813080 0.03011899
0.27232912 -7.24813080 -0.07178423
0.21315999 -7.24813080 -0.18611524
0.22657923 -7.24813080 -0.11556534
0.19217572 -7.24813080 -0.31570813
0.18001051 -7.24813080 -0.37832540
0.13172011 -7.24813080 -0.52268350
0.12217337 -7.24813080 -0.45700103
0.14378582 -7.24813080 -0.62163234
0.12467497 -7.24813080 -0.87372726
0.13281003 -7.24813080 -0.80599982
0.07893581 -7.24813080 -1.04718053
0.09617668 -7.24813080 -0.95812362
0.08968280 -7.24813080 -1.20982480
0.10009845 -7.24813080 -1.10766780
0.07100843 -7.24813080 -1.31982529
0.17656882 -7.24813080 -1.31984890
0.33250621 -7.24813080 -1.32945263
0.25080776 -7.24813080 -1.32520866
0.49123970 -7.24813080 -1.32838082
0.41311309 -7.24813080 -1.32350826
0.60797668 -7.24813080 -1.35304618
0.78251594 -7.24813080 -1.37297714
0.71752077 -7.24813080 -1.36512136
0.89092022 -7.24813080 -1.37826610
1.03917289 -7.24813080 -1.37771952
1.12389612 -7.24813080 -1.39693594
1.29313385 -7.24813080 -1.40797126
1.22697020 -7.24813080 -1.40532184
1.41321039 -7.24813080 -1.40786815
1.51723468 -7.24813080 -1.41202652
1.68211830 -7.24813080 -1.42010164
1.62151265 -7.24813080 -1.41630769
1.77880633 -7.24813080 -1.41825140
1.87339270 -7.24813080 -1.41875362
1.96765697 -7.24813080 -1.42035949
2.11375928 -7.24813080 -1.39091742
2.23644567 -7.24813080 -1.26981914
2.22487211 -7.24813080 -1.12474155
2.26134920 -7.24813080 -1.04292428
2.28606272 -7.24813080 -0.82078260
2.30485702 -7.24813080 -0.74254012
2.33025432 -7.24813080 -0.65774578
2.31157446 -7.24813080 -0.57253551
2.35106516 -7.24813080 -0.39028016
2.33392477 -7.24813080 -0.26124221
2.31466413 -7.24813080 -0.10482040
2.28328776 -7.24813080 0.03538305
2.29789448 -7.24813080 0.16848333
2.27866650 -7.24813080 0.25288013
2.11543894 -7.24813080 0.37770024
1.75333762 -7.24813080 0.33780998
1.69950008 -7.24813080 0.41855353
0.42667386 -7.24813080 0.29062524
0.14422773 -7.24813080 -0.73684901
2.21445704 -7.24813080 -1.36611199
