0.29633602 -47.53728485 0.23420468
0.16101576 -47.53728485 -0.07946594
0.06344482 -47.53728485 -0.44771436
0.06365428 -47.53728485 -0.65229410
-0.01557788 -47.53728485 -0.94384778
1.00930297 -47.53728485 0.55379480
1.32683504 -47.54727936 0.61432630
1.52699733 -47.54727936 0.68083405
1.64165199 -47.54727936 0.71351928
1.92698467 -47.54727936 0.58735102
2.00787807 -47.54727936 0.37870994
2.02669930 -47.54727936 0.25811276
2.06564498 -47.54727936 0.16871753
2.01519847 -47.54727936 0.00388885
2.06753969 -47.54727936 -0.08076705
2.09558702 -47.54727936 -0.14657599
2.11855960 -47.54727936 -0.22851077
2.20047355 -47.54727936 -0.31604216
2.21855235 -47.54727936 -0.39389157
2.27091575 -47.54727936 -0.50484633
2.30980706 -47.54727936 -0.60992980
2.30929637 -47.54727936 -0.71104723
2.28717828 -47.54727936 -0.81249195
2.29278326 -47.54727936 -0.93219686
2.29858947 -47.54727936 -1.06361771
2.28854513 -47.54727936 -1.19979787
2.19400716 -47.54727936 -1.32895184
2.10598826 -47.54727936 -1.37670994
1.97239053 -47.54727936 -1.39059925
1.84497774 -47.54727936 -1.39578044
1.73318505 -47.54727936 -1.40575147
1.62861526 -47.54727936 -1.41314638
1.49342072 -47.54727936 -1.44331110
1.31420946 -47.54727936 -1.42950952
1.12972760 -47.54727936 -1.42768347
0.95487773 -47.54727936 -1.42059159
0.86333734 -47.54727936 -1.43194437
0.74782026 -47.54727936 -1.42469001
0.63784033 -47.54727936 -1.42430747
0.50197321 -47.54727936 -1.42971957
0.35235703 -47.54727936 -1.43681657
0.18217777 -47.54727936 -1.44557858
0.06302811 -47.54727936 -1.38036406
-0.01033827 -47.54727936 -1.35125268
-0.05790124 -47.54727936 -1.25826478
-0.04691051 -47.54727936 -1.14958239
-0.04270590 -47.54727936 -1.00567162
0.05019561 -47.54727936 -0.82944566
0.06942652 -47.54727936 -0.71454728
0.09565236 -47.54727936 -0.34720027
0.12441311 -47.54727936 -0.22756349
0.19546910 -47.54727936 -0.02797487
0.23134588 -47.54727936 0.07080942
0.27327207 -47.54727936 0.17411508
0.32375807 -47.54727936 0.29197416
0.37520295 -47.54727936 0.39315489
0.58859360 -47.54727936 0.46278024
0.74924153 -47.54727936 0.50587440
0.83550960 -47.54727936 0.53149676
0.94948846 -47.54727936 0.55308658
1.13871551 -47.54727936 0.56896907
1.22326529 -47.54727936 0.60879135
0.41780999 -47.54727936 0.47378525
0.12923548 -47.54727936 -0.14640112
0.05495157 -47.54727936 -0.54923910
1.42003465 -47.54727936 -1.43144226
1.91203618 -47.54727936 0.41666895
1.74878490 -47.54727936 0.72284538
1.41278732 -47.54727936 0.67094290
1.92702293 -47.54727936 0.67219579
1.85054255 -47.54727936 0.69039214
