0.39214113 30.20107269 -0.88922238
1.50988698 30.20107269 0.75749826
1.24764943 30.20107269 0.72611040
0.58523184 30.19107819 0.72611356
0.52930546 30.19107819 0.67363799
0.41157037 30.19107819 0.56407875
0.36172628 30.19107819 0.51363474
0.26794946 30.19107819 0.44488016
0.27098307 30.19107819 0.25713018
0.27948013 30.19107819 0.17098075
0.30939144 30.19107819 0.09075618
0.32470235 30.19107819 -0.01850412
0.35135221 30.19107819 -0.12171581
0.27511293 30.19107819 -0.21416183
0.28942254 30.19107819 -0.37414896
0.29898894 30.19107819 -0.48146293
0.30935088 30.19107819 -0.60301739
0.32136166 30.19107819 -0.74034286
0.39191335 30.19107819 -0.81817144
0.39314526 30.19107819 -0.97763067
0.33973870 30.19107819 -1.30162907
0.37698802 30.19107819 -1.36556339
0.49843124 30.19107819 -1.39152968
0.68026352 30.19107819 -1.40481699
0.48333433 30.19107819 0.62455678
0.22788231 30.19107819 0.34779781
0.75153410 30.19107819 -1.41419280
1.19241953 30.19107819 0.74987435
1.07405019 30.19107819 0.80743152
1.13265884 30.19107819 0.78853256
1.00327361 30.19107819 0.83732092
0.91094780 30.19107819 0.88772303
0.85034823 30.19107819 0.85214531
0.79432851 30.19107819 0.80194706
0.64757383 30.19107819 0.76846921
0.84641182 30.19107819 -1.42672348
0.94348752 30.19107819 -1.43297291
1.13535905 30.19107819 -1.42889559
1.32651007 30.19107819 -1.42636776
1.43045080 30.19107819 -1.42972088
1.61817503 30.19107819 -1.43522716
1.78594124 30.19107819 -1.42614102
1.93366385 30.19107819 -1.42288554
2.12697697 30.19107819 -1.40749013
2.28689075 30.19107819 -1.39649701
2.40443969 30.19107819 -1.38230777
2.43106723 30.19107819 -1.20433533
2.45284319 30.19107819 -1.07288170
2.46047521 30.19107819 -0.88880807
2.45074749 30.19107819 -0.70898563
2.44924831 30.19107819 -0.56079501
2.48647499 30.19107819 -0.40773365
2.48263359 30.19107819 -0.31787404
2.48212361 30.19107819 -0.06719015
2.46789646 30.19107819 0.08003504
2.48911738 30.19107819 0.21490888
2.47817898 30.19107819 0.27864718
2.43927717 30.19107819 0.36118218
2.36957312 30.19107819 0.46292555
2.29475045 30.19107819 0.55522478
2.17971969 30.19107819 0.61450976
2.04204202 30.19107819 0.63045436
1.87338960 30.19107819 0.60874617
1.84934199 30.19107819 0.67379999
1.70376241 30.19107819 0.70554346
1.76813519 30.19107819 0.69124371
1.62749028 30.19107819 0.73281360
1.56876338 30.19107819 0.74537718
1.36001098 30.19107819 0.79001677
1.44809985 30.19107819 0.77120382
1.29555988 30.19107819 0.79765260
2.48507023 30.19107819 -0.17884172
