0.14544970 -24.91776276 -0.91669494
2.66118097 -24.91776276 -0.83363932
2.18407655 -24.91776276 0.68829441
1.15315449 -24.91776276 0.66630864
0.28478530 -24.92775726 -0.01414445
0.29248223 -24.92775726 -0.09693658
0.28374660 -24.92775726 -0.20591839
0.28241134 -24.92775726 -0.32368213
0.26479891 -24.92775726 -0.39592379
0.24846128 -24.92775726 -0.54226583
0.24643892 -24.92775726 -0.47718126
0.18021740 -24.92775726 -0.67486453
0.18188651 -24.92775726 -0.74592608
0.14366262 -24.92775726 -0.98027450
0.09112732 -24.92775726 -1.19769466
0.12408714 -24.92775726 -1.08712304
0.05011533 -24.92775726 -1.40384960
0.15404256 -24.92775726 -1.43837023
0.26774219 -24.92775726 -1.46309054
0.45139846 -24.92775726 -1.46370280
0.61550462 -24.92775726 -1.45190871
0.76370293 -24.92775726 -1.43396533
0.88267267 -24.92775726 -1.43482506
0.99694705 -24.92775726 -1.43507111
1.09922111 -24.92775726 -1.43081439
1.22092175 -24.92775726 -1.42879498
1.32253611 -24.92775726 -1.44116211
1.43602347 -24.92775726 -1.43863571
1.61470640 -24.92775726 -1.42471671
1.73928881 -24.92775726 -1.41793621
1.83899641 -24.92775726 -1.41601753
1.98019612 -24.92775726 -1.41214228
2.11487961 -24.92775726 -1.42599678
2.22388792 -24.92775726 -1.42228746
2.36637282 -24.92775726 -1.41221094
2.42769885 -24.92775726 -1.38916576
2.49914598 -24.92775726 -1.30735099
2.56638360 -24.92775726 -1.20391989
2.63924050 -24.92775726 -1.08325458
2.65061307 -24.92775726 -0.96045756
2.66817451 -24.92775726 -0.76418799
2.67939043 -24.92775726 -0.63240755
2.68678355 -24.92775726 -0.49550831
2.66425133 -24.92775726 -0.39047953
2.71061301 -24.92775726 -0.29997340
2.68853092 -24.92775726 -0.24192932
2.61842823 -24.92775726 -0.09140083
2.54622483 -24.92775726 0.04570508
2.52790618 -24.92775726 0.14245811
2.56088185 -24.92775726 0.28846663
2.53917432 -24.92775726 0.41812885
2.49862599 -24.92775726 0.53448945
2.46259475 -24.92775726 0.59425372
2.39937615 -24.92775726 0.63658518
2.11146188 -24.92775726 0.69985437
1.97095895 -24.92775726 0.70149505
1.86736941 -24.92775726 0.72861552
1.76218605 -24.92775726 0.73910612
1.62985957 -24.92775726 0.67613453
1.51764834 -24.92775726 0.68923664
1.44338810 -24.92775726 0.67705929
1.32260752 -24.92775726 0.68112582
1.25721085 -24.92775726 0.67023957
1.07707524 -24.92775726 0.65794969
0.89336634 -24.92775726 0.66431379
0.76663661 -24.92775726 0.67300767
0.69537771 -24.92775726 0.70591199
0.62073237 -24.92775726 0.63733053
0.51731956 -24.92775726 0.52505976
0.58220530 -24.92775726 0.57215548
0.45192483 -24.92775726 0.43642059
0.42166597 -24.92775726 0.37489340
0.37647882 -24.92775726 0.30905095
0.32242155 -24.92775726 0.10969829
1.00450110 -24.92775726 0.66157925
0.33316842 -24.92775726 0.22800942
0.16548008 -24.92775726 -0.82920349
0.06649896 -24.92775726 -1.32257760
1.53735662 -24.92775726 -1.43650341
2.29365540 -24.92775726 0.69065940
