0.67922550 69.20024872 -1.57241094
1.51393843 69.20024872 0.60252446
1.99455810 69.20024872 -0.18719278
0.75547010 69.19025421 -1.56352603
0.89250928 69.19025421 -1.50105762
1.03755033 69.19025421 -1.50620663
0.97460955 69.19025421 -1.50361311
1.18727720 69.19025421 -1.50670922
1.10329354 69.19025421 -1.50781298
1.25707984 69.19025421 -1.50390017
1.46954894 69.19025421 -1.50765634
1.38780272 69.19025421 -1.50754011
1.62368798 69.19025421 -1.49204957
1.54680741 69.19025421 -1.50245845
1.77942789 69.19025421 -1.45424843
1.70821822 69.19025421 -1.47130501
1.85277390 69.19025421 -1.33952761
2.00555301 69.19025421 -1.20985389
1.96913064 69.19025421 -1.00228250
1.95408344 69.19025421 -1.06870055
1.96968138 69.19025421 -0.93400526
1.97092319 69.19025421 -0.84220535
1.98776901 69.19025421 -0.59972835
1.98298597 69.19025421 -0.69724876
1.99928904 69.19025421 -0.53881145
2.01959682 69.19025421 -0.36080572
2.00876403 69.19025421 -0.45415851
2.02767229 69.19025421 -0.28222212
1.96556973 69.19025421 -0.12791602
1.91528583 69.19025421 0.02498184
1.93648422 69.19025421 -0.07017300
1.89223838 69.19025421 0.10307282
1.86806130 69.19025421 0.18835822
1.81966925 69.19025421 0.30477005
1.74636924 69.19025421 0.46665275
1.77606690 69.19025421 0.37863821
1.67380238 69.19025421 0.55038357
1.57494664 69.19025421 0.61589307
1.45483196 69.19025421 0.59364408
1.33024335 69.19025421 0.59419727
1.19421613 69.19025421 0.71898860
1.27058899 69.19025421 0.68583685
1.13870335 69.19025421 0.76055872
1.07753551 69.19025421 0.77875710
0.97673631 69.19025421 0.74626005
0.83381921 69.19025421 0.71394610
0.60305625 69.19025421 0.68875438
0.67430151 69.19025421 0.70204192
0.53546059 69.19025421 0.67748982
0.44485822 69.19025421 0.65191549
0.30546063 69.19025421 0.60227096
0.37103239 69.19025421 0.62606579
0.14429720 69.19025421 0.56657529
0.23026799 69.19025421 0.58412057
0.07470317 69.19025421 0.54535574
-0.03050432 69.19025421 0.39711383
-0.00033273 69.19025421 0.49576035
-0.01887084 69.19025421 0.32105383
-0.10951667 69.19025421 0.11113616
-0.05658296 69.19025421 0.17896658
-0.15019776 69.19025421 0.05605638
-0.17289343 69.19025421 0.00038485
-0.18767115 69.19025421 -0.11901730
-0.20046814 69.19025421 -0.25272402
-0.18267937 69.19025421 -0.35256296
-0.15388066 69.19025421 -0.46454287
-0.15272002 69.19025421 -0.56385696
-0.12427048 69.19025421 -0.69384694
-0.05945568 69.19025421 -0.79594404
-0.03900890 69.19025421 -0.86940950
0.02875400 69.19025421 -1.02687383
0.05540645 69.19025421 -1.13150716
0.12193377 69.19025421 -1.23089218
0.15020011 69.19025421 -1.30691242
0.20513847 69.19025421 -1.48610055
0.34733453 69.19025421 -1.64167190
0.45903420 69.19025421 -1.62385654
0.61748445 69.19025421 -1.57886672
0.54230583 69.19025421 -1.59131992
0.90404463 69.19025421 0.72911853
1.99108684 69.19025421 -1.27691197
0.15637693 69.19025421 -1.44546080
