1.59625268 73.61016083 0.48707068
1.70197809 73.61016083 0.42898721
1.73895550 73.61016083 0.37384909
1.77837372 73.61016083 0.32228091
1.79426694 73.61016083 0.25687093
1.84631515 73.61016083 0.17297930
1.89929533 73.61016083 0.07685522
1.93438649 73.61016083 0.00320816
1.95387447 73.61016083 -0.05915909
1.95446062 73.61016083 -0.14044429
1.94097102 73.61016083 -0.20149282
1.98489237 73.61016083 -0.30149078
2.01417422 73.61016083 -0.36104849
2.04984617 73.61016083 -0.47721902
2.06162620 73.61016083 -0.55112290
2.06197071 73.61016083 -0.61928225
2.07826304 73.61016083 -0.71124148
2.10737872 73.61016083 -0.81606281
2.15259266 73.61016083 -0.92830944
2.13500309 73.61016083 -1.02862787
2.13335109 73.61016083 -1.10390627
2.12912917 73.61016083 -1.18704343
2.10767722 73.61016083 -1.25463021
2.08757401 73.61016083 -1.31771362
2.01763415 73.61016083 -1.42172885
1.96841204 73.61016083 -1.48260653
1.90369773 73.61016083 -1.52201188
1.84430337 73.61016083 -1.53310466
1.71580791 73.61016083 -1.55012846
1.60429895 73.61016083 -1.56064487
1.49336803 73.61016083 -1.54802036
1.39215636 73.61016083 -1.53753781
1.30312634 73.61016083 -1.54419875
1.19891632 73.61016083 -1.54749119
1.11602426 73.61016083 -1.55166471
1.05452502 73.61016083 -1.55813181
0.95715266 73.61016083 -1.56509650
0.88687795 73.61016083 -1.56676531
0.80517197 73.61016083 -1.57622457
0.72589177 73.61016083 -1.57617199
0.62482917 73.61016083 -1.57123637
0.53463984 73.61016083 -1.56702459
0.43376893 73.61016083 -1.56839740
0.32893887 73.61016083 -1.55625939
0.26840481 73.61016083 -1.57340419
0.12966473 73.61016083 -1.51947188
0.07131429 73.61016083 -1.48449266
0.01800520 73.61016083 -1.43429887
-0.01604297 73.61016083 -1.33713520
-0.03488309 73.61016083 -1.14357936
-0.00416718 73.61016083 -1.00025213
-0.05646428 73.61016083 -0.85294849
-0.07191671 73.61016083 -0.79314274
-0.06747586 73.61016083 -0.71447158
-0.05494204 73.61016083 -0.58111542
-0.07063823 73.61016083 -0.48256889
-0.07286827 73.61016083 -0.36889616
-0.09391923 73.61016083 -0.25147876
-0.08854630 73.61016083 -0.13790651
-0.10852448 73.61016083 0.00549514
-0.11846921 73.61016083 0.15608574
-0.11454166 73.61016083 0.22371787
-0.09492911 73.61016083 0.32053643
-0.04883028 73.61016083 0.38464940
0.02507677 73.61016083 0.42396778
0.27487490 73.61016083 0.38897550
0.35601819 73.61016083 0.40275186
0.45830026 73.61016083 0.42937064
0.52496159 73.61016083 0.44913840
0.63964140 73.61016083 0.51709002
1.01784158 73.61016083 0.49600878
1.14740419 73.61016083 0.49773368
1.21066403 73.61016083 0.49156931
1.44217920 73.61016083 0.47656110
0.72441751 73.61016083 0.51889038
1.08143139 73.61016083 0.49939075
1.52321291 73.61016083 0.47750610
