2.17125201 64.52034760 -0.28528446
0.90522337 64.52034760 0.58379328
1.29248393 64.51035309 0.60060692
1.42325687 64.51035309 0.65298545
1.58018613 64.51035309 0.61296582
1.81268442 64.51035309 0.64176542
1.86293614 64.51035309 0.60121036
1.92038822 64.51035309 0.54367429
1.93415678 64.51035309 0.44617411
2.01511669 64.51035309 0.30884859
2.02870035 64.51035309 0.21432064
2.07595420 64.51035309 0.10832377
2.11086559 64.51035309 0.01193704
2.13166976 64.51035309 -0.07747471
2.16070747 64.51035309 -0.22287156
2.18618083 64.51035309 -0.49789602
2.19389796 64.51035309 -0.56025898
2.19616818 64.51035309 -0.68721384
2.17488432 64.51035309 -0.75659865
2.17339826 64.51035309 -0.82907963
2.14470768 64.51035309 -0.90372920
2.16220880 64.51035309 -0.98612607
2.13429594 64.51035309 -1.09584689
2.15947318 64.51035309 -1.18563879
2.15123940 64.51035309 -1.26524377
2.14857602 64.51035309 -1.33377218
2.10046744 64.51035309 -1.45496106
2.00811839 64.51035309 -1.47884727
1.91463625 64.51035309 -1.47776866
1.79587424 64.51035309 -1.48899519
1.67540610 64.51035309 -1.51230907
1.59949374 64.51035309 -1.51808238
1.49482381 64.51035309 -1.50076830
1.39725673 64.51035309 -1.49218571
1.31783867 64.51035309 -1.49571478
1.17782843 64.51035309 -1.49932420
1.11769116 64.51035309 -1.50030088
1.00959623 64.51035309 -1.49526823
0.85213459 64.51035309 -1.49537754
0.76223058 64.51035309 -1.50048804
0.62718815 64.51035309 -1.53282630
0.50562727 64.51035309 -1.53356588
0.42069042 64.51035309 -1.52308500
0.30081537 64.51035309 -1.59055543
0.18542862 64.51035309 -1.51583076
0.09555554 64.51035309 -1.47298992
0.00581447 64.51035309 -1.27483332
0.00947817 64.51035309 -1.15328026
-0.00668542 64.51035309 -0.99001753
-0.02676012 64.51035309 -0.92054325
-0.02747635 64.51035309 -0.81304646
-0.01713242 64.51035309 -0.71445471
-0.09762385 64.51035309 -0.56325644
-0.12501068 64.51035309 -0.37273383
-0.10225522 64.51035309 -0.27817231
-0.15815347 64.51035309 -0.20398234
-0.17650816 64.51035309 -0.08965846
-0.14918509 64.51035309 0.02545163
-0.12691349 64.51035309 0.10483001
-0.10803661 64.51035309 0.19804287
-0.08519466 64.51035309 0.30414802
-0.09152758 64.51035309 0.46822345
0.10017949 64.51035309 0.48551130
0.18346636 64.51035309 0.52064830
0.24549165 64.51035309 0.54291087
0.33843094 64.51035309 0.53524250
0.45290884 64.51035309 0.54242402
0.52618653 64.51035309 0.55759406
0.62863362 64.51035309 0.56709915
0.78593999 64.51035309 0.56883144
0.84706771 64.51035309 0.56690031
0.98945951 64.51035309 0.63466275
1.06568682 64.51035309 0.63176382
1.12203741 64.51035309 0.58237463
1.20960009 64.51035309 0.60101914
0.69794053 64.51035309 0.57149923
0.03996277 64.51035309 -1.39411962
2.13775373 64.51035309 -1.39613390
2.19263101 64.51035309 -0.34154198
1.99638212 64.51035309 0.36708191
1.70343387 64.51035309 0.64861071
1.51491046 64.51035309 0.62974930
