-0.25322041 -56.89708710 -0.94270533
-0.21798988 -56.89708710 -1.13806736
0.04905002 -56.89708710 -1.34047198
0.23495302 -56.89708710 -1.38168037
0.41898537 -56.89708710 -1.38364458
-0.20537184 -56.90708160 -0.78146529
-0.27296427 -56.90708160 -1.07625401
-0.09584860 -56.90708160 -1.28110623
-0.03508102 -56.90708160 -1.30812955
0.13495649 -56.90708160 -1.37634146
0.34582368 -56.90708160 -1.38700521
0.54402208 -56.90708160 -1.37933373
0.72815937 -56.90708160 -1.40860701
0.86706299 -56.90708160 -1.42796445
1.04175735 -56.90708160 -1.43509638
1.17987728 -56.90708160 -1.45510912
1.31449735 -56.90708160 -1.44679797
-0.19318807 -56.90708160 -0.68922621
1.21019328 -56.90708160 0.82314306
1.11435008 -56.90708160 0.83124137
1.01591992 -56.90708160 0.81049377
0.87892127 -56.90708160 0.83386892
0.78518784 -56.90708160 0.81608009
0.67562509 -56.90708160 0.79768580
0.54923838 -56.90708160 0.69185776
0.60107303 -56.90708160 0.74687654
0.47525835 -56.90708160 0.61995506
0.43002528 -56.90708160 0.56267488
0.30600396 -56.90708160 0.47433251
0.26895514 -56.90708160 0.42103744
0.26451448 -56.90708160 0.35042045
0.22255716 -56.90708160 0.15843493
0.11936993 -56.90708160 0.04669357
0.08156189 -56.90708160 -0.08378603
-0.04926319 -56.90708160 -0.23733261
-0.08526479 -56.90708160 -0.38787177
-0.17756341 -56.90708160 -0.56757879
1.53539109 -56.90708160 -1.44333899
1.67946005 -56.90708160 -1.41483974
1.81735992 -56.90708160 -1.40526640
1.95835578 -56.90708160 -1.39020574
2.10876608 -56.90708160 -1.37375712
2.24070120 -56.90708160 -1.32235742
2.48773551 -56.90708160 -1.17574465
2.30436444 -56.90708160 -1.30366325
2.52503109 -56.90708160 -0.98977602
2.53320026 -56.90708160 -0.81811821
2.55382729 -56.90708160 -0.68889898
2.59765124 -56.90708160 -0.55620772
2.60433245 -56.90708160 -0.43062028
2.62129259 -56.90708160 -0.31318691
2.62617373 -56.90708160 -0.22259159
2.62992501 -56.90708160 -0.10099091
2.62007427 -56.90708160 -0.00148831
2.59738946 -56.90708160 0.11746563
2.57980323 -56.90708160 0.21762691
2.53300023 -56.90708160 0.31396648
2.54228830 -56.90708160 0.44053322
2.50985765 -56.90708160 0.65462679
2.46046758 -56.90708160 0.59567773
2.46023488 -56.90708160 0.77033031
2.23325300 -56.90708160 0.84952295
2.31491327 -56.90708160 0.83704776
2.01115370 -56.90708160 0.83622366
2.09425211 -56.90708160 0.84264493
1.91498399 -56.90708160 0.84015858
1.81657124 -56.90708160 0.86679178
1.71453989 -56.90708160 0.85473645
1.63152099 -56.90708160 0.84536636
1.53252530 -56.90708160 0.82154644
1.46443856 -56.90708160 0.83627266
1.37156272 -56.90708160 0.84396440
1.30408347 -56.90708160 0.83434761
