0.72989738 3.16164398 -1.30383456
0.40493131 3.15164948 -1.31561148
0.27159399 3.15164948 -1.27632940
0.29646984 3.15164948 -1.21056139
0.33822691 3.15164948 -1.03537393
0.31261536 3.15164948 -0.90787196
0.32488823 3.15164948 -0.76124096
0.42369729 3.15164948 -0.55329132
0.40485924 3.15164948 -0.38755348
0.37227631 3.15164948 -0.29851469
0.40869549 3.15164948 -0.15813141
0.46456516 3.15164948 -0.02726706
0.51964486 3.15164948 0.04261751
0.60657817 3.15164948 0.12914306
0.69867969 3.15164948 0.21355231
0.77015996 3.15164948 0.27028507
0.86363435 3.15164948 0.34734124
0.91258419 3.15164948 0.41263357
0.98565352 3.15164948 0.44934016
1.05956149 3.15164948 0.48215020
1.14526224 3.15164948 0.51974356
1.22853708 3.15164948 0.56326246
1.37071884 3.15164948 0.57373559
1.41767776 3.15164948 0.61711061
1.48902583 3.15164948 0.63088608
1.61188138 3.15164948 0.64641440
1.70603514 3.15164948 0.64916140
1.80980873 3.15164948 0.56879604
1.90449905 3.15164948 0.62157047
2.05205655 3.15164948 0.59402680
2.16024303 3.15164948 0.50958437
2.26105785 3.15164948 0.54227364
2.35545063 3.15164948 0.50626844
2.41144586 3.15164948 0.42138404
2.51653194 3.15164948 0.25892293
2.59370160 3.15164948 0.11224873
2.59924984 3.15164948 0.02872234
2.61799645 3.15164948 -0.07987607
2.64066219 3.15164948 -0.22973835
2.66938400 3.15164948 -0.33764461
2.65587878 3.15164948 -0.44203180
2.63716936 3.15164948 -0.57272500
2.63132858 3.15164948 -0.63844478
2.64799714 3.15164948 -0.75684339
2.63612390 3.15164948 -0.86945647
2.64073801 3.15164948 -0.99969578
2.59166813 3.15164948 -1.11261392
2.55187416 3.15164948 -1.17954278
2.51872039 3.15164948 -1.23739946
2.47847533 3.15164948 -1.29255259
0.64696467 3.15164948 -1.30814719
