0.54333246 -54.82712555 0.51800656
0.39516774 -54.82712555 0.41346842
0.46551636 -54.82712555 0.44775954
0.30211732 -54.82712555 0.31095698
0.35141939 -54.82712555 0.36772463
0.23719208 -54.82712555 0.22984058
0.19544843 -54.82712555 0.11538070
0.15757108 -54.82712555 -0.00681966
0.16166550 -54.82712555 -0.10680114
0.15252085 -54.82712555 -0.32650322
0.15193675 -54.82712555 -0.45872399
0.14266591 -54.82712555 -0.57942843
0.09553284 -54.82712555 -0.73269874
0.07089524 -54.82712555 -0.91155773
0.02420474 -54.82712555 -1.16231275
0.04107461 -54.82712555 -1.09138906
0.12387741 -54.82712555 -1.19742656
0.24800541 -54.82712555 -1.30278659
0.37913600 -54.82712555 -1.36459923
0.54867744 -54.82712555 -1.37210226
0.68706369 -54.82712555 -1.39438856
1.10778248 -54.82712555 -1.45225632
0.99356431 -54.82712555 -1.43220508
1.21787310 -54.82712555 -1.45350301
1.34704709 -54.82712555 -1.45117199
1.47036695 -54.82712555 -1.44595098
1.67104220 -54.82712555 -1.41131163
1.79866838 -54.82712555 -1.39806998
1.93701625 -54.82712555 -1.37991333
2.07322574 -54.82712555 -1.37372971
2.19654655 -54.82712555 -1.36467612
2.32149005 -54.82712555 -1.31293857
2.41361117 -54.82712555 -1.16890049
2.49522233 -54.82712555 -0.99862868
2.49911141 -54.82712555 -0.89861834
2.51379299 -54.82712555 -0.77886206
2.50962925 -54.82712555 -0.63341588
2.49971867 -54.82712555 -0.51444513
2.48896194 -54.82712555 -0.40546617
2.50794053 -54.82712555 -0.30978674
2.49833751 -54.82712555 -0.17512378
2.49937797 -54.82712555 -0.11105898
2.47603488 -54.82712555 -0.00778287
2.42992377 -54.82712555 0.10052287
2.41460466 -54.82712555 0.19629189
2.33956218 -54.82712555 0.35766524
2.37187982 -54.82712555 0.30346635
2.21974230 -54.82712555 0.51439536
2.27400231 -54.82712555 0.43660349
2.18808079 -54.82712555 0.57276630
2.07819343 -54.82712555 0.66007686
2.12104321 -54.82712555 0.61576551
1.94318748 -54.82712555 0.69171858
2.01513314 -54.82712555 0.64832139
1.85922718 -54.82712555 0.71966964
1.77852285 -54.82712555 0.74315417
1.71467435 -54.82712555 0.74835074
1.60640109 -54.82712555 0.78924805
1.52678549 -54.82712555 0.79320288
1.40573943 -54.82712555 0.83214283
1.34536731 -54.82712555 0.81501251
1.14436054 -54.82712555 0.71814030
1.05490601 -54.82712555 0.71208727
0.98538715 -54.82712555 0.74004376
0.83949345 -54.82712555 0.59755659
0.90531623 -54.82712555 0.65593183
0.74479109 -54.82712555 0.58601213
0.66005951 -54.82712555 0.54724640
1.21267605 -54.82712555 0.78805685
0.97062957 -54.82712555 0.67760366
0.82904470 -54.82712555 -1.41758978
