2.57458544 -16.07794952 -0.17298016
2.55637693 -16.07794952 -0.39596629
2.54408860 -16.07794952 -0.77387530
2.53854561 -16.07794952 -0.97847021
2.56299353 -16.07794952 -1.18264329
2.39241838 -16.07794952 -1.43220615
2.22317195 -16.07794952 -1.46254992
2.00151682 -16.07794952 -1.43492568
-0.05692602 -16.07794952 -0.84182984
-0.08524805 -16.07794952 -0.60785866
0.39942077 -16.07794952 0.26833871
1.15701032 -16.08794403 0.70292872
1.34024298 -16.08794403 0.72649431
1.44112933 -16.08794403 0.70419955
1.57211244 -16.08794403 0.67836744
1.74295306 -16.08794403 0.60765463
1.87992203 -16.08794403 0.56347924
2.01937747 -16.08794403 0.50139999
2.15528679 -16.08794403 0.46393043
2.23550487 -16.08794403 0.43465880
2.42056632 -16.08794403 0.28238663
2.55532050 -16.08794403 0.13894123
2.57033706 -16.08794403 0.04998253
2.58854270 -16.08794403 -0.10906958
2.55397582 -16.08794403 -0.31680003
2.57508302 -16.08794403 -0.57822233
2.54487514 -16.08794403 -0.69495553
2.54553437 -16.08794403 -0.89341336
2.53303456 -16.08794403 -1.08742952
2.58030844 -16.08794403 -1.25293767
2.51922178 -16.08794403 -1.35986614
2.46499395 -16.08794403 -1.39857137
2.30763650 -16.08794403 -1.46729529
2.07293940 -16.08794403 -1.45471466
1.84528065 -16.08794403 -1.39501369
1.69610727 -16.08794403 -1.40002191
1.54520702 -16.08794403 -1.40241301
1.44368958 -16.08794403 -1.41289306
1.34497631 -16.08794403 -1.41551006
1.24607301 -16.08794403 -1.41599524
1.09629762 -16.08794403 -1.40588427
1.03156340 -16.08794403 -1.42460966
0.93150389 -16.08794403 -1.43083036
0.83352870 -16.08794403 -1.43095601
0.73285669 -16.08794403 -1.42703903
0.62457824 -16.08794403 -1.41401613
0.51910239 -16.08794403 -1.39270842
0.38666758 -16.08794403 -1.39726353
0.12765734 -16.08794403 -1.42767024
0.03421275 -16.08794403 -1.39324784
-0.02928331 -16.08794403 -1.36696994
-0.05318052 -16.08794403 -1.29446292
-0.09381360 -16.08794403 -1.13949537
-0.03828257 -16.08794403 -0.90468210
-0.09194228 -16.08794403 -0.73739982
-0.10077396 -16.08794403 -0.66651839
-0.06411764 -16.08794403 -0.49324909
-0.05482128 -16.08794403 -0.34922370
-0.00824494 -16.08794403 -0.26181871
0.05403665 -16.08794403 -0.15278548
0.11825389 -16.08794403 -0.08295674
0.24066806 -16.08794403 0.08317935
0.28465080 -16.08794403 0.14688380
0.35703978 -16.08794403 0.22064808
0.45727038 -16.08794403 0.31356296
0.55165654 -16.08794403 0.36244601
0.64555669 -16.08794403 0.52934581
0.70155567 -16.08794403 0.58912843
0.79663736 -16.08794403 0.62822151
0.85757977 -16.08794403 0.64163744
0.93346608 -16.08794403 0.65865666
1.03803873 -16.08794403 0.65620732
1.26796186 -16.08794403 0.71865624
1.65509474 -16.08794403 0.64574575
2.51305795 -16.08794403 0.24134201
2.57351089 -16.08794403 -0.50079584
0.26465189 -16.08794403 -1.43725955
-0.07883783 -16.08794403 -1.00844824
-0.07016200 -16.08794403 -0.41170132
0.01459003 -16.08794403 -0.20504378
0.18383937 -16.08794403 -0.01310437
0.61145115 -16.08794403 0.46424800
