2.42357492 -32.97759247 0.54051465
2.96745729 -32.97759247 0.12462634
3.04362345 -32.97759247 -0.00240825
3.13223338 -32.97759247 -0.10556161
3.19432783 -32.97759247 -0.35861066
3.22800541 -32.97759247 -0.57692611
3.24015903 -32.97759247 -0.77417964
3.19410563 -32.97759247 -0.99300814
3.09078741 -32.97759247 -1.16287804
2.85666490 -32.97759247 -1.30672801
2.34480596 -32.97759247 -1.26653039
2.23198152 -32.98758698 0.58755565
2.36494851 -32.98758698 0.55302209
2.52853274 -32.98758698 0.50726467
2.65528750 -32.98758698 0.49228793
2.80097151 -32.98758698 0.41711229
2.87516189 -32.98758698 0.31393623
2.90517306 -32.98758698 0.24127229
2.94472528 -32.98758698 0.18267179
2.98272634 -32.98758698 0.03278470
3.09936094 -32.98758698 -0.05405321
3.15001440 -32.98758698 -0.29136562
3.20380831 -32.98758698 -0.67411017
3.10361004 -32.98758698 -1.08808231
3.06442046 -32.98758698 -1.24884152
3.00434828 -32.98758698 -1.34172904
2.71281409 -32.98758698 -1.28786373
2.64586902 -32.98758698 -1.28822196
0.55151165 -32.98758698 -1.17080045
0.47778538 -32.98758698 -1.17201948
0.46048969 -32.98758698 -1.08078587
0.47303411 -32.98758698 -0.89153916
0.44758445 -32.98758698 -0.76220107
0.47266591 -32.98758698 -0.60723448
0.47787061 -32.98758698 -0.47302064
0.45101944 -32.98758698 -0.26689541
0.43481708 -32.98758698 -0.10228581
0.43218917 -32.98758698 -0.04208444
0.63036627 -32.98758698 0.34396186
0.88279271 -32.98758698 0.47006330
0.99646735 -32.98758698 0.50473827
1.23767924 -32.98758698 0.52708030
1.45538342 -32.98758698 0.54210806
1.62017202 -32.98758698 0.55340219
1.68672168 -32.98758698 0.52251357
1.78798866 -32.98758698 0.50126880
1.95287073 -32.98758698 0.50534642
2.06780982 -32.98758698 0.56579190
2.14201975 -32.98758698 0.57615644
2.30130506 -32.98758698 0.57711369
3.14989901 -32.98758698 -0.16745177
3.23956203 -32.98758698 -0.48204604
3.26647782 -32.98758698 -0.91023469
2.92500067 -32.98758698 -1.32161081
0.45577541 -32.98758698 0.13728143
0.53893119 -32.98758698 0.26170766
0.76323837 -32.98758698 0.41899204
1.12840033 -32.98758698 0.52855927
1.33163071 -32.98758698 0.53361070
1.54907799 -32.98758698 0.55570155
1.89095664 -32.98758698 0.51501226
