0.22170144 -71.19678497 0.45985121
1.94892907 -71.19678497 0.87615490
0.34480277 -71.20677948 0.71380335
0.26607653 -71.20677948 0.68014723
0.19442186 -71.20677948 0.57077360
0.24290141 -71.20677948 0.39693162
0.26338735 -71.20677948 0.32808968
0.23336455 -71.20677948 0.20795146
0.23632857 -71.20677948 0.12197022
0.25369424 -71.20677948 0.04286183
0.22780342 -71.20677948 -0.06572649
0.21768312 -71.20677948 -0.15655212
0.23491344 -71.20677948 -0.23268673
0.24879126 -71.20677948 -0.29953361
0.27600217 -71.20677948 -0.40698633
0.27820113 -71.20677948 -0.49338707
0.28519201 -71.20677948 -0.57725674
0.29399058 -71.20677948 -0.67229408
0.31963003 -71.20677948 -0.83360189
0.31639832 -71.20677948 -0.76584554
0.28520435 -71.20677948 -1.01950622
0.31821573 -71.20677948 -0.89814323
0.28743592 -71.20677948 -1.20055163
0.28414103 -71.20677948 -1.09350121
0.30001989 -71.20677948 -1.27460933
0.34770545 -71.20677948 -1.34847736
0.47752622 -71.20677948 -1.38635898
0.40232703 -71.20677948 -1.37589419
0.60152680 -71.20677948 -1.38422477
0.71574795 -71.20677948 -1.40381908
0.84653515 -71.20677948 -1.42749083
1.02138925 -71.20677948 -1.44779575
0.92292875 -71.20677948 -1.43638945
1.15992284 -71.20677948 -1.46314287
1.26871920 -71.20677948 -1.46999598
1.41377819 -71.20677948 -1.46933830
1.33487797 -71.20677948 -1.46890485
1.54487753 -71.20677948 -1.46333098
1.66575885 -71.20677948 -1.45645761
1.83216870 -71.20677948 -1.46907330
1.75173926 -71.20677948 -1.46229875
1.99864781 -71.20677948 -1.46114707
1.89898932 -71.20677948 -1.46719348
2.17882061 -71.20677948 -1.45457292
2.07036424 -71.20677948 -1.45461690
2.36900020 -71.20677948 -1.43882370
2.26587296 -71.20677948 -1.45730686
2.47498918 -71.20677948 -1.39419079
2.52078772 -71.20677948 -1.32947087
2.52235293 -71.20677948 -1.13753951
2.52777457 -71.20677948 -1.24166024
2.46708226 -71.20677948 -0.93817979
2.49652553 -71.20677948 -1.04287004
2.43376517 -71.20677948 -0.76668012
2.44910026 -71.20677948 -0.84516239
2.44771862 -71.20677948 -0.58937806
2.46063685 -71.20677948 -0.65664953
2.44317555 -71.20677948 -0.37797895
2.43592215 -71.20677948 -0.48308969
2.41116333 -71.20677948 -0.30351692
2.42495489 -71.20677948 -0.16361952
2.35901690 -71.20677948 -0.01895522
2.30151415 -71.20677948 0.17996402
2.31805038 -71.20677948 0.11393627
2.25951505 -71.20677948 0.25457007
2.23335433 -71.20677948 0.34524846
2.20830584 -71.20677948 0.41874260
2.18201709 -71.20677948 0.58874452
2.16424513 -71.20677948 0.75842714
2.14145303 -71.20677948 0.81531698
2.09723520 -71.20677948 0.90778989
1.88292408 -71.20677948 0.86313897
1.77163458 -71.20677948 0.90215248
1.65915298 -71.20677948 0.93040490
1.56992781 -71.20677948 0.96629250
1.45054793 -71.20677948 0.96394908
1.37460530 -71.20677948 0.97344738
1.27363026 -71.20677948 0.94434881
1.17924821 -71.20677948 0.91580564
1.07418442 -71.20677948 0.88603264
0.91549718 -71.20677948 0.89470124
0.79333967 -71.20677948 0.87186223
0.68181336 -71.20677948 0.84946364
0.59285641 -71.20677948 0.82573879
0.50459713 -71.20677948 0.79582393
0.40973583 -71.20677948 0.73623806
2.34975052 -71.20677948 0.04998674
2.18932128 -71.20677948 0.50138509
0.97573304 -71.20677948 0.88603538
