2.32002831 37.48091888 -0.91283870
0.03983475 37.47092438 -0.21938215
0.01894496 37.47092438 -0.13901010
0.02024212 37.47092438 -0.04282231
0.02932002 37.47092438 0.02634075
0.02729005 37.47092438 0.32889396
0.05124602 37.47092438 0.41634753
0.07715966 37.47092438 0.48177814
0.11514053 37.47092438 0.57892001
0.17454845 37.47092438 0.64424479
0.20045292 37.47092438 0.72741985
0.24712116 37.47092438 0.77978355
0.31881291 37.47092438 0.80844194
0.03853935 37.47092438 -0.36255577
0.01381649 37.47092438 -0.30428851
0.00361190 37.47092438 0.12907472
-0.01576427 37.47092438 0.22801532
0.38270295 37.47092438 0.79853660
1.95761800 37.47092438 0.83595741
2.18700838 37.47092438 0.83418655
2.19092131 37.47092438 0.52875715
2.23721242 37.47092438 0.48479313
2.24028063 37.47092438 0.35263953
2.24231529 37.47092438 0.25631988
2.24501038 37.47092438 0.13277002
2.30487323 37.47092438 0.07719019
2.30541873 37.47092438 -0.09443755
2.30747271 37.47092438 -0.16049972
2.31297374 37.47092438 -0.34719807
2.28607512 37.47092438 -0.41785577
2.27713943 37.47092438 -0.57541126
2.26640058 37.47092438 -0.74001771
2.29525924 37.47092438 -0.96872860
2.29537487 37.47092438 -1.13598478
2.29202771 37.47092438 -1.22618902
2.16611719 37.47092438 -1.45118213
2.03918362 37.47092438 -1.46689212
1.81718194 37.47092438 -1.50375545
1.60384417 37.47092438 -1.51333272
1.42777300 37.47092438 -1.48623848
1.25655460 37.47092438 -1.48387504
1.08377993 37.47092438 -1.47145069
0.95008606 37.47092438 -1.49713564
0.81654114 37.47092438 -1.50088513
0.67427093 37.47092438 -1.49664617
0.53793877 37.47092438 -1.48413277
0.24595805 37.47092438 -1.48852384
0.14377737 37.47092438 -1.36528134
-0.02822939 37.47092438 -1.15675545
0.00860724 37.47092438 -0.88153547
0.04474697 37.47092438 -0.66283715
-0.00047628 37.47092438 -0.59715962
0.05776116 37.47092438 -0.43179223
0.51851398 37.47092438 0.82728624
0.58924836 37.47092438 0.83993071
0.72597045 37.47092438 0.83831948
0.81329858 37.47092438 0.84715468
0.02753165 37.47092438 -1.09446311
