0.16707033 -56.37709808 0.12531506
0.03895883 -56.37709808 -0.12936804
-0.07695151 -56.37709808 -0.39846909
-0.17864823 -56.37709808 -0.54673392
-0.18503213 -56.37709808 -0.92396265
-0.08590747 -56.37709808 -1.23908329
0.50775069 -56.37709808 -1.39225876
1.62558031 -56.37709808 -1.42236900
0.40800619 -56.38709259 0.54242438
0.27448574 -56.38709259 0.51008725
0.21965055 -56.38709259 0.39774412
0.18814699 -56.38709259 0.30632955
0.18050539 -56.38709259 0.18882191
0.14627658 -56.38709259 0.01014153
0.11592229 -56.38709259 -0.05186019
-0.03488075 -56.38709259 -0.20865162
-0.08534353 -56.38709259 -0.32615995
-0.09964053 -56.38709259 -0.45975247
-0.22462964 -56.38709259 -0.61495143
-0.23438476 -56.38709259 -0.76807326
-0.18684021 -56.38709259 -1.01856697
-0.23541965 -56.38709259 -1.08332753
-0.03295446 -56.38709259 -1.27055049
0.06767371 -56.38709259 -1.32583487
0.22090857 -56.38709259 -1.38194263
0.37571377 -56.38709259 -1.39590085
0.57175326 -56.38709259 -1.39512634
0.67479342 -56.38709259 -1.40562737
0.80137360 -56.38709259 -1.41956031
0.90429676 -56.38709259 -1.43279827
1.04708672 -56.38709259 -1.44051981
1.21920598 -56.38709259 -1.45589101
1.37290084 -56.38709259 -1.44798815
1.50655317 -56.38709259 -1.44358885
1.71079075 -56.38709259 -1.40978551
1.84693611 -56.38709259 -1.39373958
1.96799910 -56.38709259 -1.38363731
2.10732174 -56.38709259 -1.38578486
2.24751902 -56.38709259 -1.35297620
-0.25800055 -56.38709259 -0.70552653
-0.16400237 -56.38709259 -1.19803166
1.14957106 -56.38709259 -1.46010649
0.90482879 -56.38709259 0.66572458
0.81383049 -56.38709259 0.62673414
0.64257592 -56.38709259 0.57544130
0.52241069 -56.38709259 0.56989354
2.37066221 -56.38709259 -1.29892337
2.46241260 -56.38709259 -1.23396397
2.49866962 -56.38709259 -1.06770027
2.51860952 -56.38709259 -0.93445742
2.49772000 -56.38709259 -0.79090226
2.54353070 -56.38709259 -0.58415627
2.61042905 -56.38709259 -0.39823896
2.58774376 -56.38709259 -0.53325862
2.61835599 -56.38709259 -0.24383500
2.65428638 -56.38709259 -0.13063215
2.62885261 -56.38709259 0.12102295
2.64707518 -56.38709259 -0.01571255
2.63921380 -56.38709259 0.26239637
2.61210942 -56.38709259 0.38392058
2.57273340 -56.38709259 0.48094800
2.50846744 -56.38709259 0.51398253
2.29576564 -56.38709259 0.65963453
2.35561323 -56.38709259 0.60690391
2.17103171 -56.38709259 0.70852053
1.96106231 -56.38709259 0.78323758
2.05998445 -56.38709259 0.74946439
1.87376952 -56.38709259 0.80931777
1.72698236 -56.38709259 0.83065337
1.51732063 -56.38709259 0.88002139
1.32862961 -56.38709259 0.86180031
1.43427622 -56.38709259 0.85946244
1.14629030 -56.38709259 0.82153594
1.23562598 -56.38709259 0.85480756
1.05349851 -56.38709259 0.77668607
