1.41183329 19.80129242 0.68009841
0.34495097 19.80129242 -0.97113556
0.39451435 19.80129242 0.13251498
1.27786064 19.79129791 0.66214842
1.34819376 19.79129791 0.67852765
1.52689600 19.79129791 0.66594315
1.66022837 19.79129791 0.63594687
1.72562790 19.79129791 0.62544668
1.84893429 19.79129791 0.58504331
1.97801685 19.79129791 0.54941970
2.04317117 19.79129791 0.51079589
2.13842130 19.79129791 0.40228698
2.22153449 19.79129791 0.28930253
2.27619386 19.79129791 0.22753917
2.29520321 19.79129791 0.14910121
2.34955311 19.79129791 0.08659350
2.35097861 19.79129791 0.00406917
2.35028696 19.79129791 -0.07828382
2.38559771 19.79129791 -0.15795068
2.42208505 19.79129791 -0.25956190
2.44606805 19.79129791 -0.34358656
2.44786024 19.79129791 -0.43936735
2.44868350 19.79129791 -0.59522551
2.48493099 19.79129791 -0.68939149
2.46955752 19.79129791 -0.75096458
2.51040149 19.79129791 -0.81891727
2.47150540 19.79129791 -0.87252241
2.46095443 19.79129791 -0.95415580
2.36849260 19.79129791 -1.02229571
2.33947444 19.79129791 -1.18683732
2.33565092 19.79129791 -1.25743663
2.24301934 19.79129791 -1.29487944
2.19479370 19.79129791 -1.34982789
2.11274123 19.79129791 -1.34817600
2.05151439 19.79129791 -1.36280918
1.94565308 19.79129791 -1.37996197
1.83818865 19.79129791 -1.38872886
1.74549878 19.79129791 -1.39480484
1.65579486 19.79129791 -1.39821029
1.58899820 19.79129791 -1.38874733
1.45804513 19.79129791 -1.36922121
1.36989105 19.79129791 -1.37424660
1.28621173 19.79129791 -1.37624478
1.20549858 19.79129791 -1.37613392
1.11490178 19.79129791 -1.37452245
1.04560947 19.79129791 -1.36512637
0.97621727 19.79129791 -1.37504184
0.91182262 19.79129791 -1.37508357
0.80168635 19.79129791 -1.37171268
0.73227239 19.79129791 -1.36993766
0.61968648 19.79129791 -1.37804151
0.48563984 19.79129791 -1.37914431
0.34646878 19.79129791 -1.36432683
0.25148860 19.79129791 -1.21802890
0.31622794 19.79129791 -1.02716172
0.29754615 19.79129791 -0.93066764
0.36834672 19.79129791 -0.78124863
0.37342831 19.79129791 -0.71910387
0.32646459 19.79129791 -0.66770267
0.32469314 19.79129791 -0.55021954
0.35646778 19.79129791 -0.47488657
0.38962245 19.79129791 -0.33845812
0.40510073 19.79129791 -0.23852663
0.44268721 19.79129791 -0.15575251
0.44779357 19.79129791 -0.06342269
0.40975025 19.79129791 -0.00094079
0.40327573 19.79129791 0.07262397
0.39575982 19.79129791 0.21008697
0.39024001 19.79129791 0.27395806
0.37568927 19.79129791 0.35582244
0.48034880 19.79129791 0.46147421
0.54005188 19.79129791 0.45265388
0.64007962 19.79129791 0.45831203
0.71752155 19.79129791 0.46240121
0.79497212 19.79129791 0.48563573
0.87797719 19.79129791 0.53266364
0.99727428 19.79129791 0.54471344
1.08982778 19.79129791 0.55937654
1.16573024 19.79129791 0.60499728
2.45067835 19.79129791 -0.52123874
0.20329946 19.79129791 -1.34823191
0.28800526 19.79129791 -1.14435363
0.40290210 19.79129791 0.43984804
1.90681696 19.79129791 0.56731415
2.18819594 19.79129791 0.34647387
