2.38154149 -0.21828461 -0.43734375
1.24426091 -0.21828461 0.52206498
1.17763400 -0.22827911 0.54734707
1.77067912 -0.22827911 0.39476347
1.83682752 -0.22827911 0.37298247
1.93423748 -0.22827911 0.31800061
2.25963116 -0.22827911 0.15823239
2.25777698 -0.22827911 0.08504201
2.29274225 -0.22827911 -0.12819709
2.36151624 -0.22827911 -0.23731782
2.38475323 -0.22827911 -0.36305502
2.30921626 -0.22827911 -0.64191705
2.37548637 -0.22827911 -0.71589267
2.37021089 -0.22827911 -0.81267315
2.30621529 -0.22827911 -0.96727228
2.30770731 -0.22827911 -1.12121141
2.34148264 -0.22827911 -1.21562254
2.33513618 -0.22827911 -1.28926790
2.25143695 -0.22827911 -1.32613325
2.16586542 -0.22827911 -1.34695005
2.01558256 -0.22827911 -1.36212552
1.93178940 -0.22827911 -1.36882854
1.78817105 -0.22827911 -1.36862147
1.69882417 -0.22827911 -1.36799765
1.56914163 -0.22827911 -1.35856533
1.44287050 -0.22827911 -1.37556314
1.38309145 -0.22827911 -1.38186240
1.28926265 -0.22827911 -1.38280702
1.21676993 -0.22827911 -1.38000596
1.12810552 -0.22827911 -1.37420928
0.98157448 -0.22827911 -1.35890019
0.90564084 -0.22827911 -1.36398995
0.82371050 -0.22827911 -1.36388898
0.73143798 -0.22827911 -1.35558534
0.63137603 -0.22827911 -1.33576035
0.56302768 -0.22827911 -1.33360434
0.49808788 -0.22827911 -1.32681131
0.38423866 -0.22827911 -1.29851580
0.32301468 -0.22827911 -1.28757620
0.29278347 -0.22827911 -1.20675492
0.26596847 -0.22827911 -1.10912335
0.25313026 -0.22827911 -1.01433671
0.25149998 -0.22827911 -0.95032120
0.24673794 -0.22827911 -0.83633775
0.21603625 -0.22827911 -0.74134791
0.21077245 -0.22827911 -0.65738815
0.20615529 -0.22827911 -0.53194880
0.21584605 -0.22827911 -0.43488207
0.31000420 -0.22827911 -0.29645526
0.35068703 -0.22827911 -0.18038322
0.43704686 -0.22827911 -0.05853804
0.49317285 -0.22827911 0.03263599
0.52861232 -0.22827911 0.17451741
0.70222723 -0.22827911 0.36489311
0.78233600 -0.22827911 0.46269429
0.91144347 -0.22827911 0.51190275
0.98447436 -0.22827911 0.52190042
1.06181765 -0.22827911 -1.36082399
0.24578893 -0.22827911 -0.35396156
0.38720715 -0.22827911 -0.12142311
0.59574372 -0.22827911 0.22343622
