1.36418366 4.46161652 -0.88967162
2.18802619 4.46161652 0.41236749
0.46500567 4.46161652 0.17858461
0.89673525 4.46161652 0.35025996
2.75050306 4.46161652 -0.95934701
0.56466532 4.45162201 0.33364755
0.42214799 4.45162201 0.13171636
0.33100063 4.45162201 0.02211252
0.37400773 4.45162201 0.06877615
0.25544479 4.45162201 -0.04066275
0.20170964 4.45162201 -0.10227732
0.25426269 4.45162201 -0.22643881
0.22099715 4.45162201 -0.16790326
0.30513093 4.45162201 -0.35293144
0.28200805 4.45162201 -0.29378119
0.34019533 4.45162201 -0.40579021
0.36413956 4.45162201 -0.70942944
0.37637711 4.45162201 -0.59255761
0.38895905 4.45162201 -0.81775874
1.43716836 4.45162201 -0.89560258
2.92903042 4.45162201 -0.97058243
2.95777345 4.45162201 -0.83662885
2.90769696 4.45162201 -0.67516482
2.93425035 4.45162201 -0.55904710
2.91222596 4.45162201 -0.31198770
2.87334728 4.45162201 -0.05365401
2.82272053 4.45162201 0.16130941
2.69783020 4.45162201 0.26541880
2.62153339 4.45162201 0.43712047
2.57056451 4.45162201 0.48266777
2.10892582 4.45162201 0.40792221
0.36715961 4.45162201 -0.48790422
0.47251797 4.45162201 0.26209423
2.76831913 4.45162201 0.20233797
2.86116815 4.45162201 0.07492637
2.89710331 4.45162201 -0.20938733
2.93024778 4.45162201 -0.42709482
2.95650911 4.45162201 -0.90938336
