0.47144634 -42.85738373 0.40475646
-0.01905504 -42.85738373 -0.79946965
2.65280080 -42.85738373 -1.10259688
2.62524557 -42.85738373 -0.67824024
1.06165719 -42.85738373 0.60186738
0.97533786 -42.86737823 0.60938793
1.42807317 -42.86737823 0.59584755
1.49112046 -42.86737823 0.58342516
1.67878556 -42.86737823 0.51919961
1.77629626 -42.86737823 0.49932474
2.03957367 -42.86737823 0.43782565
2.17391992 -42.86737823 0.39886880
2.23232079 -42.86737823 0.35623798
2.30691314 -42.86737823 0.28080621
2.35549736 -42.86737823 0.10340485
2.41484880 -42.86737823 -0.06706572
2.46644449 -42.86737823 -0.23766556
2.49220371 -42.86737823 -0.39245766
2.54450250 -42.86737823 -0.51521087
2.60138965 -42.86737823 -0.62262690
2.65191221 -42.86737823 -0.77617323
2.66867661 -42.86737823 -0.94484550
2.67321444 -42.86737823 -1.02965021
2.37416482 -42.86737823 -1.40381467
2.18178988 -42.86737823 -1.41307366
2.01190281 -42.86737823 -1.40671265
1.84853053 -42.86737823 -1.41757774
1.73612130 -42.86737823 -1.42295611
1.62818801 -42.86737823 -1.42166376
1.41460502 -42.86737823 -1.44808483
1.26874828 -42.86737823 -1.45372856
1.20418215 -42.86737823 -1.44840145
1.08436954 -42.86737823 -1.44276452
0.94061118 -42.86737823 -1.44796121
0.83828890 -42.86737823 -1.44393826
0.71415412 -42.86737823 -1.43242419
0.60748446 -42.86737823 -1.43393314
0.48137739 -42.86737823 -1.44669843
0.42062497 -42.86737823 -1.44740236
0.28937751 -42.86737823 -1.43098223
0.19614398 -42.86737823 -1.41455901
0.17054933 -42.86737823 -1.34007812
0.14437748 -42.86737823 -1.22960055
0.11889583 -42.86737823 -1.10734653
0.07809028 -42.86737823 -1.00041950
-0.00402673 -42.86737823 -0.86300725
-0.02739055 -42.86737823 -0.70038360
-0.02161248 -42.86737823 -0.62570810
-0.03456195 -42.86737823 -0.54650933
-0.00311968 -42.86737823 -0.43849084
0.05862240 -42.86737823 -0.30813020
0.10443614 -42.86737823 -0.20370570
0.11329430 -42.86737823 -0.14057717
0.13943566 -42.86737823 -0.07367763
0.21307164 -42.86737823 0.09252827
0.25379062 -42.86737823 0.15260045
0.33498877 -42.86737823 0.34873500
0.41226563 -42.86737823 0.38853690
0.59287632 -42.86737823 0.40822086
0.64212674 -42.86737823 0.45709750
0.77126008 -42.86737823 0.51161832
0.84414732 -42.86737823 0.54693693
0.90976149 -42.86737823 0.59291244
0.70476389 -42.86737823 0.48490468
0.33602539 -42.86737823 0.22377509
0.16616698 -42.86737823 0.00747329
1.54073453 -42.86737823 -1.43113971
2.56195474 -42.86737823 -1.38971698
2.44490957 -42.86737823 -0.14353198
2.32798815 -42.86737823 0.20453814
1.88415146 -42.86737823 0.44413936
1.59060991 -42.86737823 0.55759728
