0.38245741 9.40151215 -1.00647795
1.68761480 9.40151215 0.54479158
2.00700903 9.39151764 0.33131453
2.04693007 9.39151764 0.27524382
2.12191296 9.39151764 0.17862403
2.23232126 9.39151764 0.07234798
2.30496264 9.39151764 -0.03637244
2.43850017 9.39151764 -0.20091932
2.46110821 9.39151764 -0.27016866
2.50762153 9.39151764 -0.37860113
2.50730944 9.39151764 -0.45834661
2.51034427 9.39151764 -0.56963992
2.51212955 9.39151764 -0.64978760
2.54652691 9.39151764 -0.79816383
2.56861711 9.39151764 -0.85492146
2.57176852 9.39151764 -0.93003523
2.59169459 9.39151764 -0.99324453
2.58859921 9.39151764 -1.05569673
2.60701990 9.39151764 -1.19078541
2.60501266 9.39151764 -1.25972676
2.57778454 9.39151764 -1.32038295
2.53106356 9.39151764 -1.36244917
2.45337915 9.39151764 -1.38399172
2.34508538 9.39151764 -1.38166189
2.19165850 9.39151764 -1.38563657
2.07744622 9.39151764 -1.39561164
1.99364817 9.39151764 -1.41123474
1.90363181 9.39151764 -1.42041433
1.80556607 9.39151764 -1.42741537
1.63192618 9.39151764 -1.42483008
1.54787660 9.39151764 -1.40000713
1.48111105 9.39151764 -1.41555440
1.39529610 9.39151764 -1.41940725
1.32675731 9.39151764 -1.41797531
1.15302527 9.39151764 -1.41071594
1.07214558 9.39151764 -1.39955783
0.97693086 9.39151764 -1.38194168
0.89621603 9.39151764 -1.38308203
0.80407989 9.39151764 -1.37268460
0.64205837 9.39151764 -1.36997533
0.57229352 9.39151764 -1.35922253
0.50194991 9.39151764 -1.34170103
0.37894639 9.39151764 -1.22981644
0.39008778 9.39151764 -1.07119095
0.36825487 9.39151764 -0.94872117
0.35227734 9.39151764 -0.85034114
0.31698316 9.39151764 -0.78436232
0.30545199 9.39151764 -0.72507530
0.28926337 9.39151764 -0.59954280
0.25769120 9.39151764 -0.51880753
0.26418814 9.39151764 -0.43454754
0.26747224 9.39151764 -0.36366364
0.26756966 9.39151764 -0.30053824
0.29887357 9.39151764 -0.20748858
0.30515438 9.39151764 -0.14468707
0.30472940 9.39151764 -0.08141191
0.30953482 9.39151764 0.02965580
0.33861718 9.39151764 0.09891143
0.33668751 9.39151764 0.17205958
0.35416439 9.39151764 0.23252979
0.36899251 9.39151764 0.29853323
0.37237138 9.39151764 0.42129707
0.41456825 9.39151764 0.52752513
0.45392942 9.39151764 0.57903767
0.55291402 9.39151764 0.59268939
0.61971390 9.39151764 0.61458659
0.68369305 9.39151764 0.60865068
0.83512026 9.39151764 0.59457743
0.94144088 9.39151764 0.59653950
1.05771506 9.39151764 0.58499807
1.17291272 9.39151764 0.56679749
1.24236345 9.39151764 0.56131059
1.35619390 9.39151764 0.55710614
1.43865156 9.39151764 0.55236650
1.51219070 9.39151764 0.55440915
1.62107968 9.39151764 0.55508101
1.78118956 9.39151764 0.51843673
1.91741419 9.39151764 0.44410485
2.16464543 9.39151764 0.13629721
2.38092923 9.39151764 -0.12229559
2.60685349 9.39151764 -1.12187850
1.72042584 9.39151764 -1.42935336
1.23296201 9.39151764 -1.41755760
0.39916205 9.39151764 -1.32211983
