1.33033824 19.28130341 0.78918892
1.57270956 19.28130341 0.78072065
1.86847579 19.28130341 0.75299245
0.23183908 19.28130341 -0.37887874
0.33162695 19.28130341 0.05625948
0.62678295 19.28130341 0.45845634
2.56710029 19.27130890 -0.22772311
2.60961127 19.27130890 -0.35300952
2.62370968 19.27130890 -0.41386378
2.67247581 19.27130890 -0.55620104
2.70297766 19.27130890 -0.70910722
2.72003555 19.27130890 -0.77997410
2.74078226 19.27130890 -0.90708256
2.62675118 19.27130890 -1.09311557
2.59182787 19.27130890 -1.19981146
2.55326343 19.27130890 -1.28791797
2.47908425 19.27130890 -1.32461083
2.41881537 19.27130890 -1.34548652
2.34807181 19.27130890 -1.37022197
2.26912260 19.27130890 -1.36927462
2.09901786 19.27130890 -1.36565888
1.99030948 19.27130890 -1.38402104
1.88015938 19.27130890 -1.39088249
1.70927715 19.27130890 -1.39639187
1.62653732 19.27130890 -1.38936019
1.55801201 19.27130890 -1.38124895
1.49220216 19.27130890 -1.38610315
1.40495694 19.27130890 -1.39224577
1.20527935 19.27130890 -1.39496577
1.13993907 19.27130890 -1.39128149
1.04445839 19.27130890 -1.38769853
0.96832722 19.27130890 -1.39060950
0.88961995 19.27130890 -1.38728631
0.79821479 19.27130890 -1.38670111
0.70005780 19.27130890 -1.37927055
0.61790782 19.27130890 -1.38011575
0.52895355 19.27130890 -1.37876737
0.38826028 19.27130890 -1.36501014
0.27603200 19.27130890 -1.35896301
0.21408728 19.27130890 -1.34641969
0.19697160 19.27130890 -1.24922276
0.22376008 19.27130890 -1.17437530
0.24147025 19.27130890 -1.09771526
0.26754636 19.27130890 -0.98341221
0.25763962 19.27130890 -0.83961487
0.24389754 19.27130890 -0.77890325
0.24484572 19.27130890 -0.70534050
0.24444254 19.27130890 -0.59499919
0.19494478 19.27130890 -0.53936702
0.21345991 19.27130890 -0.44832551
0.27261168 19.27130890 -0.27937558
0.24401700 19.27130890 -0.18139140
0.26786149 19.27130890 -0.05888471
0.31137547 19.27130890 -0.00030495
0.39056957 19.27130890 0.15133069
0.41082048 19.27130890 0.21039736
0.49464527 19.27130890 0.31271854
0.59596407 19.27130890 0.40249395
0.68897682 19.27130890 0.53175920
0.76433980 19.27130890 0.61927229
0.80240196 19.27130890 0.71108961
0.86281127 19.27130890 0.72180271
0.98209542 19.27130890 0.81454146
1.07502401 19.27130890 0.80839586
1.20961607 19.27130890 0.80228281
1.50693727 19.27130890 0.77757126
1.77283132 19.27130890 0.73889971
2.03277183 19.27130890 0.75219816
2.16559744 19.27130890 0.68159717
2.20667958 19.27130890 0.56837809
2.26437569 19.27130890 0.43606678
2.35327339 19.27130890 0.27303657
2.38355994 19.27130890 0.19971494
2.45494628 19.27130890 0.06599024
1.67188072 19.27130890 0.77314281
1.97182465 19.27130890 0.76888323
2.56023026 19.27130890 -0.09615044
2.66017270 19.27130890 -0.49678895
2.70206690 19.27130890 -0.96012068
2.17411399 19.27130890 -1.36641192
1.78987837 19.27130890 -1.39424932
1.30306959 19.27130890 -1.39492905
