2.26031637 -21.27783966 0.14539519
-0.17183477 -21.28783417 -0.13795361
-0.13014318 -21.28783417 0.04512592
-0.08499921 -21.28783417 0.23941812
-0.01732009 -21.28783417 0.42723122
-0.00896236 -21.28783417 0.57596898
0.13526684 -21.28783417 0.61097330
0.27211139 -21.28783417 0.63696212
0.35000229 -21.28783417 0.66188061
0.45896620 -21.28783417 0.69237930
0.56830418 -21.28783417 0.69820553
0.83460701 -21.28783417 0.76020932
-0.11057818 -21.28783417 0.12966245
-0.05988267 -21.28783417 0.34974900
0.72704762 -21.28783417 0.74177897
1.29591107 -21.28783417 0.72648925
1.36183167 -21.28783417 0.69619662
1.56212234 -21.28783417 0.72466183
1.75194716 -21.28783417 0.78338504
2.02144766 -21.28783417 0.59338659
2.05874610 -21.28783417 0.45314771
2.19416523 -21.28783417 0.33124447
2.27705717 -21.28783417 0.08481326
2.30502462 -21.28783417 -0.09284773
2.31168866 -21.28783417 -0.17755701
2.36812091 -21.28783417 -0.42376059
2.38507080 -21.28783417 -0.55254954
2.46636081 -21.28783417 -0.70656079
2.49678254 -21.28783417 -0.86256468
2.48620892 -21.28783417 -0.96250165
2.41712236 -21.28783417 -1.11618865
2.41111755 -21.28783417 -1.24036503
2.39958096 -21.28783417 -1.30467105
2.31305361 -21.28783417 -1.41330183
2.25394845 -21.28783417 -1.43610013
2.12327218 -21.28783417 -1.45188880
1.93378544 -21.28783417 -1.45518279
1.80873179 -21.28783417 -1.45794725
1.74646318 -21.28783417 -1.45825660
1.60001898 -21.28783417 -1.42684078
1.49065435 -21.28783417 -1.44376278
1.35145700 -21.28783417 -1.44966006
1.25576830 -21.28783417 -1.44569910
1.11569965 -21.28783417 -1.41582632
1.03113890 -21.28783417 -1.41454780
0.96283042 -21.28783417 -1.41713357
0.78112423 -21.28783417 -1.41156971
0.68759906 -21.28783417 -1.40830147
0.59802365 -21.28783417 -1.39984477
0.47622630 -21.28783417 -1.42898047
0.36115345 -21.28783417 -1.44135809
0.23533583 -21.28783417 -1.44512916
0.09517737 -21.28783417 -1.44446564
-0.05404235 -21.28783417 -1.43636119
-0.18370642 -21.28783417 -1.38064206
-0.21207078 -21.28783417 -1.25154567
-0.23530467 -21.28783417 -1.11418760
-0.28984284 -21.28783417 -0.91537356
-0.31768861 -21.28783417 -0.76063609
-0.28883174 -21.28783417 -0.64642525
-0.21268041 -21.28783417 -0.52594805
-0.23695481 -21.28783417 -0.42030597
-0.09778334 -21.28783417 -0.25029501
0.93484420 -21.28783417 0.76452690
1.10568631 -21.28783417 0.72442549
1.21990907 -21.28783417 0.73723727
1.94986224 -21.28783417 0.65611398
