0.06421281 76.48009491 -1.34788740
-0.08372085 76.48009491 -0.75451267
-0.08310928 76.48009491 -0.57293087
-0.06554832 76.48009491 -0.39632332
-0.00179319 76.48009491 -0.21816766
0.06133370 76.48009491 0.13465594
0.12715842 76.48009491 0.32333776
0.27000341 76.48009491 0.43933687
2.40399837 76.48009491 -0.60630858
0.58809459 76.47010040 0.46967348
0.48494077 76.47010040 0.45934075
0.33211008 76.47010040 0.43553606
0.10432160 76.47010040 0.25102523
0.03242114 76.47010040 0.05788120
0.04256890 76.47010040 -0.01162623
0.04283190 76.47010040 -0.14596653
-0.02922856 76.47010040 -0.27685365
-0.08512473 76.47010040 -0.64238286
-0.07718398 76.47010040 -0.84941971
-0.04109606 76.47010040 -1.01775002
-0.03559418 76.47010040 -1.09502804
0.01985697 76.47010040 -1.22395086
0.08072875 76.47010040 -1.40580714
0.07453918 76.47010040 -1.47883010
0.12200275 76.47010040 -1.53031778
0.26384741 76.47010040 -1.55183649
0.42415574 76.47010040 -1.56644571
0.56017083 76.47010040 -1.56567073
0.69051945 76.47010040 -1.55373645
0.79286194 76.47010040 -1.55686939
-0.08215093 76.47010040 -0.46754196
0.14283088 76.47010040 0.41119882
1.10131752 76.47010040 0.49319863
1.19814777 76.47010040 0.45925516
1.31345570 76.47010040 0.55137211
1.43407261 76.47010040 0.50763738
1.56144381 76.47010040 0.51288611
1.66408408 76.47010040 0.49671391
1.78475904 76.47010040 0.57298994
1.96501112 76.47010040 0.59940177
2.03105116 76.47010040 0.59187454
2.10785842 76.47010040 0.48403367
2.09106183 76.47010040 0.27981332
2.12316298 76.47010040 0.15343776
2.15949154 76.47010040 0.08339858
2.23229885 76.47010040 -0.02139925
2.26731682 76.47010040 -0.09675703
2.30438852 76.47010040 -0.17671792
2.36508083 76.47010040 -0.32479224
2.37749028 76.47010040 -0.40291297
2.38830781 76.47010040 -0.47651529
2.40448523 76.47010040 -0.66848278
2.43797278 76.47010040 -0.77406615
2.38475966 76.47010040 -0.83870089
2.38309693 76.47010040 -0.90062267
2.35246587 76.47010040 -0.97204506
2.29821730 76.47010040 -1.05068541
2.22319388 76.47010040 -1.20949912
2.19997549 76.47010040 -1.30278468
2.19682527 76.47010040 -1.38315916
2.14114404 76.47010040 -1.45805550
2.03819323 76.47010040 -1.46168268
1.97592318 76.47010040 -1.48825431
1.86405969 76.47010040 -1.51474822
1.78026485 76.47010040 -1.52361560
1.67930806 76.47010040 -1.54112566
1.59813392 76.47010040 -1.55215883
1.51498353 76.47010040 -1.55425787
1.35275269 76.47010040 -1.54158497
1.22248948 76.47010040 -1.54696417
1.15061629 76.47010040 -1.54578483
1.06576526 76.47010040 -1.54423213
0.98149884 76.47010040 -1.54426289
0.89347351 76.47010040 -1.54923880
0.72573668 76.47010040 0.45949572
0.84307283 76.47010040 0.46782127
0.95111018 76.47010040 0.48059073
