2.27243304 -68.59683990 0.62589473
2.38499570 -68.59683990 0.40729111
1.41734099 -68.60683441 -1.47434878
1.33739555 -68.60683441 -1.47557998
1.25555575 -68.60683441 -1.48157454
1.18323159 -68.60683441 -1.47395658
1.10470009 -68.60683441 -1.46413743
1.01128221 -68.60683441 -1.46410394
0.91808265 -68.60683441 -1.45203459
0.80819219 -68.60683441 -1.43154967
0.68881363 -68.60683441 -1.41695368
0.55285305 -68.60683441 -1.39879155
0.41790351 -68.60683441 -1.35915685
0.34280577 -68.60683441 -1.30618346
0.34124061 -68.60683441 -1.14740443
0.32562533 -68.60683441 -1.04168236
0.39846587 -68.60683441 -0.91405356
0.34563184 -68.60683441 -0.83426058
0.33634511 -68.60683441 -0.71870118
0.34215400 -68.60683441 -0.54335171
0.38355133 -68.60683441 -0.44524783
0.37017182 -68.60683441 -0.35265714
0.37785757 -68.60683441 -0.23526856
0.34579852 -68.60683441 -0.10725340
0.35787907 -68.60683441 0.03962002
0.38602567 -68.60683441 0.18749546
0.43279633 -68.60683441 0.31955117
0.48565748 -68.60683441 0.36628789
0.60590339 -68.60683441 0.46653110
0.66532898 -68.60683441 0.49998575
0.77048481 -68.60683441 0.54850370
0.85793632 -68.60683441 0.59114331
0.96844649 -68.60683441 0.66371882
1.04751432 -68.60683441 0.72838902
1.20977056 -68.60683441 0.81834245
1.32388282 -68.60683441 0.85970914
1.38249159 -68.60683441 0.83728462
1.56519985 -68.60683441 0.87079298
1.66927850 -68.60683441 0.87027198
1.76801932 -68.60683441 0.88186717
1.83964694 -68.60683441 0.81636035
1.91520691 -68.60683441 0.80697960
1.99197698 -68.60683441 0.76361609
2.06523228 -68.60683441 0.74286163
2.17684364 -68.60683441 0.67990077
2.32078981 -68.60683441 0.59138787
2.37491870 -68.60683441 0.50433689
2.40055776 -68.60683441 0.34693170
2.43772244 -68.60683441 0.28208178
2.46505260 -68.60683441 0.22655293
2.51319432 -68.60683441 0.13818772
2.56514716 -68.60683441 0.04533232
2.59629178 -68.60683441 -0.01693922
2.62451887 -68.60683441 -0.07923925
2.71541572 -68.60683441 -0.21211749
2.75082469 -68.60683441 -0.32886282
2.77266908 -68.60683441 -0.39251965
2.78056026 -68.60683441 -0.45474118
2.76050687 -68.60683441 -0.61629480
2.77854109 -68.60683441 -0.68142205
2.79025078 -68.60683441 -0.79457659
2.77203345 -68.60683441 -0.95510221
2.74914384 -68.60683441 -1.03042066
2.72662520 -68.60683441 -1.15722156
2.70310116 -68.60683441 -1.23215461
2.65509081 -68.60683441 -1.33136725
2.52598429 -68.60683441 -1.36174238
2.39315844 -68.60683441 -1.39481139
2.27050185 -68.60683441 -1.41163576
2.16525340 -68.60683441 -1.43040276
2.07846951 -68.60683441 -1.43902922
1.98617673 -68.60683441 -1.44588721
1.90135157 -68.60683441 -1.45159543
1.82040477 -68.60683441 -1.45563471
1.73039782 -68.60683441 -1.45505404
1.60296261 -68.60683441 -1.47746360
1.48149264 -68.60683441 -1.47724712
1.11324477 -68.60683441 0.75990206
0.33699057 -68.60683441 -0.04417023
