2.11459517 73.10016632 -0.55768448
-0.02021539 73.10016632 -0.58016247
-0.02547543 73.10016632 -0.12301832
0.21998237 73.10016632 0.40249762
0.34601304 73.10016632 0.37898624
1.47161126 73.09017181 0.43263447
1.67926085 73.09017181 0.38309944
1.76823330 73.09017181 0.30021307
1.82211423 73.09017181 0.24033006
1.86895156 73.09017181 0.13319531
1.90910447 73.09017181 0.05320856
1.96720815 73.09017181 -0.03377927
2.00147295 73.09017181 -0.12392294
2.02532864 73.09017181 -0.19805327
2.05362296 73.09017181 -0.26379445
2.08064795 73.09017181 -0.35362995
2.12482595 73.09017181 -0.66562772
2.12101054 73.09017181 -0.77838898
2.13993049 73.09017181 -0.89583892
2.14113283 73.09017181 -1.09099650
2.15064692 73.09017181 -1.20017862
2.14162588 73.09017181 -1.35587466
2.05694199 73.09017181 -1.48635185
1.95423019 73.09017181 -1.53019607
1.84265959 73.09017181 -1.53899193
1.73841774 73.09017181 -1.55975628
1.63879621 73.09017181 -1.56954062
1.54025471 73.09017181 -1.57219219
1.39116442 73.09017181 -1.54179466
1.30170310 73.09017181 -1.54029679
1.20440793 73.09017181 -1.54606652
1.11333692 73.09017181 -1.55160797
1.03490806 73.09017181 -1.56032205
0.86564797 73.09017181 -1.56283081
0.75372630 73.09017181 -1.57025361
0.69102293 73.09017181 -1.56793094
0.60151511 73.09017181 -1.56256163
0.48145667 73.09017181 -1.56063855
0.35485020 73.09017181 -1.55099773
0.27326977 73.09017181 -1.58866477
0.20989886 73.09017181 -1.58169472
0.14157277 73.09017181 -1.51545775
0.06289296 73.09017181 -1.46751928
0.04422124 73.09017181 -1.28345191
0.01345144 73.09017181 -1.22066855
0.02054564 73.09017181 -1.09351838
-0.00375397 73.09017181 -1.02561224
0.00714943 73.09017181 -0.82799637
0.00759645 73.09017181 -0.74512422
-0.00626014 73.09017181 -0.63898104
-0.01946118 73.09017181 -0.50034845
-0.01340176 73.09017181 -0.43921059
-0.00910949 73.09017181 -0.37405461
-0.01098434 73.09017181 -0.31060839
-0.02203847 73.09017181 -0.18838549
-0.03161434 73.09017181 -0.05182902
-0.01653521 73.09017181 0.04227837
-0.02714481 73.09017181 0.13275592
-0.03286263 73.09017181 0.20596701
0.02734926 73.09017181 0.38200432
0.15868752 73.09017181 0.39468917
0.28381759 73.09017181 0.36904234
0.40908119 73.09017181 0.42175323
0.57890964 73.09017181 0.43572059
0.65417701 73.09017181 0.46296790
0.84568292 73.09017181 0.44132537
0.91309476 73.09017181 0.38667744
1.03469360 73.09017181 0.37953770
1.14924061 73.09017181 0.42690119
1.24554992 73.09017181 0.40212035
1.55421984 73.09017181 0.45681548
2.11579537 73.09017181 -0.47830498
2.13704991 73.09017181 -0.95934957
2.16844273 73.09017181 -1.27856398
1.46935737 73.09017181 -1.54640961
0.96829277 73.09017181 -1.56585407
0.05699970 73.09017181 -1.39956939
-0.00208156 73.09017181 -0.93844527
-0.04978671 73.09017181 0.31766137
1.34586930 73.09017181 0.38833505
