0.03456725 -47.79727936 -1.22665536
2.07581687 -47.79727936 -0.09144288
0.12801924 -47.80727386 -0.76416796
0.08242582 -47.80727386 -0.87319839
0.01952870 -47.80727386 -1.04347956
0.02442245 -47.80727386 -1.15617120
0.16200717 -47.80727386 -1.38923144
0.30868661 -47.80727386 -1.42790008
0.47606033 -47.80727386 -1.41904223
0.60743260 -47.80727386 -1.41917646
0.04505849 -47.80727386 -1.31203842
0.13689747 -47.80727386 -0.60684389
1.17220044 -47.80727386 0.78439593
1.32107413 -47.80727386 0.75190830
1.41105902 -47.80727386 0.66535246
1.53825116 -47.80727386 0.68817616
1.65093076 -47.80727386 0.71999663
1.74111974 -47.80727386 0.63202095
1.92009461 -47.80727386 0.65931225
1.97357309 -47.80727386 0.60257906
2.01539969 -47.80727386 0.29593581
2.02551985 -47.80727386 0.17830954
2.07490993 -47.80727386 0.10612823
2.05517006 -47.80727386 -0.03382069
2.13553667 -47.80727386 -0.21903515
2.19040227 -47.80727386 -0.37066284
2.22716928 -47.80727386 -0.50244051
2.24113989 -47.80727386 -0.60179639
2.28879499 -47.80727386 -0.69736904
2.29962516 -47.80727386 -0.79534578
2.28261995 -47.80727386 -0.88769180
2.32233453 -47.80727386 -1.01196969
2.35104322 -47.80727386 -1.13407278
2.34819007 -47.80727386 -1.20024431
2.29251146 -47.80727386 -1.26741910
2.21703243 -47.80727386 -1.33980846
2.12817073 -47.80727386 -1.37622094
1.98959744 -47.80727386 -1.38179123
1.88112044 -47.80727386 -1.38912678
1.77961922 -47.80727386 -1.39159513
1.68929219 -47.80727386 -1.40788674
1.59567761 -47.80727386 -1.41564810
1.52157235 -47.80727386 -1.43447888
1.41743028 -47.80727386 -1.43609524
1.32669961 -47.80727386 -1.43591273
1.19782531 -47.80727386 -1.43441069
1.11134660 -47.80727386 -1.43016768
1.02934444 -47.80727386 -1.41446519
0.93284214 -47.80727386 -1.42594779
0.83002043 -47.80727386 -1.42553699
0.72634488 -47.80727386 -1.42020869
0.13212736 -47.80727386 -0.46378604
0.18748543 -47.80727386 -0.32963365
0.22379808 -47.80727386 -0.17476134
0.28508195 -47.80727386 0.00929266
0.31008282 -47.80727386 0.11739725
0.32720736 -47.80727386 0.22943328
0.34639251 -47.80727386 0.29340246
0.40952337 -47.80727386 0.40107834
0.55234927 -47.80727386 0.46188015
0.68150586 -47.80727386 0.46199459
0.83372444 -47.80727386 0.52440619
0.85451895 -47.80727386 0.63181889
0.92829555 -47.80727386 0.66608483
1.11875820 -47.80727386 0.75695592
2.00089717 -47.80727386 0.45840389
