0.45661911 43.46079254 0.47472176
1.22827792 43.45079803 0.47059342
1.15043187 43.45079803 0.47494662
1.02660787 43.45079803 0.44664955
0.86904627 43.45079803 0.45422381
0.94097221 43.45079803 0.44363645
0.75639927 43.45079803 0.45187873
0.69352049 43.45079803 0.45335805
0.55977643 43.45079803 0.43341237
0.39772275 43.45079803 0.46064067
0.32767561 43.45079803 0.47305307
0.22363140 43.45079803 0.40552974
0.15002204 43.45079803 0.31961137
0.10837431 43.45079803 0.26939014
0.06737810 43.45079803 0.15286681
0.06367904 43.45079803 0.22011666
0.01669986 43.45079803 0.05897121
-0.02016694 43.45079803 -0.06020296
-0.05652784 43.45079803 -0.18309803
-0.10833096 43.45079803 -0.34156546
-0.13768561 43.45079803 -0.40027046
-0.11854704 43.45079803 -0.47548366
-0.14042421 43.45079803 -0.62159240
-0.16747284 43.45079803 -0.71456671
-0.17240041 43.45079803 -0.81808966
-0.15554452 43.45079803 -0.94186407
-0.16102211 43.45079803 -1.04378843
-0.16719678 43.45079803 -1.12030816
-0.15562598 43.45079803 -1.22165370
-0.12752129 43.45079803 -1.27824068
-0.11096304 43.45079803 -1.35216403
-0.04424551 43.45079803 -1.47408903
0.06320105 43.45079803 -1.51111412
0.14772794 43.45079803 -1.51682258
0.30193067 43.45079803 -1.54182613
0.40390700 43.45079803 -1.53961134
0.49326563 43.45079803 -1.54305470
0.67000765 43.45079803 -1.54385376
0.75783861 43.45079803 -1.55109751
0.81876349 43.45079803 -1.55121124
0.94997984 43.45079803 -1.54695737
1.05333602 43.45079803 -1.54356503
1.14107192 43.45079803 -1.54425168
1.27936280 43.45079803 -1.54891682
1.34929729 43.45079803 -1.54955685
1.44295180 43.45079803 -1.54729235
1.54289722 43.45079803 -1.54729593
1.63189459 43.45079803 -1.57052851
1.81930900 43.45079803 -1.54198217
1.94982600 43.45079803 -1.50784802
2.05858445 43.45079803 -1.35130382
2.07143307 43.45079803 -1.26392710
2.11889720 43.45079803 -0.90704376
2.15350294 43.45079803 -0.95646375
2.15752530 43.45079803 -0.82938612
2.11509728 43.45079803 -0.64222419
2.11583924 43.45079803 -0.71441495
2.11777329 43.45079803 -0.53209716
2.06771827 43.45079803 -0.38876337
2.09193850 43.45079803 -0.45494103
2.07923651 43.45079803 -0.31356195
2.09661531 43.45079803 -0.16321731
2.08083582 43.45079803 -0.08079420
2.08257651 43.45079803 0.03484007
2.06037092 43.45079803 0.18546778
2.00110245 43.45079803 0.29144800
1.78380549 43.45079803 0.35634202
1.68274260 43.45079803 0.38874078
1.62073421 43.45079803 0.39723006
1.54878926 43.45079803 0.42989862
2.12506580 43.45079803 -1.13796020
2.04062009 43.45079803 -1.46869540
1.74929941 43.45079803 -1.55483854
1.20951295 43.45079803 -1.54700315
0.88535225 43.45079803 -1.55084908
0.57318276 43.45079803 -1.54587364
-0.09842204 43.45079803 -1.43003178
