-0.00245997 -15.81795502 -0.33664063
-0.10149052 -15.81795502 -1.10652101
0.06473821 -15.81795502 -1.40952623
1.02800798 -15.82794952 0.64348835
1.09146094 -15.82794952 0.67258942
1.16959691 -15.82794952 0.70985079
1.33924139 -15.82794952 0.72403723
1.53145921 -15.82794952 0.65972888
1.71259725 -15.82794952 0.57486576
1.79703939 -15.82794952 0.54615676
1.93698454 -15.82794952 0.54151523
2.00070834 -15.82794952 0.51294911
2.06887054 -15.82794952 0.48248327
2.16745901 -15.82794952 0.43409753
2.26970243 -15.82794952 0.36542127
2.33054137 -15.82794952 0.31598300
2.40759778 -15.82794952 0.22993594
2.44710803 -15.82794952 0.04184998
2.45892501 -15.82794952 -0.05541404
2.45978570 -15.82794952 -0.15305088
2.44866371 -15.82794952 -0.21916158
2.45649123 -15.82794952 -0.45141014
2.47425151 -15.82794952 -0.60351419
2.48800302 -15.82794952 -0.76025146
2.53032923 -15.82794952 -0.94997621
2.57351089 -15.82794952 -1.15006065
2.53211188 -15.82794952 -1.32399166
2.34140301 -15.82794952 -1.38194621
2.15759277 -15.82794952 -1.39566851
1.94442523 -15.82794952 -1.39065695
1.68289506 -15.82794952 -1.40951812
1.55343974 -15.82794952 -1.40910888
1.45686877 -15.82794952 -1.41835701
1.28857100 -15.82794952 -1.42038214
1.17168593 -15.82794952 -1.41529012
0.97397834 -15.82794952 -1.43222141
0.87584722 -15.82794952 -1.43135941
0.81487286 -15.82794952 -1.43119717
0.70196456 -15.82794952 -1.42436361
0.58845532 -15.82794952 -1.41166341
0.47765949 -15.82794952 -1.39359641
0.38507929 -15.82794952 -1.40906119
0.21542469 -15.82794952 -1.43825126
0.12176565 -15.82794952 -1.43465674
-0.05038952 -15.82794952 -1.34039831
-0.10497537 -15.82794952 -1.23433661
-0.12084960 -15.82794952 -1.16996467
-0.06135955 -15.82794952 -0.97764856
-0.03748083 -15.82794952 -0.91644639
-0.02939912 -15.82794952 -0.81972802
-0.05240385 -15.82794952 -0.74454784
-0.03357965 -15.82794952 -0.65481550
-0.01766971 -15.82794952 -0.56398350
-0.01710935 -15.82794952 -0.49289778
-0.01966074 -15.82794952 -0.39881551
0.00174621 -15.82794952 -0.27235609
0.02897308 -15.82794952 -0.17125209
0.08399951 -15.82794952 -0.09893111
0.13375211 -15.82794952 -0.03950553
0.17893514 -15.82794952 0.04299055
0.22369106 -15.82794952 0.11386961
0.32783902 -15.82794952 0.24341011
0.40722156 -15.82794952 0.29910651
0.50998652 -15.82794952 0.34812608
0.57261097 -15.82794952 0.40417877
0.64020866 -15.82794952 0.44490990
0.78601599 -15.82794952 0.55785197
0.86772418 -15.82794952 0.59039152
0.94378966 -15.82794952 0.62710595
0.71089071 -15.82794952 0.51935995
0.26876959 -15.82794952 0.18271653
1.86355400 -15.82794952 -1.40690780
2.58718491 -15.82794952 -1.26682866
2.44412732 -15.82794952 -0.31366292
1.87354529 -15.82794952 0.55117196
1.64021301 -15.82794952 0.61174381
1.46651399 -15.82794952 0.69422048
1.25889564 -15.82794952 0.72829592
