-0.18840377 41.90082550 -0.78897989
-0.10260484 41.90082550 -1.48418748
0.23021257 41.89083099 -1.52096927
0.11737566 41.89083099 -1.51791692
-0.20067541 41.89083099 -1.36249304
-0.20873146 41.89083099 -1.22488999
-0.20789306 41.89083099 -1.07708991
-0.20294233 41.89083099 -0.97278523
-0.19397089 41.89083099 -0.87686789
-0.17320010 41.89083099 -0.61500353
-0.15143315 41.89083099 -0.52463144
-0.15169731 41.89083099 -0.45033109
-0.12218244 41.89083099 -0.32467419
-0.11584938 41.89083099 -0.21020053
-0.05657651 41.89083099 -0.11700975
-0.18180312 41.89083099 -0.70724469
-0.16697705 41.89083099 -1.44868910
-0.00899835 41.89083099 -1.49662662
0.98651254 41.89083099 0.43846929
1.10106230 41.89083099 0.38438499
0.84893548 41.89083099 0.47267625
0.65431464 41.89083099 0.50088906
0.75466347 41.89083099 0.49662706
0.57367098 41.89083099 0.50775778
0.42953643 41.89083099 0.45346111
0.24987420 41.89083099 0.43395448
0.05818917 41.89083099 0.39365879
0.14023128 41.89083099 0.37758252
0.08003610 41.89083099 0.20460205
0.01707684 41.89083099 0.06647647
0.00986896 41.89083099 -0.05207350
0.33498836 41.89083099 -1.51765859
0.42118806 41.89083099 -1.52623987
0.50165236 41.89083099 -1.54231465
0.63759899 41.89083099 -1.55368793
0.74381930 41.89083099 -1.56545699
0.80815184 41.89083099 -1.56135130
0.87185860 41.89083099 -1.55453813
0.93514448 41.89083099 -1.54514623
1.09399402 41.89083099 -1.51514101
1.15637171 41.89083099 -1.52048028
1.24216068 41.89083099 -1.52433443
1.31634903 41.89083099 -1.52346230
1.41775858 41.89083099 -1.52636695
1.52313650 41.89083099 -1.52560067
1.68991435 41.89083099 -1.56011140
1.79934788 41.89083099 -1.53380573
1.97597623 41.89083099 -1.52475035
2.07372642 41.89083099 -1.48558068
2.10315347 41.89083099 -1.34063971
2.11674571 41.89083099 -1.27368379
2.08821154 41.89083099 -1.19848943
2.08043623 41.89083099 -1.08853388
2.06693292 41.89083099 -0.96355867
2.03079319 41.89083099 -0.78792810
2.02793884 41.89083099 -0.67196757
2.04452109 41.89083099 -0.55453104
2.04330039 41.89083099 -0.44123691
2.02277899 41.89083099 -0.34113246
2.03236556 41.89083099 -0.20016690
1.95647287 41.89083099 -0.08088277
1.78409517 41.89083099 0.18979941
1.86743212 41.89083099 0.08309956
1.72429764 41.89083099 0.24704857
1.53372848 41.89083099 0.36831555
1.29800177 41.89083099 0.34864020
1.39381492 41.89083099 0.36916158
0.99655724 41.89083099 -1.53327811
