0.39380693 0.04170990 -0.06135821
1.99258745 0.03171539 0.32223856
2.17255974 0.03171539 0.25189161
2.27618003 0.03171539 0.00190107
2.33670878 0.03171539 -0.10110037
2.37454391 0.03171539 -0.15427087
2.33765841 0.03171539 -0.27466461
2.35263658 0.03171539 -0.44757053
2.30062604 0.03171539 -0.57355332
2.30426574 0.03171539 -0.69109905
2.34421182 0.03171539 -0.75613135
2.35093260 0.03171539 -0.86845666
2.30912042 0.03171539 -0.93692917
2.33286929 0.03171539 -1.04289532
2.32590413 0.03171539 -1.12738323
2.34951282 0.03171539 -1.19318104
2.34380746 0.03171539 -1.28949988
2.28230762 0.03171539 -1.31535852
2.22100806 0.03171539 -1.34227347
2.12760782 0.03171539 -1.35113049
2.01054120 0.03171539 -1.36297548
1.93485451 0.03171539 -1.36634195
1.81309581 0.03171539 -1.36609483
1.70184863 0.03171539 -1.36471474
1.58463943 0.03171539 -1.36074591
1.47091830 0.03171539 -1.37205279
1.40391159 0.03171539 -1.37902784
1.30847526 0.03171539 -1.38023400
1.23967862 0.03171539 -1.37826967
1.16332376 0.03171539 -1.37346506
1.09443152 0.03171539 -1.36822438
0.99517030 0.03171539 -1.35454917
0.93216205 0.03171539 -1.36685729
0.85346490 0.03171539 -1.36658919
0.77245408 0.03171539 -1.36229110
0.69353938 0.03171539 -1.35341430
0.63322639 0.03171539 -1.34790564
0.54848641 0.03171539 -1.33997107
0.47470552 0.03171539 -1.33285344
0.37252679 0.03171539 -1.32130706
0.22074592 0.03171539 -1.18944716
0.21100171 0.03171539 -1.06109643
0.19719863 0.03171539 -0.98013949
0.18412896 0.03171539 -0.87524682
0.16135974 0.03171539 -0.78044772
0.16471776 0.03171539 -0.71386600
0.17289817 0.03171539 -0.61201203
0.17454550 0.03171539 -0.44055930
0.19333249 0.03171539 -0.36124900
0.23305719 0.03171539 -0.29500440
0.29118523 0.03171539 -0.23013715
0.33060256 0.03171539 -0.16587739
0.35695681 0.03171539 -0.11106653
0.44030556 0.03171539 -0.01428158
0.49129388 0.03171539 0.12550823
0.55209869 0.03171539 0.19669454
0.61791182 0.03171539 0.23608340
0.64397091 0.03171539 0.29531807
0.72832274 0.03171539 0.39599895
0.80958706 0.03171539 0.41950521
0.88181585 0.03171539 0.47641900
1.07329619 0.03171539 0.54410493
1.47106004 0.03171539 0.45726097
1.87793839 0.03171539 0.36114436
2.23504901 0.03171539 0.13691542
2.34558439 0.03171539 -0.38625583
0.26389769 0.03171539 -1.29859376
0.16115378 0.03171539 -0.52266043
