1.74375904 -59.76702118 0.58721417
1.81987834 -59.76702118 0.56192791
1.90219605 -59.76702118 0.51921368
2.01334310 -59.76702118 0.48952615
2.06416440 -59.76702118 0.42853147
2.14048409 -59.76702118 0.41286913
2.16016650 -59.76702118 0.34030664
2.20266676 -59.76702118 0.21120477
2.20931721 -59.76702118 0.10310277
2.22657490 -59.76702118 0.03013682
2.25739884 -59.76702118 -0.08511673
2.30768800 -59.76702118 -0.19646361
2.35792089 -59.76702118 -0.24171078
2.37974787 -59.76702118 -0.34371352
2.37167096 -59.76702118 -0.46083578
2.37343717 -59.76702118 -0.56844264
2.40161800 -59.76702118 -0.67439979
2.42378926 -59.76702118 -0.77185088
2.43614006 -59.76702118 -0.85907072
2.44323063 -59.76702118 -0.98470032
2.46578240 -59.76702118 -1.06556976
2.47969937 -59.76702118 -1.12599206
2.49239588 -59.76702118 -1.21021914
2.52758932 -59.76702118 -1.28831542
2.50652957 -59.76702118 -1.37468231
2.43805504 -59.76702118 -1.42691731
2.37579489 -59.76702118 -1.45148385
2.31369472 -59.76702118 -1.45350754
2.12709236 -59.76702118 -1.44853008
2.02677035 -59.76702118 -1.46542346
1.87522733 -59.76702118 -1.45850706
1.76700902 -59.76702118 -1.45943415
1.65384948 -59.76702118 -1.45682037
1.59377706 -59.76702118 -1.46370053
1.51647532 -59.76702118 -1.47778368
1.43721616 -59.76702118 -1.48372602
1.36098397 -59.76702118 -1.48095798
1.25885701 -59.76702118 -1.47444022
1.18726718 -59.76702118 -1.46530020
1.10694969 -59.76702118 -1.45010078
1.01921141 -59.76702118 -1.44057143
0.94138068 -59.76702118 -1.43807006
0.87099075 -59.76702118 -1.43276143
0.79473263 -59.76702118 -1.42544067
0.72505677 -59.76702118 -1.41994846
0.63487923 -59.76702118 -1.40767455
0.54184824 -59.76702118 -1.39180779
0.44122529 -59.76702118 -1.36937094
0.34632543 -59.76702118 -1.32512867
0.24132787 -59.76702118 -1.21349299
0.19075269 -59.76702118 -1.03824258
0.17034158 -59.76702118 -0.97705823
0.13857003 -59.76702118 -0.84849072
0.10667414 -59.76702118 -0.76534313
0.08602811 -59.76702118 -0.59966993
0.10158856 -59.76702118 -0.49652696
0.11767736 -59.76702118 -0.39086747
0.13661633 -59.76702118 -0.32632607
0.16678695 -59.76702118 -0.25829545
0.25055361 -59.76702118 -0.12107515
0.26991773 -59.76702118 -0.00292790
0.31871971 -59.76702118 0.09702981
0.37151033 -59.76702118 0.21573885
0.44343892 -59.76702118 0.33894300
0.50282985 -59.76702118 0.42483562
0.56364661 -59.76702118 0.48327854
0.69905257 -59.76702118 0.55201918
0.79303306 -59.76702118 0.57642257
0.87251312 -59.76702118 0.63499629
0.97688371 -59.76702118 0.64521962
1.07307613 -59.76702118 0.64261842
1.21260285 -59.76702118 0.65727162
1.32996619 -59.76702118 0.63214195
1.41650367 -59.76702118 0.63940847
1.49922860 -59.76702118 0.63939351
1.58852339 -59.76702118 0.62221771
