1.99065590 53.60057831 0.30124292
0.86753821 53.59058380 0.44288045
0.92590541 53.59058380 0.47069657
1.02599359 53.59058380 0.47498724
1.13102746 53.59058380 0.45433170
1.19287622 53.59058380 0.44935668
1.27679896 53.59058380 0.48209873
1.34438896 53.59058380 0.47628704
1.42036462 53.59058380 0.48881879
1.48655260 53.59058380 0.47945195
1.56896198 53.59058380 0.46547300
1.64135253 53.59058380 0.44718006
1.94982862 53.59058380 0.48558468
1.98393321 53.59058380 0.40300152
2.03198004 53.59058380 0.18707503
2.06083846 53.59058380 0.12098230
2.07689548 53.59058380 -0.00140289
2.10677838 53.59058380 -0.15276551
2.11799097 53.59058380 -0.22507012
2.07861304 53.59058380 -0.29652002
2.12039065 53.59058380 -0.35789695
2.17395401 53.59058380 -0.57206118
2.18936849 53.59058380 -0.70224440
2.12210751 53.59058380 -0.86892295
2.08028293 53.59058380 -0.98263896
2.07646108 53.59058380 -1.06677437
2.06579924 53.59058380 -1.22581291
2.06315827 53.59058380 -1.28777683
1.95356297 53.59058380 -1.39155126
1.90612280 53.59058380 -1.43237925
1.76247168 53.59058380 -1.45915234
1.60432291 53.59058380 -1.46262336
1.43537664 53.59058380 -1.44916058
1.32167292 53.59058380 -1.45758629
1.23830497 53.59058380 -1.45762420
1.12491989 53.59058380 -1.45641184
0.95693719 53.59058380 -1.48659599
0.84524614 53.59058380 -1.50094235
0.73575503 53.59058380 -1.50775814
0.62583786 53.59058380 -1.51423752
0.51157129 53.59058380 -1.49774301
0.39261025 53.59058380 -1.48023522
0.28089595 53.59058380 -1.46914995
0.19061530 53.59058380 -1.43519473
0.10730236 53.59058380 -1.39721262
0.06347485 53.59058380 -1.26012778
0.00429707 53.59058380 -1.16195047
-0.05805296 53.59058380 -1.06946731
-0.08130582 53.59058380 -0.95995396
-0.17936164 53.59058380 -0.82975185
-0.23491313 53.59058380 -0.79420668
-0.14920503 53.59058380 -0.60924131
-0.09171110 53.59058380 -0.50542265
-0.03049385 53.59058380 -0.40497625
0.00066721 53.59058380 -0.35135719
0.01122036 53.59058380 -0.26450029
0.02664270 53.59058380 -0.16946876
0.04353976 53.59058380 -0.10916936
0.06121908 53.59058380 -0.03201193
0.11156505 53.59058380 0.04926591
0.05844390 53.59058380 0.18627511
0.08129637 53.59058380 0.32074109
0.08190316 53.59058380 0.44192317
0.15520309 53.59058380 0.48687071
0.22761047 53.59058380 0.48181692
0.32881215 53.59058380 0.52179140
0.46693641 53.59058380 0.50785953
0.57662380 53.59058380 0.51100725
0.65127999 53.59058380 0.49658936
0.72075987 53.59058380 0.49218065
0.79932767 53.59058380 0.42265454
1.73210299 53.59058380 0.43661267
2.02000308 53.59058380 0.24872014
2.09803772 53.59058380 -0.07921577
2.16610861 53.59058380 -0.51020378
2.16777849 53.59058380 -0.82488853
2.01490140 53.59058380 -1.37960017
-0.24869238 53.59058380 -0.72944129
