1.25329340 -14.77797699 -1.42264974
2.31187201 -14.77797699 -1.37271678
1.34930861 -14.78797150 -1.42409813
1.19290280 -14.78797150 -1.41569555
0.99144197 -14.78797150 -1.43059862
0.86652553 -14.78797150 -1.42979991
0.75352812 -14.78797150 -1.42858577
0.59547484 -14.78797150 -1.41533458
0.42134446 -14.78797150 -1.42525470
0.22591878 -14.78797150 -1.42771780
0.14449579 -14.78797150 -1.35779965
0.09533606 -14.78797150 -1.30494499
-0.04676813 -14.78797150 -1.06366253
-0.00591325 -14.78797150 -0.88183403
0.03491588 -14.78797150 -0.72216350
0.09726878 -14.78797150 -0.48177874
0.09782483 -14.78797150 -0.41813365
0.10341741 -14.78797150 -0.31695488
0.13077720 -14.78797150 -0.19354264
0.16438553 -14.78797150 -0.08885853
0.23876445 -14.78797150 0.01712417
0.29598284 -14.78797150 0.11755043
0.39773926 -14.78797150 0.24195729
0.44173464 -14.78797150 0.35659134
0.48058444 -14.78797150 0.44462064
0.54915434 -14.78797150 0.52519453
0.79009116 -14.78797150 0.49867848
0.88467687 -14.78797150 0.51034325
0.98148257 -14.78797150 0.54991841
1.06943893 -14.78797150 0.56565106
1.16888630 -14.78797150 0.62391889
1.28192353 -14.78797150 0.59642822
1.35151613 -14.78797150 0.67129070
1.43334091 -14.78797150 0.62785989
1.52318203 -14.78797150 0.63778871
1.60415208 -14.78797150 0.55036694
1.85460937 -14.78797150 0.51980627
2.05143762 -14.78797150 0.48607969
2.33491254 -14.78797150 0.38814905
2.39759731 -14.78797150 0.34361038
2.43499947 -14.78797150 0.27015567
2.45466638 -14.78797150 0.18921730
2.46056652 -14.78797150 0.11227092
2.51272464 -14.78797150 -0.04258347
2.54104447 -14.78797150 -0.15327422
2.57030892 -14.78797150 -0.24585383
2.60572672 -14.78797150 -0.38711601
2.62295079 -14.78797150 -0.50007588
2.65477943 -14.78797150 -0.63238353
2.68845892 -14.78797150 -0.71570843
2.68496108 -14.78797150 -0.78545815
2.67765570 -14.78797150 -0.90642655
2.67355800 -14.78797150 -1.02747416
2.62932634 -14.78797150 -1.10985959
2.53452516 -14.78797150 -1.20486259
2.41543961 -14.78797150 -1.34746635
2.24943662 -14.78797150 -1.39153457
2.10482931 -14.78797150 -1.40600944
1.99468732 -14.78797150 -1.41071379
1.88373363 -14.78797150 -1.41180694
1.76499772 -14.78797150 -1.41684031
1.63767099 -14.78797150 -1.41227138
1.48279142 -14.78797150 -1.42405784
-0.04175088 -14.78797150 -1.15032029
