1.20110285 -29.08766937 0.64477330
1.26071179 -29.08766937 0.65205294
1.13791347 -29.08766937 0.62522668
1.07753706 -29.08766937 0.59229428
0.93509889 -29.08766937 0.52709198
0.99611181 -29.08766937 0.55158222
0.81142950 -29.08766937 0.53274351
0.75130850 -29.08766937 0.52634782
0.64368469 -29.08766937 0.43072486
0.59839803 -29.08766937 0.34445980
0.53420264 -29.08766937 0.25401843
0.48623189 -29.08766937 0.16859467
0.44354147 -29.08766937 0.07452390
0.40868869 -29.08766937 -0.02955960
0.38052273 -29.08766937 -0.17034963
0.30998582 -29.08766937 -0.33368391
0.28478941 -29.08766937 -0.44510910
0.24498338 -29.08766937 -0.63679355
0.26063308 -29.08766937 -0.56369871
0.20601442 -29.08766937 -0.77608305
0.22080354 -29.08766937 -0.69888192
0.19354534 -29.08766937 -0.85831857
0.15277383 -29.08766937 -0.97002703
0.13031097 -29.08766937 -1.18091547
0.13755529 -29.08766937 -1.04145467
0.14392796 -29.08766937 -1.24688971
0.22245659 -29.08766937 -1.34696531
0.36019608 -29.08766937 -1.45263207
0.30456883 -29.08766937 -1.42259634
0.49259517 -29.08766937 -1.46065867
0.68612993 -29.08766937 -1.43231928
0.57915169 -29.08766937 -1.44993758
0.84573001 -29.08766937 -1.43256295
0.76185763 -29.08766937 -1.42867053
0.97901016 -29.08766937 -1.42987323
0.90808427 -29.08766937 -1.43233418
1.11960101 -29.08766937 -1.41895866
1.04933870 -29.08766937 -1.42720604
1.19417846 -29.08766937 -1.42042279
1.32578969 -29.08766937 -1.42137623
1.26015329 -29.08766937 -1.42329931
1.42693985 -29.08766937 -1.41677368
1.50944293 -29.08766937 -1.41415703
1.62714565 -29.08766937 -1.41171074
1.76337016 -29.08766937 -1.41676247
1.68928325 -29.08766937 -1.40864527
1.87558651 -29.08766937 -1.42036283
1.97107875 -29.08766937 -1.41528451
2.08375549 -29.08766937 -1.40829718
2.21409297 -29.08766937 -1.42740631
2.15286398 -29.08766937 -1.42453814
2.36506677 -29.08766937 -1.44783890
2.27930784 -29.08766937 -1.43052328
2.44137049 -29.08766937 -1.45374715
2.55245709 -29.08766937 -1.41266227
2.59151626 -29.08766937 -1.31777763
2.60234904 -29.08766937 -1.12051988
2.60349464 -29.08766937 -1.19029665
2.61072206 -29.08766937 -1.05055022
2.64915538 -29.08766937 -0.86016327
2.61361074 -29.08766937 -0.93046594
2.65631056 -29.08766937 -0.78700125
2.67137027 -29.08766937 -0.72720724
2.68902612 -29.08766937 -0.63373548
2.70341086 -29.08766937 -0.45529515
2.70014334 -29.08766937 -0.53898370
2.71619248 -29.08766937 -0.35632795
2.72626424 -29.08766937 -0.26110107
2.72402263 -29.08766937 -0.15797012
2.68668604 -29.08766937 0.00783812
2.70090365 -29.08766937 -0.05995380
2.66721463 -29.08766937 0.15058774
2.68643379 -29.08766937 0.27793953
2.67531228 -29.08766937 0.40470105
2.67186260 -29.08766937 0.54513001
2.63676691 -29.08766937 0.60620606
2.48635650 -29.08766937 0.62052399
2.54977059 -29.08766937 0.61918420
2.39598441 -29.08766937 0.66383362
2.18933296 -29.08766937 0.63749778
2.10179067 -29.08766937 0.61616975
1.99141943 -29.08766937 0.59975111
1.89411032 -29.08766937 0.59968662
1.74062443 -29.08766937 0.61189014
1.80164695 -29.08766937 0.59858936
1.65052998 -29.08766937 0.62919360
1.56963778 -29.08766937 0.64368665
1.48992896 -29.08766937 0.66086084
1.40446961 -29.08766937 0.65952390
1.32543969 -29.08766937 0.66173738
0.66075283 -29.08766937 0.51391405
0.39579594 -29.08766937 -0.10122579
2.27281523 -29.08766937 0.66479981
