0.30780479 31.24105072 -1.31289601
2.12946057 31.24105072 -1.44090259
1.57102108 31.23105621 0.51243091
1.48304856 31.23105621 0.50276572
1.35703874 31.23105621 0.53643930
1.26421738 31.23105621 0.54596829
1.14670753 31.23105621 0.55379945
1.03448296 31.23105621 0.54215443
0.89971697 31.23105621 0.53065544
0.74836433 31.23105621 0.52826977
0.82371676 31.23105621 0.52879286
0.62928987 31.23105621 0.51325989
0.53887087 31.23105621 0.48689583
0.52581066 31.23105621 0.35754421
0.52532178 31.23105621 0.42431405
0.52056229 31.23105621 0.22671476
0.49987742 31.23105621 0.09283607
0.51585472 31.23105621 0.15879917
0.49256891 31.23105621 -0.00154670
0.45140868 31.23105621 -0.19436286
0.46959320 31.23105621 -0.10899436
0.41758040 31.23105621 -0.33725300
0.40718162 31.23105621 -0.43266541
0.40549839 31.23105621 -0.57495964
0.40465486 31.23105621 -0.50763148
0.38736030 31.23105621 -0.65492088
0.34377053 31.23105621 -0.80517024
0.34879762 31.23105621 -0.87561691
0.26710010 31.23105621 -1.10551739
0.31345505 31.23105621 -0.93371212
0.29129258 31.23105621 -1.38045764
0.36892435 31.23105621 -1.40522707
0.49390483 31.23105621 -1.42458081
0.68852460 31.23105621 -1.44069624
0.86144757 31.23105621 -1.44966424
1.00307178 31.23105621 -1.44969702
1.15816438 31.23105621 -1.44284463
1.27751291 31.23105621 -1.44248009
1.40740955 31.23105621 -1.44513810
1.57451832 31.23105621 -1.45315170
1.66135550 31.23105621 -1.46573985
1.72272170 31.23105621 -1.46354795
1.89490438 31.23105621 -1.46401453
1.97840035 31.23105621 -1.46130514
2.06946731 31.23105621 -1.45253849
2.20480156 31.23105621 -1.42589724
2.32255030 31.23105621 -1.40440083
2.41802096 31.23105621 -1.22198462
2.41820526 31.23105621 -1.14036310
2.40636706 31.23105621 -0.99110454
2.41635609 31.23105621 -0.88114822
2.43285537 31.23105621 -0.79885679
2.45385861 31.23105621 -0.72314757
2.47004604 31.23105621 -0.65398175
2.50315452 31.23105621 -0.55386811
2.52911878 31.23105621 -0.46914375
2.53786635 31.23105621 -0.39122999
2.54541039 31.23105621 -0.25746679
2.58802223 31.23105621 -0.18257779
2.59667110 31.23105621 -0.10944531
2.60436749 31.23105621 -0.02845336
2.59576654 31.23105621 0.03581516
2.58310843 31.23105621 0.10746974
2.54935265 31.23105621 0.16748214
2.48350835 31.23105621 0.25697890
2.44487286 31.23105621 0.31323868
2.31177568 31.23105621 0.43327692
2.20551586 31.23105621 0.42237034
2.07974100 31.23105621 0.47541556
1.98671317 31.23105621 0.49543685
1.90822697 31.23105621 0.49315709
1.83711445 31.23105621 0.46082145
1.75877142 31.23105621 0.45689562
1.66005111 31.23105621 0.47778732
