2.22920299 -28.04769135 0.38281986
2.26927567 -28.04769135 0.30137718
2.33770370 -28.04769135 0.16083750
2.43523645 -28.04769135 0.06120103
2.55513883 -28.04769135 -0.13544032
2.62135625 -28.04769135 -0.28454232
2.66379118 -28.04769135 -0.34155443
2.72211146 -28.04769135 -0.43955305
2.73937821 -28.04769135 -0.51297385
2.72900987 -28.04769135 -0.60308933
2.70678186 -28.04769135 -0.68414158
2.67187691 -28.04769135 -0.78748393
2.63045859 -28.04769135 -0.90920758
2.58587122 -28.04769135 -1.04617202
2.56347013 -28.04769135 -1.11713970
2.51450920 -28.04769135 -1.23024392
2.48620725 -28.04769135 -1.35023952
2.40183282 -28.04769135 -1.44821703
2.26210594 -28.04769135 -1.46066856
2.16390347 -28.04769135 -1.45432782
2.04685879 -28.04769135 -1.45887876
1.95937347 -28.04769135 -1.46433258
1.86905992 -28.04769135 -1.47343063
1.77885962 -28.04769135 -1.47829080
1.61834598 -28.04769135 -1.44672680
1.51162601 -28.04769135 -1.45236266
1.45045543 -28.04769135 -1.45302510
1.37738121 -28.04769135 -1.45171821
1.31268525 -28.04769135 -1.44954765
1.24412000 -28.04769135 -1.44032800
1.15668333 -28.04769135 -1.43012941
1.05788898 -28.04769135 -1.44113648
0.96184766 -28.04769135 -1.44052267
0.84570736 -28.04769135 -1.44433165
0.72072530 -28.04769135 -1.43764257
0.57587576 -28.04769135 -1.43455648
0.44383076 -28.04769135 -1.39910066
0.35998076 -28.04769135 -1.33670580
0.29538950 -28.04769135 -1.24865890
0.25629407 -28.04769135 -1.16238654
0.25605053 -28.04769135 -1.10109103
0.32129094 -28.04769135 -0.96964246
0.33511639 -28.04769135 -0.84339225
0.33425513 -28.04769135 -0.65210843
0.32998297 -28.04769135 -0.55185205
0.33574349 -28.04769135 -0.34070390
0.31807181 -28.04769135 -0.21438439
0.31563562 -28.04769135 -0.09013705
0.28919455 -28.04769135 0.06057261
0.27879518 -28.04769135 0.22248788
0.28312337 -28.04769135 0.28310147
0.40457946 -28.04769135 0.43609115
0.46858588 -28.04769135 0.53198993
0.54707122 -28.04769135 0.53904063
0.72549462 -28.04769135 0.53213161
0.83974409 -28.04769135 0.59412605
1.01915717 -28.04769135 0.58041102
1.18657303 -28.04769135 0.61755329
1.29589522 -28.04769135 0.66267359
1.40476060 -28.04769135 0.70984387
1.46819866 -28.04769135 0.70340437
1.55307567 -28.04769135 0.63959420
1.71781492 -28.04769135 0.66729444
1.88704574 -28.04769135 0.68529910
1.99824202 -28.04769135 0.65742230
2.05121160 -28.04769135 0.59399849
2.19331431 -28.04769135 0.46913707
2.50925779 -28.04769135 -0.03606390
