0.67897838 -9.05809784 -1.37808847
0.65521282 -9.05809784 0.36056864
1.68076372 -9.05809784 0.40850097
1.43675232 -9.06809235 0.49880305
1.52344823 -9.06809235 0.47548562
1.61565614 -9.06809235 0.43773523
1.80434608 -9.06809235 0.35701439
1.87542486 -9.06809235 0.34687397
1.93945301 -9.06809235 0.31069633
2.16470194 -9.06809235 0.20370397
2.28941989 -9.06809235 0.10738007
2.36285257 -9.06809235 0.03917080
2.43445110 -9.06809235 -0.12863950
2.46427393 -9.06809235 -0.19008571
2.54436541 -9.06809235 -0.33579919
2.52536297 -9.06809235 -0.39665779
2.54125452 -9.06809235 -0.61237121
2.52422190 -9.06809235 -0.68393433
2.46229291 -9.06809235 -0.85692698
2.46464086 -9.06809235 -0.94687480
2.44628906 -9.06809235 -1.03827441
2.39381123 -9.06809235 -1.17040908
2.40234566 -9.06809235 -1.30492795
2.32140064 -9.06809235 -1.34290731
2.16734099 -9.06809235 -1.38814640
2.07346225 -9.06809235 -1.40956914
1.98564494 -9.06809235 -1.42112446
1.87803805 -9.06809235 -1.42487466
1.81223118 -9.06809235 -1.42446578
1.69632673 -9.06809235 -1.42837965
1.59605479 -9.06809235 -1.42850399
1.50710118 -9.06809235 -1.39077926
1.43996263 -9.06809235 -1.40174842
1.36201346 -9.06809235 -1.40309834
1.29565048 -9.06809235 -1.39832699
1.22346675 -9.06809235 -1.39853680
1.14773810 -9.06809235 -1.39117396
1.08696663 -9.06809235 -1.38069713
1.00824523 -9.06809235 -1.38495874
0.93870687 -9.06809235 -1.38789713
0.85353100 -9.06809235 -1.38676333
0.75053692 -9.06809235 -1.37844181
0.61703318 -9.06809235 -1.37391675
0.53546894 -9.06809235 -1.36223412
0.44717881 -9.06809235 -1.35861003
0.21967109 -9.06809235 -1.24651539
0.18944693 -9.06809235 -1.16282165
0.15732250 -9.06809235 -1.09400964
0.17844951 -9.06809235 -1.00229037
0.19138971 -9.06809235 -0.93975258
0.18599817 -9.06809235 -0.87457454
0.23431955 -9.06809235 -0.76746422
0.27604911 -9.06809235 -0.71318412
0.26841515 -9.06809235 -0.65139735
0.28442281 -9.06809235 -0.56602865
0.30349070 -9.06809235 -0.50023764
0.31895077 -9.06809235 -0.42717576
0.33675870 -9.06809235 -0.33371735
0.36527568 -9.06809235 -0.27235705
0.41592237 -9.06809235 -0.17510600
0.46550781 -9.06809235 0.01334311
0.47422493 -9.06809235 0.10135677
0.52772135 -9.06809235 0.19062337
0.59439778 -9.06809235 0.19891125
0.60027134 -9.06809235 0.33279729
0.73875034 -9.06809235 0.33019662
0.84031063 -9.06809235 0.34761351
0.90764642 -9.06809235 0.37204763
0.97912431 -9.06809235 0.43146431
1.07581234 -9.06809235 0.46937814
1.19099700 -9.06809235 0.49188760
2.06038117 -9.06809235 0.25410059
0.29387975 -9.06809235 -1.33454227
0.44294053 -9.06809235 -0.11307988
