0.22272865 -3.07822418 -1.03721702
0.33658993 -3.07822418 -0.21664858
0.40161854 -3.07822418 0.14034131
2.18400049 -3.07822418 -0.72709960
2.02710342 -3.07822418 -0.09568058
2.32231927 -3.08821869 -1.18683529
2.22411275 -3.08821869 -1.33727574
2.00324607 -3.08821869 -1.34974372
1.86121631 -3.08821869 -1.36247587
1.72500265 -3.08821869 -1.36156070
1.55562687 -3.08821869 -1.34267795
1.49173772 -3.08821869 -1.36124003
1.36737370 -3.08821869 -1.36981857
1.28629351 -3.08821869 -1.36620808
1.21055412 -3.08821869 -1.37319219
1.13089359 -3.08821869 -1.36558616
1.06701779 -3.08821869 -1.36406505
0.97835809 -3.08821869 -1.36882687
0.91635722 -3.08821869 -1.37634242
0.83034188 -3.08821869 -1.37726295
0.76678985 -3.08821869 -1.35878778
0.70554870 -3.08821869 -1.35120869
0.51870269 -3.08821869 -1.28642261
0.36013970 -3.08821869 -1.25322843
0.28088751 -3.08821869 -1.21277249
0.24106833 -3.08821869 -1.10839307
0.20133489 -3.08821869 -0.96287155
0.23207928 -3.08821869 -0.84903616
0.26696458 -3.08821869 -0.69310206
0.30921748 -3.08821869 -0.54906046
0.27496013 -3.08821869 -0.42167118
0.35319355 -3.08821869 -0.14084101
0.35067651 -3.08821869 0.02800230
0.36684045 -3.08821869 0.08928979
0.47154987 -3.08821869 0.24069655
2.32098126 -3.08821869 -1.28955448
1.64025426 -3.08821869 -1.35605538
1.43011463 -3.08821869 -1.36650848
0.58352900 -3.08821869 -1.29999006
0.23466520 -3.08821869 -0.77589530
0.29533610 -3.08821869 -0.32722440
0.50876909 -3.08821869 0.29448730
2.11767483 -3.08821869 -0.49237323
0.73498011 -3.08821869 0.45324716
0.96703005 -3.08821869 0.65359354
1.05946839 -3.08821869 0.67460150
1.13924396 -3.08821869 0.69235498
1.28155136 -3.08821869 0.67587274
1.47488880 -3.08821869 0.67406976
1.65610492 -3.08821869 0.54766566
1.82435596 -3.08821869 0.52836078
1.88893914 -3.08821869 0.42815477
1.86776102 -3.08821869 0.48554862
