0.70629245 -5.15818024 0.59510982
0.35148612 -5.15818024 0.42626312
0.16143088 -5.15818024 0.14262593
0.12060551 -5.15818024 -0.02775420
-0.09844784 -5.15818024 -0.57271570
-0.22763829 -5.15818024 -1.24191439
2.04417849 -5.15818024 -1.30576849
1.15082037 -5.15818024 0.75781482
1.00449848 -5.15818024 0.72658789
0.78911978 -5.16817474 0.67074847
0.64776522 -5.16817474 0.55624968
0.54019541 -5.16817474 0.51807642
0.41783950 -5.16817474 0.47872928
0.29785699 -5.16817474 0.39324206
0.21238095 -5.16817474 0.31252256
0.20618826 -5.16817474 0.24812193
0.13698961 -5.16817474 0.08099764
0.07814055 -5.16817474 -0.13903594
0.11481337 -5.16817474 -0.08758774
0.01593168 -5.16817474 -0.29419404
-0.03931894 -5.16817474 -0.37347507
-0.08764625 -5.16817474 -0.51342386
-0.11458334 -5.16817474 -0.63381046
-0.19434051 -5.16817474 -0.80115920
-0.14950360 -5.16817474 -0.72131991
-0.26671979 -5.16817474 -1.06845927
-0.23866831 -5.16817474 -0.98068112
-0.29590565 -5.16817474 -1.19582164
-0.17478846 -5.16817474 -1.27526021
-0.11378509 -5.16817474 -1.29877627
0.05621387 -5.16817474 -1.32821405
-0.00461240 -5.16817474 -1.32167482
0.16713171 -5.16817474 -1.33309543
0.52003080 -5.16817474 -1.32162344
0.42552784 -5.16817474 -1.33266699
0.59223938 -5.16817474 -1.33968401
0.70257795 -5.16817474 -1.33432305
0.95941985 -5.16817474 -1.32041085
1.12805426 -5.16817474 -1.31347501
1.20062482 -5.16817474 -1.30954993
1.33601272 -5.16817474 -1.30473042
1.46268320 -5.16817474 -1.29987431
1.59084928 -5.16817474 -1.29460871
1.77734649 -5.16817474 -1.28929579
1.94016314 -5.16817474 -1.28437936
2.25356960 -5.16817474 -1.00391340
2.26801729 -5.16817474 -0.86967975
2.24673963 -5.16817474 -0.77785331
1.60740185 -5.16817474 0.55569595
1.51263452 -5.16817474 0.57794541
1.39705408 -5.16817474 0.62572998
1.31112599 -5.16817474 0.69708574
1.20950556 -5.16817474 0.74207532
1.08757460 -5.16817474 0.75574762
0.89927536 -5.16817474 0.70211941
-0.23684010 -5.16817474 -0.89551580
0.33801660 -5.16817474 -1.32211089
0.86830020 -5.16817474 -1.32528687
1.04982030 -5.16817474 -1.31576097
1.70502675 -5.16817474 -1.29081678
2.12961507 -5.16817474 -1.31225204
2.18243337 -5.16817474 -1.28009391
2.22421956 -5.16817474 -1.09905136
1.72650218 -5.16817474 0.50976527
2.25793242 -5.16817474 -0.62994856
2.24840498 -5.16817474 -0.48341691
2.21336269 -5.16817474 -0.23215775
2.24998879 -5.16817474 -0.36447459
2.21669173 -5.16817474 -0.12473818
2.12619638 -5.16817474 0.03756445
1.96273136 -5.16817474 0.28736734
2.07673693 -5.16817474 0.15308625
1.90661716 -5.16817474 0.35925081
1.86253881 -5.16817474 0.46461639
